Hora_decimal,P_3f,Q_3f
0.0,2.7929999999999997,0.563
0.25,2.89,0.663
0.5,2.861,0.6299999999999999
0.75,2.678,0.43299999999999994
1.0,2.6370000000000005,0.396
1.25,2.878,0.647
1.5,2.682,0.407
1.75,2.617,0.30989999999999995
2.0,2.8789999999999996,0.614
2.25,2.675,0.4
2.5,2.551,0.27379999999999993
2.75,2.625,0.275
3.0,2.844,0.49600000000000005
3.25,2.76,0.456
3.5,2.8310000000000004,0.5840000000000001
3.75,2.891,0.718
4.0,2.6670000000000003,0.449
4.25,2.79,0.5599999999999999
4.5,2.7800000000000002,0.5700000000000001
4.75,0.0,0.0
5.0,0.0,0.0
5.25,2.6849999999999996,0.385
5.5,0.0,0.0
5.75,0.0,0.0
6.0,0.0,0.0
6.25,2.78,0.54
6.5,2.625,0.36100000000000004
6.75,2.762,0.44499999999999995
7.0,2.8899999999999997,0.6
7.25,2.782,0.4620000000000001
7.5,2.657,0.314
7.75,2.63,0.31
8.0,2.6740000000000004,0.29900000000000004
8.25,2.6550000000000002,0.305
8.5,2.755,0.4179999999999999
8.75,2.738,0.3918
9.0,2.855,0.5329999999999999
9.25,2.957,0.5800000000000001
9.5,2.6380000000000003,0.264
9.75,2.825,0.41700000000000004
10.0,2.91,0.565
10.25,2.735,0.379
10.5,2.699,0.38549999999999995
10.75,2.929,0.555
11.0,2.707,0.24699999999999997
11.25,2.7079999999999997,0.2931
11.5,2.7749999999999995,0.358
11.75,2.6919999999999997,0.246
12.0,2.754,0.339
12.25,2.8840000000000003,0.509
12.5,2.8070000000000004,0.395
12.75,2.821,0.44600000000000006
13.0,2.8810000000000002,0.524
13.25,2.8610000000000007,0.489
13.5,2.679,0.253
13.75,2.738,0.32899999999999996
14.0,2.726,0.32799999999999996
14.25,2.7039999999999997,0.403
14.5,2.673,0.329
14.75,2.593,0.2822
15.0,2.718,0.42999999999999994
15.25,2.931,0.5539999999999999
15.5,2.588,0.16699999999999998
15.75,2.8209999999999997,0.44600000000000006
16.0,2.859,0.511
16.25,2.71,0.328
16.5,2.8160000000000003,0.42000000000000004
16.75,2.808,0.41000000000000003
17.0,2.641,0.23400000000000004
17.25,2.75,0.31700000000000006
17.5,2.585,0.2523
17.75,2.87,0.268
18.0,4.88,0.964
18.25,4.433,0.7461
18.5,4.417,0.7350000000000001
18.75,4.46,0.906
19.0,4.171,0.605
19.25,4.242,0.6423
19.5,4.469,0.89089
19.75,4.289000000000001,0.776
20.0,4.484,0.56267
20.25,4.886,0.551
20.5,4.747,0.339
20.75,5.154,0.481
21.0,4.852,0.5373300000000001
21.25,4.685,0.42
21.5,4.983,0.8456
21.75,4.934000000000001,0.7929999999999999
22.0,4.811,0.648
22.25,4.951,0.8636
22.5,4.887999999999999,0.8596699999999999
22.75,4.552,0.528
23.0,4.721,0.698
23.25,4.71,0.6922999999999999
23.5,4.7700000000000005,0.715
23.75,4.764,0.7834000000000001
24.0,4.691,0.717
24.25,4.554,0.596
24.5,4.679,0.7450000000000001
24.75,4.561,0.607
25.0,4.561999999999999,0.7243999999999999
25.25,4.834,1.0150000000000001
25.5,4.552,0.6990000000000001
25.75,4.601,0.7523
26.0,4.628,0.7889999999999999
26.25,4.424,0.563
26.5,4.397,0.487
26.75,4.574,0.658
27.0,4.493,0.632
27.25,4.489,0.612
27.5,4.581,0.686
27.75,4.42,0.534
28.0,4.522,0.668
28.25,4.53,0.64
28.5,4.582,0.7483299999999999
28.75,4.863,1.0907
29.0,4.553,0.738
29.25,4.358,0.57
29.5,3.9909999999999997,0.714
29.75,2.432,0.455
30.0,1.9629999999999999,0.34400000000000003
30.25,2.411,0.907
30.5,2.106,0.6100000000000001
30.75,12.24,-1.2089
31.0,24.740000000000002,-2.9800000000000004
31.25,29.879999999999995,-3.5
31.5,35.4,-3.4
31.75,37.8,-2.9600000000000004
32.0,36.8,-3.08
32.25,40.2,-3.0999999999999996
32.5,48.3,-1.0059999999999998
32.75,50.099999999999994,-1.0020000000000002
33.0,50.800000000000004,-1.0020000000000002
33.25,49.99999999999999,-1.1230000000000002
33.5,48.5,-0.937
33.75,40.9,0.031000000000000028
34.0,42.3,0.07800000000000007
34.25,42.2,-0.17900000000000005
34.5,43.4,0.17799999999999994
34.75,43.8,0.29500000000000004
35.0,43.7,0.1050000000000001
35.25,44.599999999999994,0.418
35.5,44.1,0.502
35.75,44.2,0.7300000000000001
36.0,45.0,0.6390000000000001
36.25,44.1,0.2889999999999999
36.5,44.7,0.33999999999999997
36.75,43.34,0.21099999999999985
37.0,31.75,1.7770000000000001
37.25,26.59,2.01
37.5,20.05,1.999
37.75,19.17,1.762
38.0,13.15,1.538
38.25,12.77,1.5750000000000002
38.5,13.01,1.928
38.75,15.649999999999999,1.185
39.0,15.86,1.41
39.25,14.77,1.3780000000000001
39.5,14.420000000000002,1.016
39.75,14.399999999999999,1.029
40.0,14.52,1.178
40.25,13.05,1.0190000000000001
40.5,12.36,0.99
40.75,9.89,1.925
41.0,9.04,2.0309999999999997
41.25,9.079999999999998,2.048
41.5,8.78,2.04
41.75,4.76,1.161
42.0,2.8,0.5640000000000001
42.25,2.888,0.406
42.5,4.682,0.6612
42.75,5.0649999999999995,0.8828
43.0,4.696,0.512
43.25,4.574,0.511
43.5,4.765,0.7454000000000001
43.75,4.737,0.7253000000000001
44.0,4.644,0.583
44.25,4.566999999999999,0.5044200000000001
44.5,4.47,0.3785
44.75,5.257,0.4736
45.0,4.672,0.5242
45.25,4.607,0.6152
45.5,4.763000000000001,0.8471
45.75,4.6850000000000005,0.752
46.0,4.711,0.79
46.25,4.8629999999999995,0.9218
46.5,4.735,0.7725
46.75,4.531000000000001,0.5598
47.0,4.6819999999999995,0.7269000000000001
47.25,4.551,0.6
47.5,4.571,0.5966
47.75,4.802,0.8520000000000001
48.0,4.5809999999999995,0.582
48.25,4.5569999999999995,0.585
48.5,4.6770000000000005,0.7709999999999999
48.75,4.56,0.566769
49.0,4.663,0.6341
49.25,4.938000000000001,1.0937000000000001
49.5,4.576,0.882
49.75,2.979,0.654
50.0,2.776,0.389
50.25,2.7230000000000003,0.32899999999999996
50.5,2.879,0.5229999999999999
50.75,2.851,0.45099999999999996
51.0,2.701,0.20443
51.25,2.887,0.45100000000000007
51.5,2.715,0.267
51.75,2.6290000000000004,0.17999999999999997
52.0,2.851,0.423
52.25,2.769,0.322
52.5,2.869,0.49500000000000005
52.75,2.964,0.587
53.0,2.799,0.383
53.25,2.6620000000000004,0.256
53.5,2.7169999999999996,0.46199999999999997
53.75,2.62,0.3649
54.0,2.388,0.7070000000000001
54.25,2.1239999999999997,0.702
54.5,5.03,0.8190000000000001
54.75,13.44,2.057
55.0,16.66,1.924
55.25,17.89,1.729
55.5,34.39,2.69
55.75,36.21,3.04
56.0,36.66,2.83
56.25,38.15,2.91
56.5,41.04,2.02
56.75,41.25,1.9900000000000002
57.0,41.65,1.635
57.25,40.83,1.9800000000000002
57.5,41.81,2.0700000000000003
57.75,47.8,2.5700000000000003
58.0,48.5,2.8899999999999997
58.25,49.0,3.0
58.5,50.2,2.7800000000000002
58.75,50.7,3.02
59.0,50.8,2.7800000000000002
59.25,50.900000000000006,2.8600000000000003
59.5,50.400000000000006,3.07
59.75,51.2,2.94
60.0,49.3,2.8
60.25,49.0,2.1729999999999996
60.5,45.5,3.52
60.75,27.720000000000002,2.54
61.0,23.869999999999997,2.83
61.25,20.14,1.885
61.5,19.41,2.68
61.75,19.18,2.84
62.0,19.07,2.7199999999999998
62.25,17.9,2.98
62.5,17.44,2.92
62.75,16.29,2.078
63.0,16.93,2.58
63.25,15.399999999999999,2.35
63.5,15.24,2.7199999999999998
63.75,15.11,2.67
64.0,14.740000000000002,2.59
64.25,12.43,1.684
64.5,10.95,2.433
64.75,10.879999999999999,2.8200000000000003
65.0,10.719999999999999,2.6199999999999997
65.25,10.760000000000002,2.57
65.5,9.77,2.2300000000000004
65.75,2.594,0.277
66.0,2.5940000000000003,0.274
66.25,2.628,0.306
66.5,3.298,0.22099999999999997
66.75,4.958,-0.15899999999999992
67.0,4.800000000000001,-0.29900000000000004
67.25,4.804,-0.3282
67.5,4.929,-0.265
67.75,5.208,-0.304
68.0,5.404999999999999,-0.064
68.25,5.375,-0.21400000000000008
68.5,5.152,-0.4651
68.75,4.825,0.22999999999999998
69.0,3.187,0.09699999999999998
69.25,3.2880000000000003,0.21800000000000003
69.5,3.2720000000000002,0.29
69.75,3.227,0.24369999999999997
70.0,3.2119999999999997,0.201
70.25,2.991,-0.06400000000000006
70.5,3.0949999999999998,0.06
70.75,3.2809999999999997,0.28500000000000003
71.0,3.053,0.014999999999999958
71.25,3.461,0.497
71.5,3.301,0.33199999999999996
71.75,3.148,0.13069999999999998
72.0,3.274,0.184
72.25,3.204,0.16599999999999998
72.5,3.309,0.339
72.75,3.1839999999999997,0.18069999999999997
73.0,3.2110000000000003,0.23759999999999998
73.25,3.288,0.29700000000000004
73.5,3.1229999999999998,0.10899999999999999
73.75,3.198,0.205
74.0,3.17,0.16600000000000004
74.25,3.2569999999999997,0.28200000000000003
74.5,3.375,0.432
74.75,3.1849999999999996,0.22499999999999995
75.0,3.29,0.33999999999999997
75.25,3.3850000000000002,0.48899999999999993
75.5,3.1310000000000002,0.1578
75.75,3.208,0.21999999999999997
76.0,3.192,0.22599999999999998
76.25,3.115,0.127
76.5,3.197,0.21799999999999997
76.75,3.2030000000000003,0.26299999999999996
77.0,3.2960000000000003,0.37900000000000006
77.25,3.275,0.32199999999999995
77.5,3.213,0.25999999999999995
77.75,3.3030000000000004,0.446
78.0,3.124,0.1285
78.25,2.887,0.13929999999999998
78.5,2.212,0.535
78.75,2.7319999999999998,0.2656
79.0,3.468,0.279
79.25,3.3419999999999996,0.10700000000000004
79.5,3.93,0.3194
79.75,4.032,0.74
80.0,3.524,0.31799999999999995
80.25,3.4539999999999997,0.243
80.5,3.59,0.371
80.75,3.415,0.22199999999999998
81.0,3.5940000000000003,0.33100000000000007
81.25,3.5309999999999997,0.2895
81.5,3.513,0.26600000000000007
81.75,3.998,0.35799999999999993
82.0,3.4110000000000005,0.21510000000000007
82.25,3.257,-0.0025000000000000577
82.5,3.508,0.311
82.75,3.655,0.521
83.0,3.561,0.43600000000000005
83.25,3.3979999999999997,0.20600000000000002
83.5,3.457,0.244
83.75,3.8680000000000003,0.446
84.0,3.606,0.17100000000000004
84.25,3.6399999999999997,0.42600000000000005
84.5,3.6189999999999998,0.393
84.75,3.8470000000000004,0.17200000000000004
85.0,3.41,0.10200000000000004
85.25,3.5020000000000002,0.20300000000000007
85.5,3.404,0.14400000000000002
85.75,6.65,1.617
86.0,8.59,2.6100000000000003
86.25,8.82,2.88
86.5,8.75,2.68
86.75,9.25,2.55
87.0,7.84,1.583
87.25,8.34,2.082
87.5,8.53,2.2199999999999998
87.75,8.64,2.32
88.0,8.61,2.293
88.25,7.86,1.492
88.5,8.65,2.2600000000000002
88.75,8.7,2.33
89.0,8.780000000000001,2.34
89.25,9.04,1.8900000000000001
89.5,5.7700000000000005,0.9139999999999999
89.75,2.779,0.257
90.0,2.55,0.09259999999999996
90.25,2.694,0.30300000000000005
90.5,2.677,0.28800000000000003
90.75,2.529,0.1199
91.0,2.678,0.26699999999999996
91.25,2.6100000000000003,0.19319999999999998
91.5,2.8070000000000004,0.424
91.75,2.726,0.34199999999999997
92.0,2.552,0.11319999999999997
92.25,2.841,0.459
92.5,2.743,0.387
92.75,2.6420000000000003,0.254
93.0,2.813,0.43199999999999994
93.25,2.6799999999999997,0.30770000000000003
93.5,2.547,0.12140000000000001
93.75,2.559,0.16200000000000003
94.0,2.746,0.3967
94.25,2.672,0.29100000000000004
94.5,2.694,0.32
94.75,2.739,0.362
95.0,2.875,0.534
95.25,2.615,0.24500000000000002
95.5,2.7529999999999997,0.4179999999999999
95.75,2.699,0.34400000000000003
96.0,2.613,0.25060000000000004
96.25,2.794,0.396
96.5,2.6790000000000003,0.268
96.75,2.74,0.396
97.0,2.7779999999999996,0.43499999999999994
97.25,2.5549999999999997,0.11560000000000004
97.5,2.8240000000000003,0.481
97.75,2.793,0.471
98.0,2.643,0.278
98.25,2.883,0.562
98.5,2.752,0.43400000000000005
98.75,2.661,0.29699999999999993
99.0,2.617,0.2
99.25,2.66,0.30299999999999994
99.5,2.738,0.4
99.75,2.692,0.32
100.0,2.626,0.2403
100.25,2.912,0.6180000000000001
100.5,2.66,0.31800000000000006
100.75,2.71,0.39
101.0,2.7600000000000002,0.43
101.25,2.741,0.42600000000000005
101.5,2.8440000000000003,0.348
101.75,2.6350000000000002,0.1947
102.0,2.621,0.25029999999999997
102.25,2.708,0.357
102.5,2.598,0.25350000000000006
102.75,2.6130000000000004,0.12757000000000002
103.0,2.861,0.432
103.25,2.8449999999999998,0.42300000000000004
103.5,2.8600000000000003,0.446
103.75,2.687,0.2
104.0,2.882,0.496
104.25,2.888,0.474
104.5,2.612,0.13189999999999996
104.75,2.638,0.12239999999999995
105.0,2.958,0.55
105.25,2.6919999999999997,0.23299999999999998
105.5,2.723,0.28500000000000003
105.75,2.826,0.388
106.0,2.743,0.281
106.25,2.827,0.40399999999999997
106.5,2.827,0.33199999999999996
106.75,2.8680000000000003,0.388
107.0,3.098,0.618
107.25,2.679,0.0983
107.5,2.804,0.16699999999999998
107.75,2.891,0.381
108.0,2.6420000000000003,0.16399999999999992
108.25,2.781,0.292
108.5,2.923,0.448
108.75,2.843,0.31799999999999995
109.0,2.938,0.455
109.25,2.7899999999999996,0.281
109.5,2.856,0.345
109.75,2.846,0.326
110.0,2.796,0.301
110.25,2.868,0.336
110.5,2.835,0.262
110.75,2.785,0.19440000000000002
111.0,2.764,0.176
111.25,2.8819999999999997,0.32270000000000004
111.5,2.8150000000000004,0.263
111.75,2.815,0.24300000000000005
112.0,2.792,0.21400000000000002
112.25,2.914,0.364
112.5,2.8049999999999997,0.23999999999999996
112.75,2.8129999999999997,0.266
113.0,2.891,0.332
113.25,2.7800000000000002,0.176
113.5,2.6079999999999997,0.235
113.75,2.5260000000000002,0.16650000000000004
114.0,2.5940000000000003,0.24349999999999997
114.25,2.606,0.252
114.5,2.4450000000000003,0.04910000000000003
114.75,2.635,0.29800000000000004
115.0,2.62,0.283
115.25,2.634,0.2869999999999999
115.5,2.843,0.348
115.75,5.1129999999999995,0.596
116.0,4.984,0.29899999999999993
116.25,5.151,0.366
116.5,4.904999999999999,0.16935999999999998
116.75,4.9719999999999995,0.26449999999999996
117.0,5.008,0.2965
117.25,4.553999999999999,0.34342
117.5,3.131,0.10200000000000004
117.75,3.025,-0.029899999999999982
118.0,3.0229999999999997,-0.035999999999999976
118.25,3.282,0.25
118.5,3.081,0.06
118.75,3.3120000000000003,0.355
119.0,3.318,0.35800000000000004
119.25,2.996,-0.04599999999999993
119.5,3.0970000000000004,0.061
119.75,3.101,0.08300000000000002
120.0,3.051,0.030299999999999994
120.25,3.291,0.32799999999999996
120.5,3.044,0.032999999999999974
120.75,3.134,0.12629999999999997
121.0,3.399,0.491
121.25,3.163,0.17900000000000002
121.5,3.1270000000000002,0.11199999999999996
121.75,3.2550000000000003,0.247
122.0,3.234,0.246
122.25,3.263,0.299
122.5,2.995,-0.039000000000000035
122.75,3.135,0.14
123.0,3.1439999999999997,0.172
123.25,3.058,0.06370000000000003
123.5,3.048,-0.01212000000000002
123.75,3.208,0.20599999999999996
124.0,3.1710000000000003,0.16599999999999998
124.25,3.25,0.21100000000000002
124.5,3.12,0.132
124.75,3.1590000000000003,0.185
125.0,3.1819999999999995,0.214
125.25,3.092,0.09670000000000001
125.5,3.2590000000000003,0.15799999999999997
125.75,3.12,0.11619999999999997
126.0,2.956,-0.046999999999999986
126.25,2.705,0.285
126.5,2.5140000000000002,0.06389999999999996
126.75,25.25,-2.2800000000000002
127.0,31.700000000000003,-0.7917999999999998
127.25,34.7,-1.035
127.5,42.400000000000006,1.7999999999999998
127.75,47.9,2.144
128.0,48.0,1.594
128.25,49.5,1.703
128.5,51.4,1.772
128.75,54.599999999999994,1.624
129.0,56.3,1.401
129.25,55.2,1.359
129.5,57.300000000000004,1.381
129.75,58.9,1.866
130.0,59.99999999999999,1.769
130.25,59.1,1.6909999999999998
130.5,58.9,1.601
130.75,58.5,1.568
131.0,59.0,1.3339999999999999
131.25,58.6,1.2560000000000002
131.5,59.1,1.4660000000000002
131.75,58.9,1.7029999999999998
132.0,60.1,2.73
132.25,59.5,2.55
132.5,61.7,2.74
132.75,60.7,2.59
133.0,48.099999999999994,3.71
133.25,41.5,4.724
133.5,33.01,3.675
133.75,33.300000000000004,3.9379999999999997
134.0,24.14,1.544
134.25,20.35,1.6420000000000001
134.5,16.87,2.01
134.75,15.98,1.884
135.0,17.66,2.168
135.25,17.689999999999998,2.159
135.5,18.86,2.1257
135.75,19.55,2.471
136.0,18.990000000000002,2.136
136.25,19.88,2.2203
136.5,16.3,2.5500000000000003
136.75,15.77,2.4219999999999997
137.0,15.92,2.46
137.25,13.61,2.02
137.5,10.879999999999999,1.966
137.75,6.83,1.025
138.0,5.340000000000001,0.691
138.25,6.351,0.8288
138.5,6.181,0.9929
138.75,5.981999999999999,0.953
139.0,5.941,0.9979
139.25,6.356,0.9430000000000001
139.5,5.282,1.0049000000000001
139.75,4.663,0.9835
140.0,5.106999999999999,0.705
140.25,5.215,0.786
140.5,5.111,0.5828
140.75,5.497,0.586
141.0,5.175999999999999,0.721
141.25,4.987,0.502
141.5,5.119,0.6910000000000001
141.75,5.166,0.8160000000000001
142.0,5.116999999999999,0.7664
142.25,5.313000000000001,0.9715
142.5,5.207,0.9001
142.75,5.065999999999999,0.755
143.0,5.23,0.8109999999999999
143.25,5.105,0.7779
143.5,5.153,0.8075000000000001
143.75,5.145,0.769
144.0,5.154999999999999,0.8225
144.25,5.25,0.9595
144.5,4.956,0.52
144.75,5.2459999999999996,0.885
145.0,5.087999999999999,1.01
145.25,4.954,0.7981
145.5,5.019,1.0419
145.75,5.036,0.93912
146.0,4.657,0.7428
146.25,4.878,0.9591000000000001
146.5,4.965,0.9427
146.75,4.515000000000001,0.6991700000000001
147.0,4.7219999999999995,0.8778
147.25,4.841,0.778
147.5,4.761,0.798
147.75,4.816000000000001,0.8836
148.0,4.825,0.9686999999999999
148.25,5.019,0.901
148.5,4.712,0.9083000000000001
148.75,4.692,0.9806999999999999
149.0,4.579,0.8067
149.25,4.263,0.645
149.5,3.1430000000000002,0.895
149.75,2.6229999999999998,0.688
150.0,2.392,0.571
150.25,2.615,0.827
150.5,3.867,0.672
150.75,26.520000000000003,-0.724
151.0,32.2,-0.9954000000000001
151.25,34.0,-1.13
151.5,40.8,1.199
151.75,42.699999999999996,1.7069999999999999
152.0,44.800000000000004,1.546
152.25,47.4,1.135
152.5,47.0,0.9960000000000001
152.75,49.7,1.378
153.0,51.7,0.8840000000000001
153.25,51.800000000000004,1.0
153.5,52.89999999999999,1.222
153.75,52.3,1.045
154.0,52.4,1.517
154.25,51.3,1.338
154.5,52.0,1.5859999999999999
154.75,55.3,2.026
155.0,53.5,1.697
155.25,55.2,2.234
155.5,54.5,1.7530000000000001
155.75,55.099999999999994,2.384
156.0,51.99999999999999,1.5430000000000001
156.25,53.8,2.093
156.5,56.1,2.4450000000000003
156.75,53.4,1.9989999999999999
157.0,53.7,2.39
157.25,51.400000000000006,2.133
157.5,48.3,2.2300000000000004
157.75,46.900000000000006,1.717
158.0,44.599999999999994,0.8270000000000001
158.25,31.96,1.105
158.5,24.59,1.638
158.75,22.64,1.8619999999999999
159.0,21.88,2.007
159.25,22.2,2.02
159.5,18.68,2.056
159.75,15.6,1.789
160.0,15.96,1.651
160.25,16.08,1.8119999999999998
160.5,10.16,1.835
160.75,9.959999999999999,1.869
161.0,9.57,1.9869999999999999
161.25,9.69,1.773
161.5,9.57,2.24
161.75,4.07,0.6910000000000001
162.0,2.549,0.352
162.25,2.673,0.503
162.5,2.582,0.31789999999999996
162.75,3.431,0.49
163.0,3.375,0.35200000000000004
163.25,3.3859999999999997,0.2453
163.5,3.628,0.595
163.75,3.456,0.4243
164.0,3.279,0.16399999999999998
164.25,3.316,0.2378
164.5,3.216,0.14100000000000001
164.75,3.442,0.3284
165.0,2.924,0.07600000000000001
165.25,3.13,0.36433000000000004
165.5,3.068,0.277
165.75,3.129,0.374
166.0,3.1500000000000004,0.393
166.25,3.071,0.3147
166.5,2.9859999999999998,0.21590000000000004
166.75,3.2150000000000003,0.44599999999999995
167.0,3.033,0.245
167.25,3.1100000000000003,0.3634
167.5,3.042,0.259
167.75,3.1550000000000002,0.4357
168.0,3.1100000000000003,0.344
168.25,2.972,0.176
168.5,3.1530000000000005,0.427
168.75,3.259,0.43900000000000006
169.0,3.191,0.28069999999999995
169.25,3.351,0.6970000000000001
169.5,3.141,0.44000000000000006
169.75,2.993,0.22500000000000003
170.0,3.407,0.745
170.25,2.904,0.14700000000000002
170.5,3.1020000000000003,0.37410000000000004
170.75,3.221,0.534
171.0,3.0869999999999997,0.372
171.25,3.202,0.499
171.5,3.1090000000000004,0.42000000000000004
171.75,3.0020000000000002,0.2863
172.0,3.299,0.6759999999999999
172.25,3.0869999999999997,0.40240000000000004
172.5,3.1289999999999996,0.43089999999999995
172.75,3.1710000000000003,0.511
173.0,3.064,0.29799999999999993
173.25,3.013,0.45849999999999996
173.5,2.544,0.43329999999999996
173.75,2.4560000000000004,0.304
174.0,2.634,0.449
174.25,2.791,0.704
174.5,2.5440000000000005,0.38470000000000004
174.75,23.46,-0.817
175.0,31.429999999999996,-1.0726
175.25,32.03,-1.317
175.5,41.4,0.008999999999999897
175.75,46.3,1.298
176.0,46.2,1.089
176.25,47.2,1.1680000000000001
176.5,46.099999999999994,1.3780000000000001
176.75,47.2,1.2269999999999999
177.0,48.2,1.1380000000000001
177.25,51.6,1.5750000000000002
177.5,54.199999999999996,1.63
177.75,54.800000000000004,1.5899999999999999
178.0,54.800000000000004,1.676
178.25,54.3,1.5230000000000001
178.5,53.7,1.363
178.75,54.4,1.553
179.0,54.099999999999994,1.637
179.25,53.4,1.587
179.5,53.0,1.673
179.75,55.3,2.121
180.0,53.2,1.679
180.25,54.800000000000004,1.8080000000000003
180.5,55.6,2.2
180.75,56.099999999999994,2.03
181.0,52.099999999999994,1.71
181.25,47.5,1.3920000000000001
181.5,38.5,1.775
181.75,35.120000000000005,2.668
182.0,29.630000000000003,3.259
182.25,27.970000000000002,3.409
182.5,24.180000000000003,1.823
182.75,24.23,1.693
183.0,25.82,1.592
183.25,23.479999999999997,0.63
183.5,22.62,-0.0030000000000000027
183.75,21.71,0.21900000000000003
184.0,19.18,0.686
184.25,18.65,0.784
184.5,16.990000000000002,0.88
184.75,16.04,1.2400000000000002
185.0,15.009999999999998,1.3810000000000002
185.25,10.05,1.327
185.5,10.629999999999999,1.514
185.75,6.42,1.005
186.0,3.295,0.708
186.25,4.429,0.9753
186.5,4.3740000000000006,0.952
186.75,4.3149999999999995,0.9179999999999999
187.0,4.181,0.8645
187.25,4.504,1.217
187.5,4.247,0.8829
187.75,4.168,0.8153999999999999
188.0,4.657,0.761
188.25,4.556,0.5395
188.5,4.627,0.5627
188.75,5.356999999999999,0.806
189.0,4.636,0.6036
189.25,4.59,0.6563
189.5,4.505000000000001,0.6267
189.75,4.481999999999999,0.607
190.0,4.687,0.8931
190.25,4.561,0.748
190.5,4.5760000000000005,0.768
190.75,4.583,0.8013
191.0,4.46,0.6652
191.25,4.533,0.6838
191.5,4.541,0.8261
191.75,4.343999999999999,0.58
192.0,4.657,0.958
192.25,4.474,0.8010999999999999
192.5,4.437,0.7294
192.75,4.524,0.8342
193.0,4.456,0.845
193.25,4.564,0.9511000000000001
193.5,4.431,0.7818
193.75,4.390000000000001,0.724
194.0,4.526,0.9390000000000001
194.25,4.385,0.846
194.5,4.303,0.6798
194.75,4.412,0.829
195.0,4.307,0.6151
195.25,4.37,0.671
195.5,4.248,0.625
195.75,4.2909999999999995,0.6697
196.0,4.481,0.8873000000000001
196.25,4.305,0.7418
196.5,4.25,0.6526
196.75,4.411,0.8627
197.0,4.098999999999999,0.831
197.25,2.7800000000000002,0.5740000000000001
197.5,2.72,0.507
197.75,2.6660000000000004,0.44110000000000005
198.0,2.186,0.403
198.25,1.981,0.54
198.5,2.0500000000000003,0.6829999999999999
198.75,9.91,-0.544
199.0,33.15,-1.029
199.25,34.4,-1.3858
199.5,42.0,1.371
199.75,45.5,1.374
200.0,45.2,0.9420000000000002
200.25,46.0,1.255
200.5,51.3,1.412
200.75,52.199999999999996,1.028
201.0,51.5,1.342
201.25,53.300000000000004,1.093
201.5,56.0,1.0050000000000001
201.75,57.10000000000001,1.175
202.0,58.60000000000001,1.079
202.25,58.8,1.252
202.5,58.8,1.132
202.75,59.0,1.161
203.0,58.39999999999999,1.171
203.25,56.400000000000006,0.9359999999999999
203.5,55.39999999999999,1.0879999999999999
203.75,55.8,1.568
204.0,57.0,1.4049999999999998
204.25,56.2,1.694
204.5,56.1,1.597
204.75,53.900000000000006,1.811
205.0,48.5,2.04
205.25,32.8,2.738
205.5,26.1,0.977
205.75,25.9,0.5579999999999999
206.0,23.61,1.19
206.25,21.21,0.762
206.5,21.119999999999997,0.6669999999999999
206.75,22.11,1.458
207.0,25.490000000000002,3.012
207.25,25.11,2.8899999999999997
207.5,21.240000000000002,1.1360000000000001
207.75,20.310000000000002,0.783
208.0,16.89,0.891
208.25,15.89,1.0350000000000001
208.5,14.920000000000002,1.038
208.75,14.51,1.013
209.0,14.43,0.922
209.25,14.59,1.1589999999999998
209.5,14.05,1.198
209.75,11.68,1.08
210.0,8.92,0.32
210.25,8.75,0.07300000000000001
210.5,10.42,-0.422
210.75,10.68,-0.26239999999999997
211.0,9.46,-0.5309999999999999
211.25,5.710999999999999,-0.00599999999999995
211.5,5.541,-0.03400000000000003
211.75,5.574,-0.15529999999999994
212.0,5.709,0.007000000000000006
212.25,5.610999999999999,-0.27599999999999997
212.5,5.641,-0.1512
212.75,5.449000000000001,0.512
213.0,5.390000000000001,0.47
213.25,3.7800000000000002,0.334
213.5,3.499,0.3171
213.75,3.478,0.31
214.0,3.5620000000000003,0.3916
214.25,3.366,0.15249999999999997
214.5,3.531,0.368
214.75,3.342,0.13129999999999997
215.0,3.468,0.256
215.25,3.741,0.61
215.5,3.53,0.37429999999999997
215.75,3.6109999999999998,0.516
216.0,3.588,0.505
216.25,3.4869999999999997,0.349
216.5,3.603,0.5309999999999999
216.75,3.5349999999999997,0.447
217.0,3.3760000000000003,0.22920000000000001
217.25,3.767,0.661
217.5,3.356,0.2028
217.75,3.3729999999999998,0.19979999999999998
218.0,3.596,0.5110000000000001
218.25,3.4480000000000004,0.32020000000000004
218.5,3.5220000000000002,0.41100000000000003
218.75,3.523,0.427
219.0,3.572,0.4348
219.25,3.719,0.545
219.5,3.589,0.5409999999999999
219.75,3.582,0.46399999999999997
220.0,3.656,0.582
220.25,3.454,0.33699999999999997
220.5,3.4890000000000003,0.30399999999999994
220.75,3.4779999999999998,0.3133
221.0,3.465,0.32927
221.25,3.455,0.24209999999999998
221.5,3.48,0.248
221.75,3.475,0.35850000000000004
222.0,3.5300000000000002,0.429
222.25,2.6420000000000003,0.611
222.5,2.45,0.776
222.75,24.7,-1.194
223.0,34.9,-1.3239999999999998
223.25,38.400000000000006,-1.2069999999999999
223.5,39.1,-0.9600000000000002
223.75,44.2,1.7190000000000003
224.0,46.8,1.468
224.25,47.1,0.9540000000000001
224.5,49.8,1.314
224.75,48.7,0.9380000000000002
225.0,50.7,1.3930000000000002
225.25,52.2,1.33
225.5,54.3,1.327
225.75,56.800000000000004,1.176
226.0,58.10000000000001,1.1510000000000002
226.25,58.400000000000006,1.5299999999999998
226.5,58.7,1.4380000000000002
226.75,59.099999999999994,1.545
227.0,59.0,1.714
227.25,58.4,1.8559999999999999
227.5,57.4,0.996
227.75,54.4,1.338
228.0,57.5,1.8900000000000001
228.25,55.2,1.65
228.5,55.1,1.61
228.75,53.199999999999996,1.5999999999999999
229.0,48.3,1.5819999999999999
229.25,41.7,1.8649999999999998
229.5,25.38,0.736
229.75,24.880000000000003,0.74
230.0,24.42,0.5429999999999999
230.25,23.54,0.653
230.5,22.09,0.27799999999999997
230.75,22.0,0.9929999999999999
231.0,20.26,1.202
231.25,20.61,1.007
231.5,20.75,0.9299999999999999
231.75,19.54,0.871
232.0,17.85,1.155
232.25,12.78,1.1360000000000001
232.5,12.620000000000001,1.0100000000000002
232.75,12.600000000000001,1.295
233.0,12.280000000000001,1.2800000000000002
233.25,12.6,1.379
233.5,12.34,1.536
233.75,5.11,0.0016999999999999793
234.0,6.48,0.41100000000000003
234.25,6.484,0.31299999999999994
234.5,6.409999999999999,0.22100000000000003
234.75,6.4510000000000005,0.44599999999999995
235.0,6.441000000000001,0.44899999999999995
235.25,6.32,0.41936
235.5,6.42,0.5700000000000001
235.75,6.237,0.17719999999999997
236.0,6.76,0.021550000000000014
236.25,6.84,0.1415
236.5,6.0,0.296
236.75,4.486,0.649
237.0,4.501,0.6156699999999999
237.25,4.893,0.5152
237.5,4.55,0.67238
237.75,4.375,0.67
238.0,4.5600000000000005,0.8933
238.25,4.566,0.903
238.5,4.414,0.7377
238.75,4.527,0.8883
239.0,4.348,0.6849999999999999
239.25,4.448,0.8074
239.5,4.445,0.8037
239.75,4.295999999999999,0.57907
240.0,4.362,0.6683
240.25,4.358,0.6252
240.5,4.385,0.47007
240.75,4.6690000000000005,0.838
241.0,4.314,0.5576
241.25,4.413,0.7382599999999999
241.5,4.4559999999999995,0.8530800000000001
241.75,4.210000000000001,0.528
242.0,4.399,0.7249
242.25,4.426,0.774
242.5,4.3260000000000005,0.6769999999999999
242.75,4.322,0.683
243.0,4.292,0.64308
243.25,4.348,0.6759999999999999
243.5,4.248,0.516
243.75,4.242,0.459
244.0,4.303,0.5877
244.25,4.361,0.7025
244.5,4.349,0.6930000000000001
244.75,4.232,0.547
245.0,4.287,0.581
245.25,4.327,0.75
245.5,4.24,0.631
245.75,2.753,0.5920000000000001
246.0,2.217,0.789
246.25,2.008,0.626
246.5,2.0629999999999997,0.794
246.75,1.974,0.631
247.0,4.758,1.24
247.25,8.09,2.54
247.5,8.120000000000001,2.66
247.75,8.25,2.8999999999999995
248.0,8.27,2.8400000000000003
248.25,7.98,2.4
248.5,9.2,2.8200000000000003
248.75,8.44,2.98
249.0,8.2,2.73
249.25,7.6499999999999995,2.178
249.5,7.840000000000001,2.36
249.75,8.32,2.88
250.0,8.39,2.91
250.25,7.31,2.19
250.5,6.97,1.5750000000000002
250.75,7.960000000000001,2.423
251.0,8.309999999999999,2.79
251.25,7.16,1.912
251.5,8.25,2.65
251.75,8.06,2.35
252.0,7.61,1.816
252.25,7.1899999999999995,2.08
252.5,8.02,2.6399999999999997
252.75,8.34,2.49
253.0,8.04,2.1479999999999997
253.25,8.739999999999998,3.09
253.5,8.48,2.79
253.75,8.68,2.83
254.0,8.54,2.024
254.25,8.07,2.059
254.5,8.540000000000001,2.55
254.75,8.82,2.82
255.0,8.43,2.41
255.25,7.76,1.616
255.5,8.91,2.42
255.75,8.78,2.69
256.0,8.82,2.84
256.25,8.19,2.2119999999999997
256.5,8.02,2.057
256.75,8.75,2.83
257.0,8.55,2.69
257.25,4.289,1.307
257.5,1.748,0.5640000000000001
257.75,1.8039999999999998,0.643
258.0,1.822,0.6619999999999999
258.25,1.595,0.383
258.5,1.749,0.534
258.75,1.76,0.573
259.0,1.636,0.3983
259.25,1.789,0.5780000000000001
259.5,1.613,0.388
259.75,1.7730000000000001,0.51
260.0,1.9389999999999998,0.7000000000000001
260.25,1.71,0.4570000000000001
260.5,1.8679999999999999,0.616
260.75,1.8509999999999998,0.623
261.0,1.7449999999999999,0.521
261.25,1.865,0.584
261.5,1.773,0.563
261.75,1.771,0.5599999999999999
262.0,1.778,0.506
262.25,1.795,0.4422
262.5,1.824,0.5910000000000001
262.75,1.728,0.502
263.0,1.6099999999999999,0.368
263.25,1.9939999999999998,0.805
263.5,1.825,0.662
263.75,1.7690000000000001,0.559
264.0,1.959,0.781
264.25,1.8,0.645
264.5,1.7570000000000001,0.5700000000000001
264.75,1.761,0.59
265.0,1.874,0.75
265.25,1.831,0.632
265.5,1.729,0.539
265.75,1.7959999999999998,0.544
266.0,1.774,0.5740999999999999
266.25,1.7200000000000002,0.48600000000000004
266.5,1.8,0.64
266.75,1.7650000000000001,0.569
267.0,1.899,0.788
267.25,1.9809999999999999,0.893
267.5,1.68,0.5
267.75,1.9729999999999999,0.874
268.0,1.8760000000000001,0.6990000000000001
268.25,1.694,0.549
268.5,1.863,0.7629999999999999
268.75,1.8030000000000002,0.6789999999999999
269.0,1.661,0.498
269.25,1.908,0.821
269.5,1.7260000000000002,0.5201
269.75,1.7530000000000001,0.5660000000000001
270.0,1.7329999999999999,0.5670000000000001
270.25,1.721,0.48500000000000004
270.5,1.93,0.801
270.75,1.7570000000000001,0.589
271.0,1.6720000000000002,0.48400000000000004
271.25,2.003,0.869
271.5,1.796,0.613
271.75,1.687,0.498
272.0,1.804,0.6220000000000001
272.25,1.65,0.4372
272.5,1.718,0.521
272.75,1.601,0.3942
273.0,1.6680000000000001,0.46509999999999996
273.25,1.831,0.634
273.5,1.8050000000000002,0.625
273.75,1.8699999999999999,0.72
274.0,1.791,0.648
274.25,1.669,0.443
274.5,1.8760000000000001,0.709
274.75,1.703,0.518
275.0,2.244,0.628
275.25,2.11,0.8734
275.5,1.9020000000000001,0.649
275.75,1.8730000000000002,0.627
276.0,1.578,0.3512
276.25,1.6629999999999998,0.48
276.5,1.822,0.645
276.75,1.7429999999999999,0.5586
277.0,1.8730000000000002,0.699
277.25,1.711,0.527
277.5,1.691,0.527
277.75,1.936,0.827
278.0,1.674,0.508
278.25,1.768,0.5660000000000001
278.5,1.9729999999999999,0.851
278.75,1.746,0.58
279.0,1.6740000000000002,0.452
279.25,1.651,0.44699999999999995
279.5,1.629,0.4179999999999999
279.75,1.758,0.526
280.0,1.6329999999999998,0.3937
280.25,1.746,0.49300000000000005
280.5,1.731,0.484
280.75,1.798,0.549
281.0,1.909,0.745
281.25,1.738,0.545
281.5,1.719,0.5209999999999999
281.75,1.851,0.6890000000000001
282.0,1.6669999999999998,0.458
282.25,1.9180000000000001,0.7089999999999999
282.5,1.819,0.623
282.75,3.5020000000000002,0.6172
283.0,3.8800000000000003,0.7261
283.25,3.581,0.516
283.5,3.6320000000000006,0.6023000000000001
283.75,3.708,0.6945
284.0,4.1770000000000005,0.7239
284.25,4.443,0.6919
284.5,4.341,0.58
284.75,4.6899999999999995,0.41700000000000004
285.0,4.527,0.72
285.25,4.224,0.505
285.5,4.25,0.5349999999999999
285.75,4.433,0.7704
286.0,4.334,0.6905
286.25,4.292,0.6136
286.5,4.222,0.5076
286.75,4.317,0.605
287.0,4.181,0.501
287.25,4.141,0.47
287.5,4.318,0.6305
287.75,4.226999999999999,0.5720000000000001
288.0,4.347,0.744
288.25,4.438,0.849
288.5,4.224,0.541
288.75,4.3580000000000005,0.516
289.0,4.242,0.629
289.25,4.154,0.5539000000000001
289.5,4.417999999999999,0.8932
289.75,4.2299999999999995,0.72667
290.0,3.935,0.356
290.25,4.252,0.722
290.5,4.112,0.5944
290.75,3.958,0.3983
291.0,4.111,0.60789
291.25,4.126,0.63443
291.5,4.23,0.7359
291.75,4.234,0.788
292.0,4.094,0.637
292.25,4.179,0.739
292.5,4.1819999999999995,0.777
292.75,4.141,0.736
293.0,4.220000000000001,0.8256
293.25,4.064,0.6856
293.5,2.328,0.45599999999999996
293.75,1.869,0.489
294.0,1.931,0.585
294.25,1.971,0.629
294.5,3.6500000000000004,0.0797
294.75,28.009999999999998,-1.784
295.0,31.6,-0.8563000000000001
295.25,35.5,-1.0230000000000001
295.5,41.9,1.8579999999999999
295.75,45.1,1.444
296.0,47.699999999999996,1.508
296.25,49.3,1.593
296.5,54.1,1.4929999999999999
296.75,56.199999999999996,1.6269999999999998
297.0,56.599999999999994,2.879
297.25,52.2,1.6595
297.5,53.099999999999994,1.459
297.75,53.50000000000001,1.0332
298.0,51.599999999999994,0.601
298.25,53.099999999999994,1.361
298.5,50.599999999999994,-0.558
298.75,51.7,0.647
299.0,52.10000000000001,0.3164
299.25,52.3,0.6890000000000001
299.5,51.8,-0.009000000000000119
299.75,51.699999999999996,0.616
300.0,52.4,1.088
300.25,51.300000000000004,0.9909999999999999
300.5,49.0,1.093
300.75,46.0,0.23399999999999999
301.0,38.3,0.998
301.25,32.05,1.35
301.5,33.36,2.819
301.75,32.800000000000004,4.474
302.0,33.2,5.07
302.25,33.81,5.15
302.5,34.8,5.524
302.75,33.9,5.567
303.0,28.24,2.6340000000000003
303.25,27.28,2.9819
303.5,23.61,2.7297000000000002
303.75,21.380000000000003,2.6252
304.0,22.119999999999997,3.7350000000000003
304.25,18.35,2.6987
304.5,18.4,3.229
304.75,12.39,1.514
305.0,12.44,1.9260000000000002
305.25,10.55,1.96
305.5,8.52,1.7409999999999999
305.75,6.52,1.6059999999999999
306.0,2.025,0.3416
306.25,2.004,0.241
306.5,2.5360000000000005,0.444
306.75,3.062,-0.2111400000000001
307.0,3.179,-0.18799999999999994
307.25,3.1,-0.30000000000000004
307.5,3.0180000000000002,-0.37489000000000006
307.75,3.276,-0.13
308.0,3.0,-0.3903
308.25,3.1140000000000003,-0.439
308.5,3.442,0.051000000000000045
308.75,3.159,0.3326
309.0,2.9250000000000003,0.08289999999999997
309.25,2.992,0.22030000000000002
309.5,2.798,0.21889999999999998
309.75,2.76,0.16530000000000006
310.0,2.737,0.16399999999999998
310.25,2.707,0.128
310.5,2.919,0.28800000000000003
310.75,2.946,0.288
311.0,2.921,0.37
311.25,2.9130000000000003,0.38
311.5,2.923,0.442
311.75,2.93,0.419
312.0,2.825,0.28470000000000006
312.25,2.744,0.251
312.5,2.791,0.23329999999999995
312.75,2.925,0.27799999999999997
313.0,2.8850000000000002,0.36
313.25,2.8770000000000002,0.316
313.5,2.7430000000000003,0.16900000000000004
313.75,2.843,0.28700000000000003
314.0,2.7159999999999997,0.14666999999999997
314.25,2.802,0.285
314.5,2.963,0.494
314.75,2.838,0.335
315.0,3.083,0.639
315.25,2.832,0.352
315.5,2.82,0.31299999999999994
315.75,2.87,0.381
316.0,2.653,0.10399999999999998
316.25,2.697,0.14500000000000002
316.5,2.966,0.51
316.75,2.65,0.056999999999999995
317.0,2.79,0.23038
317.25,2.905,0.377
317.5,2.834,0.2929999999999999
317.75,2.8499999999999996,0.33199999999999996
318.0,2.6310000000000002,0.18820000000000003
318.25,2.1630000000000003,0.35
318.5,3.0569999999999995,0.45600000000000007
318.75,24.21,-2.23
319.0,29.509999999999998,-1.069
319.25,34.9,-1.145
319.5,35.6,-1.705
319.75,38.599999999999994,-0.5733
320.0,42.900000000000006,1.251
320.25,43.4,0.9650000000000001
320.5,45.5,1.5430000000000001
320.75,45.9,1.22
321.0,48.699999999999996,1.27
321.25,51.2,1.0379999999999998
321.5,54.3,1.3159999999999998
321.75,54.8,0.668
322.0,56.099999999999994,1.346
322.25,54.6,1.0339999999999998
322.5,56.2,1.013
322.75,55.5,1.0939999999999999
323.0,54.599999999999994,0.9890000000000001
323.25,54.3,0.7180000000000001
323.5,56.3,1.159
323.75,50.9,1.229
324.0,50.4,1.6019999999999999
324.25,53.9,1.958
324.5,52.5,2.01
324.75,53.1,2.29
325.0,52.6,2.207
325.25,40.0,3.4829999999999997
325.5,29.490000000000002,1.514
325.75,28.09,1.208
326.0,28.310000000000002,0.991
326.25,25.89,1.435
326.5,25.68,1.3479999999999999
326.75,23.05,1.015
327.0,22.03,1.033
327.25,20.86,0.7829999999999999
327.5,21.549999999999997,1.104
327.75,20.71,1.181
328.0,18.810000000000002,1.2690000000000001
328.25,17.02,1.721
328.5,16.95,1.6989999999999998
328.75,16.12,2.4
329.0,15.57,2.23
329.25,13.95,2.26
329.5,12.82,1.9400000000000002
329.75,10.190000000000001,1.7449999999999999
330.0,7.2,0.9770000000000001
330.25,7.43,1.183
330.5,4.894,1.0462
330.75,4.205,1.087
331.0,4.12,1.0084
331.25,3.98,0.755
331.5,4.351,1.0932
331.75,4.17,0.95
332.0,4.544,0.6633
332.25,4.843,0.9223
332.5,4.598,0.68394
332.75,4.484,0.49739999999999995
333.0,4.6499999999999995,0.6565
333.25,4.649,0.5676
333.5,4.9559999999999995,0.5452
333.75,4.541,0.6299
334.0,4.405,0.554
334.25,4.582,0.7735000000000001
334.5,4.491,0.7173
334.75,4.46,0.7148000000000001
335.0,4.679,0.9930000000000001
335.25,4.536,0.8640000000000001
335.5,4.552,0.7654
335.75,4.72,0.7678
336.0,4.6530000000000005,0.905
336.25,4.625,0.8664000000000001
336.5,4.522,0.74
336.75,4.4510000000000005,0.64
337.0,4.599,0.8129
337.25,4.444,0.6677
337.5,4.372,0.552
337.75,4.528,0.7783
338.0,4.429,0.6886000000000001
338.25,4.493,0.7278
338.5,4.407,0.6331
338.75,4.541,0.8324
339.0,4.606,0.9056
339.25,4.3759999999999994,0.64
339.5,4.32,0.596
339.75,4.582,0.9259999999999999
340.0,4.244,0.503
340.25,4.454000000000001,0.7773
340.5,4.646,0.997
340.75,4.345,0.61678
341.0,4.304,0.579
341.25,4.314,0.5987
341.5,2.856,0.2614
341.75,2.399,0.617
342.0,2.168,0.5767
342.25,2.246,0.734
342.5,2.6410000000000005,0.9339999999999999
342.75,23.75,0.4030000000000001
343.0,33.1,2.49
343.25,41.5,2.38
343.5,47.3,1.6860000000000002
343.75,47.2,1.5100000000000002
344.0,48.3,1.262
344.25,48.1,1.181
344.5,49.099999999999994,1.3969999999999998
344.75,49.5,1.6749999999999998
345.0,54.300000000000004,1.73
345.25,59.8,3.4399999999999995
345.5,60.2,2.46
345.75,60.699999999999996,3.2600000000000002
346.0,61.4,2.63
346.25,60.5,2.41
346.5,60.9,1.963
346.75,61.099999999999994,2.37
347.0,61.0,1.8539999999999999
347.25,59.2,1.5710000000000002
347.5,58.7,2.46
347.75,57.2,2.19
348.0,53.5,3.4
348.25,51.4,2.6
348.5,47.8,2.27
348.75,48.7,2.042
349.0,45.1,2.26
349.25,28.9,1.862
349.5,27.86,1.266
349.75,30.89,1.5370000000000001
350.0,24.560000000000002,1.165
350.25,24.79,0.974
350.5,24.630000000000003,1.076
350.75,22.6,1.214
351.0,20.560000000000002,1.577
351.25,20.240000000000002,1.89
351.5,20.85,1.572
351.75,20.59,1.584
352.0,15.719999999999999,1.448
352.25,14.12,1.45
352.5,14.24,1.8
352.75,13.940000000000001,1.397
353.0,14.01,1.6179999999999999
353.25,12.77,1.84
353.5,11.27,1.927
353.75,4.51,0.7889999999999999
354.0,3.2800000000000002,-0.25300000000000006
354.25,3.5599999999999996,-0.3572000000000001
354.5,3.6700000000000004,-0.18599999999999994
354.75,3.4699999999999998,-0.5165
355.0,3.52,-0.4407
355.25,3.6100000000000003,-0.423
355.5,3.33,-0.702
355.75,3.5999999999999996,-0.433
356.0,3.91,-0.33499999999999996
356.25,3.83,-0.712
356.5,4.13,-0.367
356.75,3.9300000000000006,-0.5149
357.0,3.88,-0.5555
357.25,3.897,0.364
357.5,3.528,0.10649999999999998
357.75,3.658,0.23719999999999997
358.0,3.7809999999999997,0.39199999999999996
358.25,3.6529999999999996,0.2636
358.5,3.613,0.19089999999999996
358.75,3.8089999999999997,0.402
359.0,3.54,0.01599999999999996
359.25,3.681,0.2693
359.5,3.657,0.30169999999999997
359.75,3.7189999999999994,0.39219999999999994
360.0,3.8080000000000003,0.47500000000000003
360.25,3.678,0.33440000000000003
360.5,3.595,0.23052999999999998
360.75,3.776,0.386
361.0,3.6390000000000002,0.309
361.25,3.909,0.617
361.5,3.728,0.3974
361.75,3.638,0.336
362.0,3.737,0.441
362.25,3.612,0.29899999999999993
362.5,3.5890000000000004,0.21600000000000003
362.75,3.8019999999999996,0.414
363.0,3.758,0.4569
363.25,3.759,0.4568
363.5,3.724,0.40800000000000003
363.75,3.601,0.25399999999999995
364.0,3.67,0.28099999999999997
364.25,3.614,0.2669
364.5,3.702,0.379
364.75,3.748,0.434
365.0,3.668,0.27499999999999997
365.25,3.7720000000000002,0.34290000000000004
365.5,3.867,0.538
365.75,3.48,0.3054
366.0,3.0260000000000002,0.559
366.25,2.718,0.8019999999999999
366.5,2.415,0.498
366.75,13.39,-0.6980000000000001
367.0,27.240000000000002,-0.2799999999999999
367.25,34.2,-1.057
367.5,39.2,-1.2259999999999998
367.75,43.5,0.767
368.0,48.7,1.108
368.25,49.4,1.1229999999999998
368.5,48.5,0.966
368.75,56.1,3.1849999999999996
369.0,59.2,3.497
369.25,62.800000000000004,3.737
369.5,67.9,4.174
369.75,68.3,3.907
370.0,69.3,4.282
370.25,68.6,4.237
370.5,66.89999999999999,4.029999999999999
370.75,66.19999999999999,4.031000000000001
371.0,65.30000000000001,3.503
371.25,65.7,3.783
371.5,65.0,3.9
371.75,67.1,4.564
372.0,67.6,5.061999999999999
372.25,65.5,5.192
372.5,65.6,5.582
372.75,63.599999999999994,5.573
373.0,54.300000000000004,3.745
373.25,48.400000000000006,2.522667
373.5,43.099999999999994,2.383
373.75,33.07,1.212
374.0,29.299999999999997,1.135
374.25,28.14,1.0
374.5,27.98,1.224
374.75,27.37,1.5909999999999997
375.0,26.049999999999997,1.8699999999999999
375.25,25.25,1.862
375.5,22.43,1.2469999999999999
375.75,20.11,1.589
376.0,18.189999999999998,1.527
376.25,18.0,1.3479999999999999
376.5,16.73,1.5899999999999999
376.75,16.09,1.7439999999999998
377.0,15.79,1.872
377.25,15.83,1.941
377.5,14.91,1.91
377.75,7.82,0.5
378.0,6.42,0.242
378.25,5.74,0.1992
378.5,5.9,0.33999999999999997
378.75,5.93,0.43500000000000005
379.0,5.89,0.43920000000000003
379.25,5.9,0.42499999999999993
379.5,5.82,0.32299999999999995
379.75,6.05,0.21000000000000002
380.0,3.3680000000000003,0.5640000000000001
380.25,2.974,0.379
380.5,3.036,0.405
380.75,3.425,0.661
381.0,3.042,0.37070000000000003
381.25,2.963,0.35200000000000004
381.5,3.0700000000000003,0.466
381.75,2.9349999999999996,0.435
382.0,3.087,0.614
382.25,3.093,0.648
382.5,2.8230000000000004,0.28600000000000003
382.75,2.9909999999999997,0.495
383.0,2.92,0.42
383.25,2.741,0.17099999999999999
383.5,3.021,0.42500000000000004
383.75,2.894,0.3501
384.0,2.8489999999999998,0.28700000000000003
384.25,3.2070000000000003,0.74
384.5,3.024,0.524
384.75,2.9929999999999994,0.377
385.0,3.1060000000000003,0.511
385.25,3.003,0.526
385.5,2.9330000000000003,0.44799999999999995
385.75,2.892,0.377
386.0,3.0,0.518
386.25,2.9610000000000003,0.45099999999999996
386.5,2.8329999999999997,0.32499999999999996
386.75,2.992,0.514
387.0,2.982,0.475
387.25,2.824,0.1431
387.5,2.864,0.236
387.75,2.897,0.272
388.0,2.9219999999999997,0.2965
388.25,2.942,0.407
388.5,2.814,0.252
388.75,2.783,0.23199999999999998
389.0,3.0410000000000004,0.5369999999999999
389.25,2.794,0.2425
389.5,2.69,0.524
389.75,2.5,0.8130000000000001
390.0,2.276,0.4463
390.25,2.269,0.5640000000000001
390.5,2.8379999999999996,0.692
390.75,18.43,-2.3000000000000003
391.0,18.55,-2.41
391.25,29.500000000000004,-0.324
391.5,29.729999999999997,-0.33999999999999997
391.75,40.2,2.4669999999999996
392.0,51.2,1.9
392.25,49.5,1.9100000000000001
392.5,52.5,2.23
392.75,51.1,2.3
393.0,60.6,4.7620000000000005
393.25,62.0,4.93
393.5,62.0,4.760000000000001
393.75,60.4,3.965
394.0,61.400000000000006,4.67
394.25,60.099999999999994,4.05
394.5,62.900000000000006,4.85
394.75,63.699999999999996,3.884
395.0,63.8,2.3499999999999996
395.25,63.0,0.32
395.5,62.599999999999994,-0.652
395.75,61.0,-0.8132999999999999
396.0,63.1,-0.3905
396.25,64.4,0.003000000000000058
396.5,63.3,0.05019999999999991
396.75,57.9,0.08399999999999991
397.0,44.4,2.492
397.25,36.65,2.222
397.5,34.72,1.564
397.75,34.32,1.77
398.0,34.2,1.691
398.25,29.939999999999998,1.6340000000000001
398.5,29.17,1.374
398.75,27.68,1.2890000000000001
399.0,25.76,1.416
399.25,23.33,1.387
399.5,22.990000000000002,1.47
399.75,21.58,1.85
400.0,19.869999999999997,1.8499999999999999
400.25,19.240000000000002,2.02
400.5,18.22,2.25
400.75,17.21,2.29
401.0,16.4,2.17
401.25,16.28,2.09
401.5,15.370000000000001,2.24
401.75,8.440000000000001,1.274
402.0,9.19,1.262
402.25,10.55,1.929
402.5,11.02,2.42
402.75,10.899999999999999,2.23
403.0,11.02,2.15
403.25,8.59,0.569
403.5,8.12,0.519
403.75,8.02,0.46799999999999997
404.0,5.48,0.496
404.25,5.333,0.615
404.5,3.403,0.406
404.75,3.189,0.436
405.0,3.345,0.62
405.25,3.128,0.509
405.5,2.785,0.2773
405.75,3.053,0.658
406.0,2.96,0.597
406.25,2.878,0.482
406.5,3.088,0.758
406.75,3.016,0.688
407.0,3.068,0.7120000000000001
407.25,3.0,0.663
407.5,2.9989999999999997,0.662
407.75,3.1670000000000003,0.852
408.0,3.008,0.616
408.25,3.115,0.754
408.5,3.085,0.737
408.75,2.9619999999999997,0.5429999999999999
409.0,3.0840000000000005,0.638
409.25,3.091,0.7909999999999999
409.5,3.12,0.8140000000000001
409.75,3.2640000000000002,0.9990000000000001
410.0,2.8840000000000003,0.544
410.25,2.818,0.415
410.5,3.0330000000000004,0.625
410.75,2.928,0.498
411.0,2.9610000000000003,0.598
411.25,3.149,0.794
411.5,3.0229999999999997,0.665
411.75,3.041,0.709
412.0,3.013,0.699
412.25,2.948,0.604
412.5,3.128,0.873
412.75,3.0580000000000003,0.6799999999999999
413.0,2.9659999999999997,0.482
413.25,3.2620000000000005,0.9592
413.5,3.0439999999999996,0.733
413.75,3.007,0.688
414.0,2.968,0.6559999999999999
414.25,2.909,0.594
414.5,2.915,0.5930000000000001
414.75,3.321,0.781
415.0,8.25,2.45
415.25,9.379999999999999,3.3200000000000003
415.5,9.829999999999998,3.0300000000000002
415.75,9.04,3.0
416.0,9.21,3.19
416.25,8.74,2.61
416.5,8.219999999999999,2.029
416.75,8.49,2.69
417.0,4.263999999999999,0.694
417.25,3.8850000000000002,0.73
417.5,3.8000000000000003,0.579
417.75,4.098000000000001,0.5979999999999999
418.0,4.0489999999999995,0.848
418.25,3.78,0.557
418.5,4.247999999999999,0.5920000000000001
418.75,4.655,0.874
419.0,4.510999999999999,0.758
419.25,4.423,0.5680000000000001
419.5,4.460999999999999,0.595
419.75,4.346,0.4375
420.0,4.489000000000001,0.5960000000000001
420.25,4.511,0.605
420.5,4.298,0.5429999999999999
420.75,4.146,0.726
421.0,4.319,0.525
421.25,3.952,0.40900000000000003
421.5,4.038,0.6799999999999999
421.75,3.931,0.537
422.0,3.953,0.5230000000000001
422.25,4.142,0.68
422.5,3.9240000000000004,0.548
422.75,3.9590000000000005,0.587
423.0,3.8529999999999998,0.47000000000000003
423.25,7.45,1.42
423.5,9.219999999999999,2.3
423.75,9.27,2.23
424.0,9.56,2.33
424.25,9.51,2.45
424.5,9.35,2.2199999999999998
424.75,9.2,2.11
425.0,9.28,2.1
425.25,9.120000000000001,1.914
425.5,9.23,2.5500000000000003
425.75,2.624,0.8437
426.0,2.6109999999999998,0.8329
426.25,2.6630000000000003,0.8360000000000001
426.5,2.99,0.559
426.75,3.167,0.625
427.0,3.272,0.763
427.25,3.1510000000000002,0.658
427.5,3.274,0.891
427.75,3.314,0.714
428.0,3.1900000000000004,0.449
428.25,3.185,0.393
428.5,3.3230000000000004,0.42999999999999994
428.75,3.303,0.378
429.0,3.508,0.626
429.25,3.893,0.611
429.5,3.458,0.45099999999999996
429.75,3.421,0.486
430.0,3.3739999999999997,0.501
430.25,3.42,0.5469999999999999
430.5,3.409,0.52
430.75,3.436,0.5609999999999999
431.0,3.41,0.5860000000000001
431.25,3.3770000000000002,0.567
431.5,3.366,0.508
431.75,3.3449999999999998,0.6859999999999999
432.0,2.7720000000000002,0.43600000000000005
432.25,2.8,0.5
432.5,2.8810000000000002,0.5489999999999999
432.75,2.8,0.363
433.0,2.8760000000000003,0.486
433.25,2.801,0.526
433.5,3.141,0.5469999999999999
433.75,3.219,0.589
434.0,2.942,0.43999999999999995
434.25,2.9109999999999996,0.45730000000000004
434.5,3.372,0.8009999999999999
434.75,2.858,0.418
435.0,2.9160000000000004,0.41800000000000004
435.25,3.082,0.6499999999999999
435.5,2.919,0.522
435.75,2.997,0.606
436.0,3.061,0.7530000000000001
436.25,3.029,0.647
436.5,3.1750000000000003,0.748
436.75,2.746,0.479
437.0,2.989,0.556
437.25,2.7039999999999997,0.815
437.5,2.073,0.6020000000000001
437.75,2.077,0.691
438.0,2.259,0.9454
438.25,2.069,0.7829999999999999
438.5,2.0940000000000003,0.9470000000000001
438.75,1.987,0.79
439.0,1.976,0.6360000000000001
439.25,2.077,0.623
439.5,2.07,0.706
439.75,2.201,0.835
440.0,2.368,1.08
440.25,1.954,0.6
440.5,1.9320000000000002,0.501
440.75,1.966,0.602
441.0,1.888,0.554
441.25,2.216,0.83
441.5,2.278,0.963
441.75,2.1109999999999998,0.754
442.0,2.2190000000000003,0.8819999999999999
442.25,1.935,0.5269999999999999
442.5,2.002,0.608
442.75,2.116,0.759
443.0,2.085,0.7150000000000001
443.25,2.142,0.732
443.5,2.118,0.6930000000000001
443.75,2.153,0.79817
444.0,2.198,0.685
444.25,2.087,0.7150000000000001
444.5,2.063,0.688
444.75,2.162,0.8119999999999999
445.0,1.9380000000000002,0.533
445.25,2.099,0.7050000000000001
445.5,2.1950000000000003,0.833
445.75,1.981,0.594
446.0,2.112,0.704
446.25,2.261,0.597
446.5,2.689,0.515
446.75,2.7920000000000003,0.611
447.0,2.6790000000000003,0.548
447.25,2.792,0.6479999999999999
447.5,2.7720000000000002,0.627
447.75,2.578,0.40700000000000003
448.0,2.745,0.588
448.25,2.682,0.5309999999999999
448.5,2.577,0.402
448.75,2.8360000000000003,0.647
449.0,2.585,0.369
449.25,2.5380000000000003,0.535
449.5,2.693,0.7529999999999999
449.75,2.567,0.606
450.0,2.545,0.564
450.25,2.612,0.633
450.5,2.6420000000000003,0.7210000000000001
450.75,2.7569999999999997,0.8420000000000001
451.0,2.609,0.6859999999999999
451.25,2.6639999999999997,0.6549999999999999
451.5,2.6910000000000003,0.7330000000000001
451.75,2.543,0.513
452.0,2.48,0.42900000000000005
452.25,2.678,0.636
452.5,2.6660000000000004,0.645
452.75,2.632,0.5589999999999999
453.0,2.527,0.46
453.25,2.52,0.473
453.5,2.627,0.574
453.75,2.562,0.493
454.0,2.53,0.5
454.25,2.717,0.721
454.5,2.5279999999999996,0.528
454.75,2.6350000000000002,0.65
455.0,2.58,0.578
455.25,2.675,0.63
455.5,2.657,0.6990000000000001
455.75,2.662,0.6639999999999999
456.0,2.528,0.522
456.25,2.763,0.8049999999999999
456.5,2.67,0.749
456.75,2.592,0.622
457.0,2.583,0.6080000000000001
457.25,2.606,0.642
457.5,2.577,0.596
457.75,2.686,0.683
458.0,2.524,0.524
458.25,2.753,0.812
458.5,2.566,0.596
458.75,2.53,0.5409999999999999
459.0,2.746,0.79
459.25,2.675,0.744
459.5,2.633,0.6759999999999999
459.75,2.601,0.628
460.0,2.582,0.621
460.25,2.5860000000000003,0.626
460.5,2.5999999999999996,0.6459999999999999
460.75,2.709,0.7549999999999999
461.0,2.738,0.807
461.25,2.492,0.517
461.5,2.426,0.44600000000000006
461.75,2.654,0.666
462.0,2.587,0.526
462.25,2.638,0.662
462.5,2.622,0.662
462.75,12.91,-0.9400000000000001
463.0,22.549999999999997,-1.53
463.25,25.11,-2.01
463.5,38.2,-0.08200000000000007
463.75,45.1,0.365
464.0,45.900000000000006,0.05300000000000002
464.25,51.5,1.748
464.5,57.9,3.9160000000000004
464.75,60.5,4.186999999999999
465.0,62.7,4.744999999999999
465.25,64.0,3.6100000000000003
465.5,67.5,4.48
465.75,65.69999999999999,4.523
466.0,67.19999999999999,4.638
466.25,67.3,4.702
466.5,68.4,4.621
466.75,68.30000000000001,4.634
467.0,64.4,2.1500000000000004
467.25,64.2,1.787
467.5,64.5,2.04
467.75,63.7,2.17
468.0,65.30000000000001,2.4
468.25,62.3,2.42
468.5,57.8,2.64
468.75,51.0,2.6399999999999997
469.0,44.4,3.1289
469.25,34.13,4.5280000000000005
469.5,34.489999999999995,4.7509999999999994
469.75,33.97,4.476
470.0,33.68,4.435
470.25,33.98,4.373
470.5,32.9,4.261
470.75,33.09,4.42
471.0,33.06,4.055
471.25,28.509999999999998,2.763
471.5,24.2,1.582
471.75,23.22,1.718
472.0,19.689999999999998,1.9000000000000001
472.25,18.82,1.7200000000000002
472.5,16.4,2.6100000000000003
472.75,14.69,2.35
473.0,12.73,2.044
473.25,12.16,2.25
473.5,10.58,2.265
473.75,3.731,0.9259999999999999
474.0,2.776,0.806
474.25,2.642,0.636
474.5,2.5220000000000002,0.504
474.75,4.238,0.68
475.0,6.1240000000000006,0.5630000000000001
475.25,6.04,0.6240000000000001
475.5,5.875,0.425
475.75,5.709,0.268
476.0,6.38,0.5650000000000001
476.25,5.109999999999999,0.21100000000000002
476.5,3.6950000000000003,0.18700000000000006
476.75,3.9090000000000003,0.42599999999999993
477.0,3.8870000000000005,0.4
477.25,3.747,0.354
477.5,3.841,0.5209999999999999
477.75,3.594,0.17409999999999998
478.0,3.7670000000000003,0.433
478.25,4.009,0.771
478.5,3.744,0.454
478.75,3.747,0.44400000000000006
479.0,3.931,0.704
479.25,3.8890000000000002,0.6859999999999999
479.5,3.7649999999999997,0.516
479.75,3.652,0.378
480.0,3.6719999999999997,0.44600000000000006
480.25,4.07,0.9550000000000001
480.5,3.71,0.54
480.75,3.667,0.502
481.0,3.76,0.573
481.25,3.787,0.61
481.5,3.6799999999999997,0.44399999999999995
481.75,3.761,0.575
482.0,3.661,0.45399999999999996
482.25,3.7920000000000003,0.58
482.5,3.7989999999999995,0.5950000000000001
482.75,3.6419999999999995,0.42200000000000004
483.0,3.794,0.575
483.25,3.8,0.513
483.5,3.581,0.298
483.75,3.892,0.694
484.0,3.808,0.627
484.25,3.87,0.7080000000000001
484.5,3.7089999999999996,0.49
484.75,3.7889999999999997,0.615
485.0,3.7539999999999996,0.5680000000000001
485.25,3.666,0.46299999999999997
485.5,3.5780000000000003,0.34850000000000003
485.75,3.9449999999999994,0.846
486.0,3.748,0.6890000000000001
486.25,2.726,0.6699999999999999
486.5,2.923,0.702
486.75,19.84,-0.09399999999999997
487.0,30.61,0.19700000000000006
487.25,33.05,-0.09799999999999998
487.5,41.0,2.933
487.75,46.0,2.87
488.0,51.300000000000004,2.75
488.25,57.2,4.59
488.5,59.5,4.752
488.75,63.3,5.091
489.0,62.599999999999994,5.181
489.25,64.1,5.388999999999999
489.5,65.1,5.113
489.75,66.1,5.236000000000001
490.0,64.1,5.420999999999999
490.25,64.2,5.531
490.5,65.0,5.336
490.75,65.19999999999999,5.256
491.0,64.8,5.3709999999999996
491.25,65.5,5.442
491.5,64.7,5.101
491.75,67.69999999999999,5.553
492.0,67.2,5.319
492.25,66.10000000000001,5.401
492.5,66.0,5.288
492.75,62.8,5.299
493.0,45.8,4.2059999999999995
493.25,35.23,5.1080000000000005
493.5,34.92,5.064
493.75,27.08,2.21
494.0,24.71,1.92
494.25,24.89,1.88
494.5,24.93,1.91
494.75,23.82,2.0999999999999996
495.0,21.72,2.27
495.25,21.21,2.2600000000000002
495.5,21.08,1.99
495.75,19.18,2.41
496.0,18.13,2.1
496.25,17.25,2.2
496.5,16.16,2.27
496.75,13.310000000000002,1.6179999999999999
497.0,13.83,1.7730000000000001
497.25,12.15,1.87
497.5,11.91,1.8530000000000002
497.75,6.220000000000001,1.223
498.0,2.7139999999999995,0.44099999999999995
498.25,2.742,0.3284
498.5,3.2779999999999996,0.598
498.75,3.456,0.505
499.0,2.9480000000000004,0.366
499.25,2.968,0.383
499.5,2.839,0.27799999999999997
499.75,2.979,0.444
500.0,2.9929999999999994,0.4630000000000001
500.25,2.9899999999999998,0.508
500.5,3.0199999999999996,0.48800000000000004
500.75,3.0680000000000005,0.41100000000000003
501.0,3.0220000000000002,0.151
501.25,2.904,0.359
501.5,2.856,0.3370000000000001
501.75,3.028,0.585
502.0,2.99,0.613
502.25,2.854,0.449
502.5,2.878,0.486
502.75,2.891,0.48
503.0,2.814,0.403
503.25,3.107,0.76
503.5,2.959,0.614
503.75,2.7929999999999997,0.46099999999999997
504.0,3.021,0.683
504.25,3.008,0.624
504.5,2.848,0.503
504.75,3.006,0.683
505.0,2.791,0.43200000000000005
505.25,2.9219999999999997,0.5449999999999999
505.5,2.943,0.583
505.75,3.143,0.511
506.0,3.4850000000000003,0.8380000000000001
506.25,3.3489999999999998,0.8439999999999999
506.5,2.918,0.391
506.75,2.986,0.43499999999999994
507.0,3.065,0.6
507.25,3.128,0.631
507.5,3.1510000000000002,0.72
507.75,3.061,0.602
508.0,3.043,0.498
508.25,3.1350000000000002,0.663
508.5,2.949,0.406
508.75,3.133,0.673
509.0,3.154,0.758
509.25,2.76,0.45699999999999996
509.5,2.758,0.5409999999999999
509.75,2.833,0.625
510.0,2.73,0.556
510.25,2.7960000000000003,0.529
510.5,4.13,0.30800000000000005
510.75,14.81,-1.1959
511.0,22.78,-2.36
511.25,25.82,-2.5300000000000002
511.5,34.66,-1.1729999999999998
511.75,41.7,0.3799999999999999
512.0,52.099999999999994,2.984
512.25,54.800000000000004,4.114000000000001
512.5,55.0,4.0280000000000005
512.75,56.2,3.895
513.0,57.7,4.327
513.25,58.5,4.269
513.5,59.5,3.966
513.75,61.2,3.979
514.0,62.39999999999999,3.809
514.25,64.6,4.327999999999999
514.5,65.8,4.042
514.75,68.60000000000001,4.413
515.0,68.4,4.98
515.25,72.6,6.298
515.5,71.6,5.351
515.75,72.3,5.453
516.0,72.6,5.469
516.25,72.2,5.353999999999999
516.5,64.8,5.458
516.75,62.199999999999996,5.52
517.0,52.2,3.123
517.25,41.09,4.343999999999999
517.5,39.43,4.086
517.75,42.95,4.513999999999999
518.0,37.980000000000004,2.18
518.25,35.849999999999994,1.758
518.5,33.65,2.04
518.75,33.89,1.774
519.0,27.83,2.16
519.25,25.200000000000003,2.1799999999999997
519.5,24.11,1.6590000000000003
519.75,23.41,1.5779999999999998
520.0,19.619999999999997,1.4609999999999999
520.25,16.28,1.519
520.5,15.370000000000001,2.003
520.75,15.1,1.978
521.0,14.700000000000001,1.751
521.25,15.0,2.097
521.5,13.84,1.8219999999999998
521.75,5.7299999999999995,1.21
522.0,2.4560000000000004,0.6509
522.25,2.299,0.495
522.5,2.456,0.32830000000000004
522.75,3.146,0.367
523.0,2.9050000000000002,0.1195
523.25,3.0060000000000002,0.20458000000000004
523.5,3.3560000000000003,0.616
523.75,2.94,0.10199999999999998
524.0,3.124,0.288
524.25,3.242,0.4700000000000001
524.5,3.1189999999999998,0.23529999999999998
524.75,3.23,0.33299999999999996
525.0,3.116,0.224
525.25,3.64,0.33199999999999996
525.5,3.327,0.5529999999999999
525.75,3.106,0.359
526.0,2.9370000000000003,0.22999999999999998
526.25,3.128,0.46699999999999997
526.5,3.043,0.346
526.75,3.19,0.1997
527.0,3.5500000000000003,0.626
527.25,3.2849999999999997,0.28859999999999997
527.5,3.346,0.3505
527.75,3.7640000000000002,0.531
528.0,3.403,0.338
528.25,3.418,0.2708
528.5,3.489,0.431
528.75,3.586,0.546
529.0,3.422,0.641
529.25,3.388,0.39
529.5,2.995,0.27899999999999997
529.75,2.864,0.365
530.0,2.8529999999999998,0.32
530.25,2.858,0.3477
530.5,3.126,0.6319999999999999
530.75,2.8670000000000004,0.306
531.0,2.8409999999999997,0.20699999999999996
531.25,2.854,0.24300000000000002
531.5,2.7880000000000003,0.20223
531.75,2.899,0.365
532.0,2.955,0.44699999999999995
532.25,2.853,0.312
532.5,2.907,0.3529
532.75,3.003,0.47700000000000004
533.0,2.741,0.17409999999999998
533.25,2.827,0.21339999999999998
533.5,2.968,0.35300000000000004
533.75,2.7430000000000003,0.14759999999999998
534.0,2.7,0.2761
534.25,2.386,0.687
534.5,2.642,0.66
534.75,19.79,-1.3306000000000002
535.0,26.990000000000002,-0.5191000000000001
535.25,34.97,0.18000000000000005
535.5,42.5,2.6764
535.75,43.6,2.4617
536.0,48.1,2.298
536.25,49.6,2.107
536.5,53.5,3.902
536.75,58.8,3.637
537.0,63.3,3.915
537.25,63.8,4.086
537.5,63.2,4.342
537.75,64.4,4.321
538.0,65.30000000000001,4.42
538.25,66.3,4.0440000000000005
538.5,65.4,3.9050000000000002
538.75,63.8,3.971
539.0,63.1,4.326
539.25,63.7,4.108
539.5,62.1,4.303
539.75,61.7,4.46
540.0,62.6,4.686999999999999
540.25,63.099999999999994,5.008
540.5,62.5,5.11
540.75,61.300000000000004,5.085
541.0,42.4,4.732
541.25,37.44,4.38
541.5,37.13,4.095
541.75,38.480000000000004,4.318
542.0,34.33,2.6887
542.25,33.76,2.6399999999999997
542.5,28.86,2.12
542.75,24.75,1.9700000000000002
543.0,23.689999999999998,2.4
543.25,21.93,2.49
543.5,21.810000000000002,2.23
543.75,20.81,2.34
544.0,20.67,2.15
544.25,19.590000000000003,1.863
544.5,16.64,2.025
544.75,15.68,2.124
545.0,14.52,2.257
545.25,13.18,2.0149999999999997
545.5,10.99,0.919
545.75,6.99,1.019
546.0,3.053,0.527
546.25,3.064,0.541
546.5,3.1559999999999997,0.6479999999999999
546.75,3.223,0.739
547.0,3.02,0.472
547.25,3.111,0.522
547.5,3.011,0.445
547.75,3.1550000000000002,0.537
548.0,3.097,0.455
548.25,3.249,0.696
548.5,3.134,0.596
548.75,3.169,0.606
549.0,2.9779999999999998,0.40700000000000003
549.25,3.128,0.5750000000000001
549.5,3.151,0.5640000000000001
549.75,3.1319999999999997,0.5830000000000001
550.0,3.1080000000000005,0.519
550.25,2.941,0.32899999999999996
550.5,3.0220000000000002,0.40900000000000003
550.75,3.1849999999999996,0.63
551.0,3.01,0.44700000000000006
551.25,2.967,0.3597
551.5,3.301,0.761
551.75,3.1050000000000004,0.567
552.0,2.9560000000000004,0.36550000000000005
552.25,3.152,0.602
552.5,3.11,0.539
552.75,3.181,0.66
553.0,3.011,0.44599999999999995
553.25,3.019,0.474
553.5,3.354,0.903
553.75,3.1310000000000002,0.474
554.0,3.004,0.373
554.25,3.2510000000000003,0.7250000000000001
554.5,3.1069999999999998,0.5589999999999999
554.75,3.074,0.508
555.0,3.242,0.72
555.25,3.12,0.565
555.5,3.0629999999999997,0.5123
555.75,3.133,0.576
556.0,3.0140000000000002,0.445
556.25,3.268,0.7550000000000001
556.5,2.9989999999999997,0.403
556.75,2.968,0.378
557.0,3.1799999999999997,0.63
557.25,3.149,0.614
557.5,3.097,0.558
557.75,3.199,0.673
558.0,3.094,0.5760000000000001
558.25,3.004,0.47700000000000004
558.5,3.134,0.587
558.75,7.5,0.3
559.0,32.03,0.277
559.25,35.6,0.10399999999999987
559.5,41.199999999999996,0.31799999999999995
559.75,49.2,3.2342
560.0,49.2,2.936
560.25,51.4,3.014
560.5,54.0,3.056
560.75,54.8,2.924
561.0,55.0,2.97
561.25,55.199999999999996,3.08
561.5,56.300000000000004,2.71
561.75,56.00000000000001,2.9379999999999997
562.0,58.2,3.107
562.25,58.800000000000004,2.73
562.5,60.0,2.9699999999999998
562.75,60.599999999999994,2.8099999999999996
563.0,57.099999999999994,2.4400000000000004
563.25,52.900000000000006,2.3499999999999996
563.5,53.300000000000004,2.1799999999999997
563.75,53.5,2.63
564.0,53.8,3.02
564.25,53.4,3.1018
564.5,50.400000000000006,2.8150000000000004
564.75,50.0,2.76
565.0,38.39,4.151
565.25,32.69,4.4559999999999995
565.5,31.47,4.144
565.75,31.8,3.971
566.0,30.94,4.484
566.25,29.97,4.931
566.5,30.93,5.73
566.75,28.94,4.747
567.0,23.810000000000002,3.516
567.25,16.36,2.2
567.5,16.04,2.37
567.75,15.44,2.45
568.0,14.9,2.64
568.25,12.149999999999999,1.78
568.5,10.91,1.87
568.75,11.969999999999999,2.26
569.0,11.71,2.37
569.25,11.370000000000001,2.38
569.5,10.84,2.25
569.75,6.4399999999999995,1.1440000000000001
570.0,5.087,1.041
570.25,5.005,1.024
570.5,4.891,0.838
570.75,5.016,0.9610000000000001
571.0,4.9559999999999995,0.9199999999999999
571.25,4.9079999999999995,0.861
571.5,5.1370000000000005,1.065
571.75,4.888,0.7784000000000001
572.0,4.933,0.927
572.25,5.039,1.017
572.5,4.768000000000001,0.7212999999999999
572.75,4.808,0.838
573.0,4.934,1.071
573.25,4.846,0.982
573.5,4.9,0.99
573.75,5.013,1.084
574.0,4.838,1.014
574.25,4.928,1.0799999999999998
574.5,4.851,0.956
574.75,4.994999999999999,1.085
575.0,4.92,1.1019999999999999
575.25,4.779999999999999,0.965
575.5,4.918,1.1537000000000002
575.75,5.013,1.2349999999999999
576.0,4.718999999999999,0.844
576.25,4.708,0.8203
576.5,4.981,1.105
576.75,4.686,0.815
577.0,4.878,1.057
577.25,4.888999999999999,1.058
577.5,4.92,1.123
577.75,4.8580000000000005,1.077
578.0,4.885,1.023
578.25,4.707,0.8683
578.5,5.011,1.179
578.75,4.827,1.037
579.0,4.7989999999999995,1.01
579.25,4.911,1.115
579.5,4.811999999999999,0.9349999999999999
579.75,4.779,0.9450000000000001
580.0,5.068,1.288
580.25,4.928,1.0630000000000002
580.5,4.777,0.978
580.75,4.955,1.1520000000000001
581.0,4.899,1.098
581.25,4.802,0.993
581.5,4.865,1.0819999999999999
581.75,4.893,1.108
582.0,4.838,1.055
582.25,4.775,1.0
582.5,4.696,0.862
582.75,4.49,0.8099999999999999
583.0,4.318,0.576
583.25,4.2829999999999995,0.43300000000000005
583.5,4.222,0.42899999999999994
583.75,4.292,0.602
584.0,9.58,2.377
584.25,9.27,2.73
584.5,9.23,2.68
584.75,9.14,2.64
585.0,9.21,2.69
585.25,8.879999999999999,2.52
585.5,7.72,1.624
585.75,8.24,1.708
586.0,9.08,2.54
586.25,9.280000000000001,2.8200000000000003
586.5,8.58,2.44
586.75,8.51,2.2300000000000004
587.0,8.239999999999998,1.605
587.25,9.39,2.75
587.5,9.23,2.5
587.75,8.84,1.88
588.0,9.12,1.9500000000000002
588.25,9.33,2.4
588.5,9.26,2.45
588.75,8.24,1.486
589.0,8.809999999999999,2.0380000000000003
589.25,9.25,2.5
589.5,8.98,2.19
589.75,8.93,2.17
590.0,9.059999999999999,2.3
590.25,9.11,2.3200000000000003
590.5,8.99,1.9700000000000002
590.75,9.01,1.911
591.0,8.79,1.9940000000000002
591.25,9.079999999999998,2.41
591.5,9.02,2.2800000000000002
591.75,8.83,2.101
592.0,9.0,2.1630000000000003
592.25,9.09,2.15
592.5,8.76,1.783
592.75,9.57,1.962
593.0,9.61,1.9520000000000002
593.25,9.45,1.8170000000000002
593.5,7.23,1.488
593.75,3.292,0.4425
594.0,3.0780000000000003,0.4122
594.25,3.4699999999999998,0.533
594.5,3.71,0.26689999999999997
594.75,3.79,0.364
595.0,4.01,0.642
595.25,3.5100000000000002,0.3653
595.5,3.424,0.543
595.75,3.493,0.5690000000000001
596.0,3.324,0.402
596.25,3.308,0.378
596.5,3.356,0.3487
596.75,3.2879999999999994,0.2734
597.0,3.5249999999999995,0.6339999999999999
597.25,3.339,0.506
597.5,3.37,0.5630000000000001
597.75,3.493,0.72
598.0,3.4210000000000003,0.473
598.25,3.549,0.462
598.5,3.464,0.6849999999999999
598.75,3.3949999999999996,0.442
599.0,3.5389999999999997,0.593
599.25,3.614,0.652
599.5,3.55,0.608
599.75,3.581,0.577
600.0,3.642,0.523
600.25,3.601,0.5
600.5,3.696,0.597
600.75,3.55,0.42999999999999994
601.0,3.6660000000000004,0.618
601.25,3.926,0.89
601.5,3.627,0.514
601.75,3.47,0.382
602.0,3.9899999999999993,0.597
602.25,3.81,0.578
602.5,3.7600000000000002,0.432
602.75,3.96,0.666
603.0,3.83,0.5740000000000001
603.25,4.02,0.666
603.5,3.7700000000000005,0.5900000000000001
603.75,3.62,0.34600000000000003
604.0,3.91,0.673
604.25,3.77,0.54
604.5,3.7,0.507
604.75,3.99,0.638
605.0,3.84,0.601
605.25,3.7600000000000002,0.527
605.5,3.8099999999999996,0.5589999999999999
605.75,2.755,0.63
606.0,2.748,0.6080000000000001
606.25,2.951,0.8380000000000001
606.5,2.638,0.577
606.75,3.1479999999999997,0.7829999999999999
607.0,3.2489999999999997,0.865
607.25,2.9099999999999997,0.468
607.5,3.125,0.76
607.75,3.167,0.8339999999999999
608.0,3.0730000000000004,0.638
608.25,3.1380000000000003,0.721
608.5,3.1710000000000003,0.755
608.75,3.134,0.756
609.0,3.176,0.8109999999999999
609.25,2.98,0.6719999999999999
609.5,2.84,0.7569999999999999
609.75,3.4699999999999998,0.8790000000000001
610.0,3.349,0.7060000000000001
610.25,3.3200000000000003,0.6890000000000001
610.5,3.505,0.891
610.75,3.47,0.859
611.0,3.38,0.761
611.25,3.333,0.668
611.5,3.253,0.5509999999999999
611.75,3.5600000000000005,0.9279999999999999
612.0,3.36,0.706
612.25,3.9399999999999995,0.7130000000000001
612.5,3.57,0.882
612.75,3.6000000000000005,0.907
613.0,3.175,0.6439999999999999
613.25,3.417,0.8069999999999999
613.5,3.39,0.751
613.75,3.3890000000000002,0.911
614.0,3.3249999999999997,0.7969999999999999
614.25,3.297,0.782
614.5,3.294,0.764
614.75,3.489,0.998
615.0,3.18,0.646
615.25,3.189,0.658
615.5,3.3520000000000003,0.8450000000000001
615.75,2.754,0.663
616.0,2.823,0.645
616.25,2.8979999999999997,0.7110000000000001
616.5,2.9730000000000003,0.677
616.75,2.8360000000000003,0.647
617.0,2.733,0.532
617.25,2.731,0.536
617.5,2.853,0.67
617.75,2.929,0.747
618.0,2.803,0.592
618.25,2.8840000000000003,0.8260000000000001
618.5,2.658,0.5680000000000001
618.75,2.615,0.495
619.0,2.811,0.726
619.25,2.917,0.663
619.5,3.372,0.451
619.75,3.466,0.5409999999999999
620.0,3.37,0.45099999999999996
620.25,3.4299999999999997,0.548
620.5,3.418,0.527
620.75,3.3899999999999997,0.502
621.0,3.418,0.533
621.25,3.8280000000000003,0.489
621.5,3.432,0.34299999999999997
621.75,3.4370000000000003,0.568
622.0,3.528,0.676
622.25,3.312,0.403
622.5,3.424,0.513
622.75,3.3609999999999998,0.45499999999999996
623.0,3.3949999999999996,0.529
623.25,3.468,0.609
623.5,3.434,0.5670000000000001
623.75,3.5759999999999996,0.663
624.0,3.419,0.549
624.25,3.3120000000000003,0.419
624.5,3.367,0.477
624.75,3.6100000000000003,0.6529999999999999
625.0,3.76,0.549
625.25,3.9299999999999997,0.7210000000000001
625.5,4.06,0.866
625.75,3.79,0.5559999999999999
626.0,3.73,0.48700000000000004
626.25,3.84,0.6339999999999999
626.5,3.92,0.782
626.75,3.9299999999999997,0.768
627.0,3.7699999999999996,0.533
627.25,3.8200000000000003,0.5930000000000001
627.5,3.65,0.627
627.75,3.26,0.5680000000000001
628.0,3.168,0.46399999999999997
628.25,3.4349999999999996,0.801
628.5,3.181,0.478
628.75,3.4800000000000004,0.613
629.0,3.9099999999999997,0.6950000000000001
629.25,3.303,0.5269999999999999
629.5,3.245,0.45699999999999996
629.75,3.338,0.589
630.0,3.3689999999999998,0.666
630.25,2.9130000000000003,0.678
630.5,2.534,0.587
630.75,16.28,-1.5799999999999998
631.0,22.259999999999998,-1.9700000000000002
631.25,23.77,-2.4299999999999997
631.5,33.5,0.1225
631.75,38.9,0.24399999999999997
632.0,40.2,-0.025999999999999995
632.25,41.4,0.1496
632.5,44.5,0.593
632.75,48.0,1.044
633.0,50.7,1.1063999999999998
633.25,52.6,1.554
633.5,55.900000000000006,1.3338
633.75,55.8,1.114
634.0,55.400000000000006,0.94
634.25,53.5,0.8160000000000001
634.5,57.89999999999999,2.73
634.75,59.300000000000004,3.415
635.0,60.0,3.479
635.25,58.900000000000006,3.3449999999999998
635.5,58.5,3.2350000000000003
635.75,57.6,4.066000000000001
636.0,56.8,4.27
636.25,55.1,4.100999999999999
636.5,53.4,4.5600000000000005
636.75,55.7,4.855
637.0,46.7,6.11
637.25,39.620000000000005,6.03
637.5,34.36,3.594
637.75,30.87,3.8709999999999996
638.0,25.23,1.733
638.25,22.29,0.986
638.5,21.48,1.1600000000000001
638.75,20.53,1.151
639.0,18.89,1.396
639.25,13.239999999999998,2.027
639.5,13.64,1.7799999999999998
639.75,14.72,1.629
640.0,12.440000000000001,1.5690000000000002
640.25,12.129999999999999,1.575
640.5,12.55,1.7970000000000002
640.75,11.02,1.404
641.0,10.899999999999999,1.428
641.25,9.66,1.4291
641.5,9.22,1.6840000000000002
641.75,6.470000000000001,0.7313000000000001
642.0,2.7600000000000002,0.354
642.25,2.841,0.3941
642.5,4.9350000000000005,0.33610000000000007
642.75,4.567,0.4179999999999999
643.0,4.683,0.364
643.25,3.6420000000000003,0.42300000000000004
643.5,3.042,0.39
643.75,2.855,0.22750000000000004
644.0,3.052,0.45600000000000007
644.25,3.104,0.448
644.5,2.827,0.21499999999999997
644.75,2.908,0.265
645.0,2.9979999999999998,0.405
645.25,3.608,0.22210000000000005
645.5,3.0090000000000003,0.22399999999999998
645.75,2.9240000000000004,0.2794
646.0,2.987,0.307
646.25,2.87,0.309
646.5,2.776,0.20799999999999996
646.75,2.968,0.308
647.0,3.0060000000000002,0.41000000000000003
647.25,2.9400000000000004,0.389
647.5,2.803,0.25680000000000003
647.75,2.9899999999999998,0.448
648.0,2.9250000000000003,0.43100000000000005
648.25,2.9800000000000004,0.43299999999999994
648.5,3.019,0.503
648.75,2.8310000000000004,0.309
649.0,2.846,0.35700000000000004
649.25,2.9699999999999998,0.414
649.5,3.05,0.36
649.75,3.5380000000000003,0.5780000000000001
650.0,3.4110000000000005,0.48869999999999997
650.25,3.358,0.5559999999999999
650.5,2.785,0.462
650.75,2.6350000000000002,0.24170000000000003
651.0,2.922,0.5339999999999999
651.25,2.739,0.30400000000000005
651.5,2.665,0.22899999999999995
651.75,2.856,0.473
652.0,2.939,0.488
652.25,3.258,0.355
652.5,3.292,0.31360000000000005
652.75,3.017,0.5780000000000001
653.0,2.7150000000000003,0.274
653.25,2.6999999999999997,0.20600000000000002
653.5,2.824,0.26499999999999996
653.75,3.097,0.562
654.0,2.7880000000000003,0.435
654.25,2.043,0.347
654.5,2.187,0.606
654.75,13.13,-0.889
655.0,27.87,-0.8695
655.25,33.0,-1.097
655.5,41.400000000000006,0.896
655.75,51.199999999999996,1.7970000000000002
656.0,51.9,2.025
656.25,54.199999999999996,2.215
656.5,52.599999999999994,2.2119999999999997
656.75,53.400000000000006,2.108
657.0,53.5,2.2249999999999996
657.25,54.099999999999994,2.048
657.5,54.7,2.012
657.75,56.9,2.106
658.0,57.2,2.057
658.25,56.5,1.665
658.5,58.2,1.283
658.75,58.400000000000006,1.4409999999999998
659.0,55.3,0.9690000000000001
659.25,53.5,1.186
659.5,53.900000000000006,1.178
659.75,59.3,3.4779999999999998
660.0,58.599999999999994,4.078
660.25,58.3,4.156
660.5,58.0,4.468999999999999
660.75,57.3,4.687
661.0,46.3,5.96
661.25,41.3,6.65
661.5,36.17,4.515000000000001
661.75,32.61,4.129
662.0,33.150000000000006,3.9440000000000004
662.25,32.61,3.97
662.5,34.63,4.481
662.75,32.59,4.07
663.0,30.58,3.795
663.25,21.43,2.02
663.5,18.29,1.077
663.75,17.3,1.136
664.0,18.11,0.942
664.25,17.57,1.006
664.5,15.52,1.135
664.75,14.55,1.5050000000000001
665.0,13.23,0.7949999999999999
665.25,12.23,1.6600000000000001
665.5,12.07,1.82
665.75,7.23,0.702
666.0,4.072,0.032399999999999984
666.25,4.21,0.10770000000000002
666.5,4.3100000000000005,0.07999999999999996
666.75,4.48,0.21699999999999997
667.0,4.18,0.22299999999999998
667.25,3.88,0.12499999999999997
667.5,3.8,-0.03199999999999997
667.75,3.83,0.010000000000000009
668.0,3.92,0.154
668.25,3.77,-0.06499999999999997
668.5,3.78,-0.0764
668.75,3.87,0.211
669.0,3.49,0.08199999999999999
669.25,3.147,-0.1445
669.5,3.275,0.06799999999999998
669.75,3.4799999999999995,0.348
670.0,3.544,0.405
670.25,3.4,0.13200000000000003
670.5,3.4579999999999997,0.232
670.75,3.399,0.23399999999999996
671.0,3.338,0.15100000000000002
671.25,3.393,0.22799999999999998
671.5,3.55,0.41200000000000003
671.75,3.231,0.278
672.0,3.128,0.33499999999999996
672.25,3.238,0.4739999999999999
672.5,3.1069999999999998,0.33599999999999997
672.75,3.016,0.21899999999999997
673.0,3.0700000000000003,0.25499999999999995
673.25,3.277,0.504
673.5,3.005,0.292
673.75,3.4779999999999998,0.421
674.0,3.609,0.44200000000000006
674.25,3.591,0.46399999999999997
674.5,3.443,0.251
674.75,3.446,0.277
675.0,2.894,0.23399999999999999
675.25,2.9210000000000003,0.266
675.5,3.0309999999999997,0.41400000000000003
675.75,2.993,0.373
676.0,2.948,0.267
676.25,2.973,0.27049999999999996
676.5,2.913,0.271
676.75,3.056,0.44799999999999995
677.0,3.101,0.521
677.25,2.929,0.2884999999999999
677.5,3.073,0.358
677.75,3.28,0.548
678.0,2.775,0.33499999999999996
678.25,2.137,0.32599999999999996
678.5,2.23,0.44
678.75,20.869999999999997,-0.8238800000000002
679.0,28.14,-0.24099999999999988
679.25,32.54,-0.30389999999999995
679.5,44.2,2.52
679.75,48.400000000000006,1.927
680.0,55.800000000000004,3.694
680.25,57.900000000000006,3.9
680.5,58.7,3.8689999999999998
680.75,60.1,3.997
681.0,60.2,3.9939999999999998
681.25,61.5,4.156
681.5,61.8,4.121
681.75,63.5,4.307
682.0,63.300000000000004,4.54
682.25,61.5,4.404
682.5,62.2,4.385
682.75,62.3,4.37
683.0,65.9,6.73
683.25,63.10000000000001,5.324
683.5,63.8,5.41
683.75,64.4,5.279
684.0,62.0,6.08
684.25,63.300000000000004,6.218
684.5,58.7,5.389
684.75,55.1,5.84
685.0,46.900000000000006,6.74
685.25,44.2,6.42
685.5,39.46,4.026
685.75,35.88,3.925
686.0,31.86,2.55
686.25,29.94,2.39
686.5,22.090000000000003,2.19
686.75,20.119999999999997,2.48
687.0,19.099999999999998,2.2800000000000002
687.25,16.060000000000002,2.05
687.5,16.43,2.3
687.75,16.380000000000003,2.4
688.0,16.29,2.27
688.25,14.89,1.9000000000000001
688.5,12.510000000000002,1.698
688.75,12.309999999999999,2.192
689.0,11.75,2.54
689.25,10.280000000000001,1.7309999999999999
689.5,10.25,1.2120000000000002
689.75,8.57,1.855
690.0,3.592,0.591
690.25,2.8409999999999997,0.502
690.5,3.6500000000000004,0.618
690.75,3.6,0.696
691.0,3.2800000000000002,0.6990000000000001
691.25,3.199,0.5640000000000001
691.5,3.213,0.622
691.75,3.103,0.469
692.0,3.064,0.45699999999999996
692.25,3.239,0.623
692.5,3.2750000000000004,0.62
692.75,3.5549999999999997,0.489
693.0,3.187,0.456
693.25,3.21,0.525
693.5,3.229,0.5409999999999999
693.75,3.077,0.39399999999999996
694.0,3.276,0.661
694.25,3.245,0.6060000000000001
694.5,3.098,0.423
694.75,3.1399999999999997,0.492
695.0,3.4269999999999996,0.8410000000000001
695.25,3.23,0.6020000000000001
695.5,3.022,0.386
695.75,3.1369999999999996,0.543
696.0,3.279,0.625
696.25,3.153,0.501
696.5,3.3200000000000003,0.674
696.75,3.19,0.536
697.0,3.19,0.5469999999999999
697.25,3.373,0.7250000000000001
697.5,3.1430000000000002,0.577
697.75,3.5199999999999996,0.622
698.0,3.76,0.831
698.25,3.6959999999999997,0.764
698.5,3.6399999999999997,0.733
698.75,3.52,0.525
699.0,3.64,0.669
699.25,3.5300000000000002,0.555
699.5,3.083,0.63
699.75,3.0810000000000004,0.6539999999999999
700.0,3.0410000000000004,0.651
700.25,3.026,0.6300000000000001
700.5,2.962,0.529
700.75,3.55,0.8250000000000001
701.0,3.46,0.557
701.25,2.963,0.485
701.5,3.162,0.5680000000000001
701.75,2.795,0.824
702.0,2.718,0.782
702.25,2.489,0.75
702.5,2.543,0.9319999999999999
702.75,16.630000000000003,-1.92
703.0,21.0,-2.21
703.25,22.93,-2.3299999999999996
703.5,25.950000000000003,-1.8800000000000001
703.75,31.009999999999998,-1.92
704.0,42.099999999999994,2.6289999999999996
704.25,50.8,4.465
704.5,52.699999999999996,4.5680000000000005
704.75,53.699999999999996,4.4030000000000005
705.0,55.199999999999996,4.48
705.25,56.9,4.622
705.5,54.300000000000004,4.356
705.75,54.099999999999994,4.228
706.0,53.7,4.154
706.25,53.9,4.122
706.5,55.8,4.2620000000000005
706.75,55.8,4.1129999999999995
707.0,54.8,4.563000000000001
707.25,54.599999999999994,3.6790000000000003
707.5,52.400000000000006,4.173
707.75,54.300000000000004,5.2219999999999995
708.0,55.3,5.746
708.25,56.4,5.909
708.5,53.0,5.787
708.75,50.7,6.004
709.0,37.989999999999995,7.42
709.25,32.57,7.76
709.5,27.660000000000004,5.202
709.75,28.299999999999997,5.412
710.0,27.19,5.424
710.25,25.259999999999998,3.782
710.5,22.619999999999997,2.9867
710.75,24.52,4.58
711.0,22.65,4.486
711.25,19.46,4.436999999999999
711.5,15.219999999999999,2.76
711.75,12.77,1.7429999999999999
712.0,12.29,1.731
712.25,11.740000000000002,1.665
712.5,11.870000000000001,1.895
712.75,10.82,2.0469999999999997
713.0,10.46,1.93
713.25,10.68,2.041
713.5,10.35,2.36
713.75,6.529999999999999,1.288
714.0,3.0620000000000003,0.572
714.25,3.148,0.55
714.5,3.2380000000000004,0.5339999999999999
714.75,3.158,0.48000000000000004
715.0,3.045,0.349
715.25,3.2439999999999998,0.44399999999999995
715.5,3.2779999999999996,0.476
715.75,3.274,0.479
716.0,3.41,0.646
716.25,3.1959999999999997,0.3451
716.5,3.285,0.47100000000000003
716.75,3.2319999999999998,0.42300000000000004
717.0,3.6559999999999997,0.318
717.25,3.254,0.33399999999999996
717.5,3.178,0.45699999999999996
717.75,3.493,0.531
718.0,3.368,0.40599999999999997
718.25,3.351,0.41600000000000004
718.5,3.269,0.28459999999999996
718.75,3.481,0.584
719.0,3.346,0.39899999999999997
719.25,3.2960000000000003,0.351
719.5,3.5599999999999996,0.586
719.75,3.3579999999999997,0.42699999999999994
720.0,3.3400000000000003,0.407
720.25,3.336,0.43599999999999994
720.5,3.5300000000000002,0.603
720.75,3.39,0.471
721.0,3.321,0.41600000000000004
721.25,3.408,0.45599999999999996
721.5,3.3550000000000004,0.443
721.75,3.6,0.621
722.0,3.4299999999999997,0.39899999999999997
722.25,3.51,0.503
722.5,3.53,0.621
722.75,3.56,0.43800000000000006
723.0,3.51,0.483
723.25,3.55,0.527
723.5,3.6500000000000004,0.5930000000000001
723.75,3.51,0.48000000000000004
724.0,3.58,0.5810000000000001
724.25,3.6799999999999997,0.646
724.5,3.1020000000000003,0.41000000000000003
724.75,3.233,0.589
725.0,3.111,0.399
725.25,3.226,0.5229999999999999
725.5,3.351,0.6180000000000001
725.75,2.624,0.5690000000000001
726.0,2.6639999999999997,0.724
726.25,2.435,0.585
726.5,2.543,0.696
726.75,7.99,0.123
727.0,26.25,-0.265
727.25,27.92,-0.22540000000000004
727.5,39.400000000000006,2.7300000000000004
727.75,42.3,3.3
728.0,46.5,4.937
728.25,47.3,4.9559999999999995
728.5,48.8,5.031000000000001
728.75,49.5,4.6662
729.0,49.199999999999996,4.8420000000000005
729.25,51.2,5.109
729.5,51.2,5.337
729.75,51.1,5.042
730.0,52.099999999999994,4.681
730.25,54.3,5.159
730.5,53.9,5.133
730.75,53.9,4.751
731.0,53.900000000000006,4.927
731.25,53.2,4.269
731.5,53.9,3.3137
731.75,57.6,4.9719999999999995
732.0,56.0,4.353
732.25,53.00000000000001,4.708
732.5,49.1,3.7910000000000004
732.75,48.0,4.319
733.0,33.58,6.300000000000001
733.25,28.980000000000004,4.961
733.5,27.619999999999997,4.121
733.75,26.55,3.533
734.0,19.259999999999998,1.359
734.25,19.270000000000003,1.254
734.5,20.580000000000002,1.213
734.75,17.31,1.341
735.0,15.440000000000001,1.16
735.25,16.11,1.209
735.5,15.629999999999999,1.2570000000000001
735.75,14.41,1.261
736.0,13.77,1.569
736.25,12.11,1.487
736.5,11.54,1.7570000000000001
736.75,11.04,2.0
737.0,11.120000000000001,2.03
737.25,11.45,2.16
737.5,11.52,2.178
737.75,6.4799999999999995,1.25
738.0,2.8890000000000002,0.348
738.25,2.9080000000000004,0.392
738.5,3.0279999999999996,0.602
738.75,3.0069999999999997,0.366
739.0,3.1189999999999998,0.439
739.25,2.9730000000000003,0.391
739.5,3.1180000000000003,0.474
739.75,3.019,0.43000000000000005
740.0,3.235,0.562
740.25,3.032,0.30290000000000006
740.5,3.138,0.435
740.75,3.186,0.18199999999999997
741.0,3.153,0.35
741.25,3.2350000000000003,0.443
741.5,3.29,0.532
741.75,3.3309999999999995,0.5469999999999999
742.0,3.3000000000000003,0.513
742.25,3.379,0.5429999999999999
742.5,3.269,0.419
742.75,3.479,0.617
743.0,3.2329999999999997,0.41600000000000004
743.25,3.3289999999999997,0.5860000000000001
743.5,3.3200000000000003,0.552
743.75,3.2750000000000004,0.5149999999999999
744.0,3.2300000000000004,0.479
744.25,3.5250000000000004,0.7549999999999999
744.5,3.209,0.416
744.75,3.2119999999999997,0.536
745.0,3.73,0.6950000000000001
745.25,3.7600000000000002,0.593
745.5,3.8,0.6970000000000001
745.75,3.5700000000000003,0.495
746.0,3.7299999999999995,0.6099999999999999
746.25,3.41,0.649
746.5,3.043,0.423
746.75,3.065,0.44599999999999995
747.0,3.258,0.68
747.25,3.056,0.449
747.5,3.2089999999999996,0.637
747.75,3.0869999999999997,0.5089999999999999
748.0,3.01,0.396
748.25,3.1529999999999996,0.5840000000000001
748.5,3.24,0.738
748.75,3.0700000000000003,0.476
749.0,3.197,0.621
749.25,3.2510000000000003,0.6910000000000001
749.5,3.051,0.42200000000000004
749.75,3.157,0.5609999999999999
750.0,2.5260000000000002,0.67
750.25,2.532,0.763
750.5,2.484,0.636
750.75,2.484,0.699
751.0,2.5780000000000003,0.8089999999999999
751.25,2.5570000000000004,0.8220000000000001
751.5,2.358,0.5680000000000001
751.75,2.5810000000000004,0.833
752.0,2.4210000000000003,0.658
752.25,1.775,0.33
752.5,0.0,0.0
752.75,0.0,0.0
753.0,0.0,0.0
753.25,0.0,0.0
753.5,3.2430000000000003,1.4547
753.75,3.289,1.5783
754.0,2.787,1.024
754.25,2.7190000000000003,0.942
754.5,2.599,0.802
754.75,2.665,0.9059999999999999
755.0,2.526,0.72
755.25,2.561,0.722
755.5,3.243,0.975
755.75,8.68,2.8
756.0,9.03,3.02
756.25,8.52,2.82
756.5,8.469999999999999,2.98
756.75,7.6,2.11
757.0,7.47,1.831
757.25,8.24,2.49
757.5,8.290000000000001,2.76
757.75,7.52,2.16
758.0,8.51,2.83
758.25,7.62,1.782
758.5,7.4799999999999995,1.99
758.75,8.38,2.7199999999999998
759.0,8.51,2.7800000000000002
759.25,8.23,2.437
759.5,6.62,1.258
759.75,8.16,2.52
760.0,8.370000000000001,2.41
760.25,8.54,2.7300000000000004
760.5,7.470000000000001,2.1
760.75,7.42,1.63
761.0,8.14,2.02
761.25,8.469999999999999,2.4
761.5,7.470000000000001,1.9000000000000001
761.75,2.561,0.8979999999999999
762.0,2.305,0.629
762.25,2.593,0.919
762.5,2.526,0.7949999999999999
762.75,2.418,0.759
763.0,2.3810000000000002,0.7050000000000001
763.25,2.349,0.649
763.5,2.8970000000000002,0.9156
763.75,3.7300000000000004,0.7310000000000001
764.0,3.7800000000000002,0.726
764.25,3.6599999999999997,0.601
764.5,3.74,0.741
764.75,3.6100000000000003,0.5900000000000001
765.0,3.3449999999999998,0.688
765.25,3.324,0.522
765.5,3.836,0.871
765.75,3.159,0.654
766.0,3.2199999999999998,0.7250000000000001
766.25,3.093,0.472
766.5,3.303,0.823
766.75,3.179,0.6910000000000001
767.0,3.257,0.775
767.25,3.175,0.66
767.5,3.2640000000000002,0.759
767.75,3.25,0.716
768.0,3.213,0.679
768.25,3.21,0.649
768.5,3.1260000000000003,0.571
768.75,3.2550000000000003,0.741
769.0,3.145,0.572
769.25,3.106,0.548
769.5,0.0,0.0
769.75,0.0,0.0
770.0,0.0,0.0
770.25,0.0,0.0
770.5,0.0,0.0
770.75,0.0,0.0
771.0,0.0,0.0
771.25,0.0,0.0
771.5,0.0,0.0
771.75,0.0,0.0
772.0,0.0,0.0
772.25,0.0,0.0
772.5,4.16,1.663
772.75,4.039999999999999,1.5887
773.0,3.56,1.058
773.25,3.86,1.05933
773.5,2.91,1.0090000000000001
773.75,2.756,0.964
774.0,2.713,0.951
774.25,2.57,0.95
774.5,2.784,1.228
774.75,2.8289999999999997,1.3228
775.0,2.686,0.9276899999999999
775.25,2.745,0.934
775.5,2.6719999999999997,0.8789999999999999
775.75,2.774,0.986
776.0,2.797,0.963
776.25,2.636,0.971
776.5,2.6050000000000004,0.976
776.75,2.668,1.043
777.0,2.706,1.0241
777.25,2.769,0.9390000000000001
777.5,2.6189999999999998,0.879
777.75,2.464,0.6809999999999999
778.0,2.538,0.748
778.25,2.616,0.8719999999999999
778.5,2.676,0.9530000000000001
778.75,2.571,0.813
779.0,2.632,0.8220000000000001
779.25,2.577,0.79
779.5,2.682,0.8820000000000001
779.75,2.5229999999999997,0.639
780.0,2.503,0.636
780.25,2.9779999999999998,0.729
780.5,3.112,0.788
780.75,3.024,0.6779999999999999
781.0,2.95,0.605
781.25,2.917,0.5549999999999999
781.5,3.129,0.882
781.75,3.013,0.7170000000000001
782.0,2.988,0.633
782.25,3.157,0.834
782.5,2.9880000000000004,0.614
782.75,2.9429999999999996,0.5740000000000001
783.0,3.011,0.642
783.25,3.162,0.777
783.5,3.13,0.6739999999999999
783.75,3.136,0.736
784.0,3.1159999999999997,0.73
784.25,3.114,0.719
784.5,3.064,0.694
784.75,2.981,0.603
785.0,3.01,0.648
785.25,2.987,0.627
785.5,3.101,0.746
785.75,3.101,0.7402
786.0,3.056,0.674
786.25,3.024,0.657
786.5,3.0589999999999997,0.6980000000000001
786.75,3.085,0.7290000000000001
787.0,3.3979999999999997,0.739
787.25,3.84,0.552
787.5,3.91,0.624
787.75,4.06,0.8234
788.0,3.7699999999999996,0.536
788.25,3.81,0.563
788.5,3.8499999999999996,0.8280000000000001
788.75,3.322,0.547
789.0,3.681,0.527
789.25,3.278,0.381
789.5,3.4450000000000003,0.752
789.75,3.569,0.9476
790.0,3.239,0.5569999999999999
790.25,3.4120000000000004,0.759
790.5,3.3400000000000003,0.626
790.75,3.234,0.482
791.0,3.4480000000000004,0.6579999999999999
791.25,3.4130000000000003,0.7
791.5,3.445,0.745
791.75,3.558,0.999
792.0,3.098,0.416
792.25,3.322,0.6819999999999999
792.5,3.426,0.805
792.75,3.324,0.7020000000000001
793.0,3.206,0.51
793.25,3.502,0.803
793.5,3.79,0.6583300000000001
793.75,3.499,0.853
794.0,3.168,0.634
794.25,3.1239999999999997,0.592
794.5,3.137,0.615
794.75,3.218,0.693
795.0,3.316,0.743
795.25,3.29,0.76
795.5,3.1550000000000002,0.672
795.75,3.89,0.877
796.0,3.96,0.946
796.25,3.01,0.482
796.5,3.29,0.849
796.75,3.2359999999999998,0.747
797.0,3.327,0.862
797.25,3.312,0.7330000000000001
797.5,3.035,0.412
797.75,3.1500000000000004,0.824
798.0,2.841,1.047
798.25,2.403,0.65
798.5,2.5060000000000002,0.833
798.75,5.07,1.351
799.0,14.08,2.74
799.25,30.630000000000003,2.66
799.5,47.6,3.26
799.75,49.0,3.3449999999999998
800.0,49.599999999999994,3.5092
800.25,53.8,5.211
800.5,54.5,5.242
800.75,54.699999999999996,5.093
801.0,55.3,4.831
801.25,59.0,4.987
801.5,65.5,5.069
801.75,66.9,5.194
802.0,73.69999999999999,7.83
802.25,73.0,7.459999999999999
802.5,74.9,7.46
802.75,76.4,7.42
803.0,73.30000000000001,7.1899999999999995
803.25,72.7,7.2
803.5,72.69999999999999,7.64
803.75,75.1,8.61
804.0,78.9,10.870000000000001
804.25,71.6,8.3
804.5,67.69999999999999,7.92
804.75,65.6,7.54
805.0,55.3,7.07
805.25,49.599999999999994,8.2
805.5,37.58,5.545
805.75,32.03,3.2
806.0,30.409999999999997,2.58
806.25,27.67,1.8370000000000002
806.5,27.92,1.8039999999999998
806.75,29.52,2.7199999999999998
807.0,25.81,2.96
807.25,21.02,1.9289999999999998
807.5,20.89,2.46
807.75,20.38,2.157
808.0,19.84,2.7
808.25,19.22,3.36
808.5,17.83,3.38
808.75,14.66,1.8479999999999999
809.0,12.75,1.8499999999999999
809.25,14.83,3.09
809.5,14.55,2.75
809.75,6.859999999999999,1.32
810.0,3.9770000000000003,0.976
810.25,3.674,0.65
810.5,3.8810000000000002,0.877
810.75,3.878,0.897
811.0,3.8609999999999998,0.81
811.25,3.755,0.6000000000000001
811.5,3.896,0.817
811.75,4.013,0.971
812.0,3.907,0.8759999999999999
812.25,3.9099999999999997,0.911
812.5,3.7929999999999997,0.71
812.75,3.849,0.775
813.0,3.803,0.726
813.25,3.936,0.8620000000000001
813.5,3.9429999999999996,0.883
813.75,3.827,0.8089999999999999
814.0,3.793,0.727
814.25,3.902,0.871
814.5,3.9130000000000003,0.896
814.75,3.818,0.764
815.0,4.038,1.046
815.25,3.9059999999999997,0.864
815.5,3.9050000000000002,0.9219999999999999
815.75,3.771,0.707
816.0,3.9050000000000002,0.8510000000000001
816.25,3.9459999999999997,0.8619999999999999
816.5,3.8569999999999998,0.765
816.75,3.963,0.891
817.0,3.887,0.7200000000000001
817.25,3.892,0.849
817.5,3.947,0.935
817.75,4.050000000000001,1.062
818.0,3.968,0.96
818.25,3.7489999999999997,0.6639999999999999
818.5,3.8920000000000003,0.862
818.75,3.979,0.997
819.0,4.12,1.131
819.25,3.8970000000000002,0.9179999999999999
819.5,3.901,0.893
819.75,3.678,0.6000000000000001
820.0,4.021,1.03
820.25,3.935,0.9400000000000001
820.5,4.0,1.051
820.75,3.9939999999999998,1.014
821.0,3.846,0.826
821.25,3.918,0.906
821.5,3.939,0.955
821.75,3.971,0.915
822.0,3.876,0.782
822.25,4.044,1.0390000000000001
822.5,3.91,0.905
822.75,15.48,0.31700000000000006
823.0,35.519999999999996,2.4880000000000004
823.25,38.57,2.751
823.5,47.900000000000006,4.952
823.75,55.1,4.928
824.0,56.7,4.6739999999999995
824.25,61.2,5.663
824.5,62.199999999999996,5.766
824.75,64.1,5.811
825.0,65.0,5.698
825.25,68.3,5.9079999999999995
825.5,70.3,5.432
825.75,70.69999999999999,5.427
826.0,73.6,6.063
826.25,73.2,5.677999999999999
826.5,74.5,5.785
826.75,75.6,5.603
827.0,71.30000000000001,5.322
827.25,70.1,5.248
827.5,71.4,5.192
827.75,69.9,5.274
828.0,72.80000000000001,7.73
828.25,72.8,8.309999999999999
828.5,71.0,8.39
828.75,68.4,7.300000000000001
829.0,54.8,7.529999999999999
829.25,48.1,8.34
829.5,41.17,5.474
829.75,41.25,5.616
830.0,41.6,4.949999999999999
830.25,40.0,5.108
830.5,43.2,6.78
830.75,43.6,7.029999999999999
831.0,32.400000000000006,3.37
831.25,23.06,2.05
831.5,23.18,2.5999999999999996
831.75,22.59,2.5700000000000003
832.0,21.630000000000003,2.038
832.25,16.98,2.1
832.5,17.11,2.75
832.75,14.78,2.73
833.0,14.59,2.62
833.25,13.47,2.04
833.5,13.399999999999999,2.34
833.75,9.99,2.165
834.0,3.45,1.0728
834.25,3.42,1.0283
834.5,3.38,1.0068
834.75,3.3899999999999997,1.0070999999999999
835.0,3.265,0.895
835.25,3.381,0.964
835.5,3.1480000000000006,0.6744
835.75,3.365,0.941
836.0,3.41,0.968
836.25,3.49,1.0916000000000001
836.5,3.26,0.82782
836.75,3.3,0.885
837.0,3.2619999999999996,0.847
837.25,3.4050000000000002,0.994
837.5,3.227,0.843
837.75,3.4299999999999997,0.9450000000000001
838.0,3.41,0.9371
838.25,3.33,0.8815000000000001
838.5,3.39,0.915
838.75,3.365,0.9510000000000001
839.0,3.356,0.973
839.25,3.414,1.043
839.5,3.4299999999999997,1.06833
839.75,3.35,0.9977
840.0,3.3699999999999997,0.9954000000000001
840.25,3.4400000000000004,1.1034
840.5,3.54,1.288
840.75,3.4299999999999997,1.135
841.0,3.55,1.165
841.25,3.283,0.959
841.5,3.5300000000000002,1.2349999999999999
841.75,3.4299999999999997,1.0811
842.0,3.44,1.105
842.25,3.4400000000000004,1.138
842.5,3.41,1.106
842.75,3.1750000000000003,0.814
843.0,3.3899999999999997,1.083
843.25,3.35,1.05
843.5,3.6399999999999997,1.2652
843.75,3.306,0.869
844.0,3.415,1.0150000000000001
844.25,3.346,0.94
844.5,3.3899999999999997,0.994
844.75,3.197,0.792
845.0,3.48,1.0695
845.25,3.53,1.0565
845.5,3.5300000000000002,1.137
845.75,3.32,0.9309999999999999
846.0,3.39,1.036
846.25,3.3,0.9369999999999999
846.5,3.4099999999999997,1.068
846.75,18.64,1.3845
847.0,37.08,3.3235
847.25,42.3,3.347
847.5,49.5,3.656
847.75,50.9,3.678
848.0,52.699999999999996,3.4429999999999996
848.25,60.9,3.239
848.5,61.5,3.277
848.75,62.3,3.4539999999999997
849.0,68.1,3.933
849.25,69.4,3.9610000000000003
849.5,70.0,3.776
849.75,69.2,3.971
850.0,68.9,3.746
850.25,70.1,3.8499999999999996
850.5,70.7,3.8840000000000003
850.75,74.2,5.5200000000000005
851.0,76.1,6.630000000000001
851.25,77.9,6.04
851.5,78.7,7.59
851.75,81.0,9.09
852.0,80.0,9.05
852.25,78.80000000000001,9.02
852.5,74.4,8.68
852.75,70.7,8.399999999999999
853.0,56.7,8.2
853.25,51.9,8.97
853.5,42.92,6.120000000000001
853.75,40.42,4.619
854.0,36.9,2.428
854.25,33.5,2.111
854.5,31.749999999999996,2.2800000000000002
854.75,31.21,2.902
855.0,28.6,2.718
855.25,26.68,2.2329999999999997
855.5,26.39,3.4130000000000003
855.75,26.53,3.375
856.0,25.700000000000003,3.4530000000000003
856.25,22.09,2.76
856.5,19.57,3.051
856.75,15.65,3.135
857.0,13.93,3.04
857.25,12.760000000000002,2.474
857.5,14.09,3.341
857.75,9.469999999999999,2.4851
858.0,5.179,1.336
858.25,4.915,1.048
858.5,5.072,1.144
858.75,4.841,0.961
859.0,5.18,1.2839
859.25,5.167,1.1840000000000002
859.5,5.144,1.1492
859.75,5.07,1.0817
860.0,3.898,0.9590000000000001
860.25,3.864,0.9265
860.5,3.917,1.087
860.75,3.7489999999999997,0.888
861.0,4.01,1.1638000000000002
861.25,3.936,1.0667
861.5,3.99,1.127
861.75,3.854,0.9570000000000001
862.0,3.878,1.02
862.25,3.795,0.911
862.5,3.8930000000000002,0.999
862.75,4.0,1.157
863.0,3.995,1.1701
863.25,4.09,1.2993000000000001
863.5,3.981,1.15333
863.75,3.7060000000000004,0.822
864.0,3.803,0.9013
864.25,3.8049999999999997,0.914
864.5,4.038,1.2001
864.75,3.88,1.0077
865.0,3.9200000000000004,1.0931
865.25,3.99,1.1635
865.5,3.855,1.059
865.75,3.8099999999999996,1.0148000000000001
866.0,3.947,1.1480000000000001
866.25,3.9909999999999997,1.1374
866.5,4.18,1.3780000000000001
866.75,3.92,1.109
867.0,3.9,1.1284
867.25,3.899,1.0813300000000001
867.5,3.9659999999999997,1.172
867.75,4.05,1.2796
868.0,3.92,1.1272
868.25,3.936,1.1435
868.5,3.949,1.1723
868.75,3.9000000000000004,1.1084
869.0,3.87,1.0714000000000001
869.25,4.102,1.3653
869.5,3.965,1.213
869.75,3.811,1.009
870.0,3.9560000000000004,1.1316
870.25,3.94,1.137
870.5,3.881,1.10682
870.75,4.036,1.2595
871.0,3.824,0.9700000000000001
871.25,13.46,-0.0010000000000000009
871.5,44.8,1.246
871.75,54.0,2.227
872.0,56.9,3.308
872.25,58.0,3.416
872.5,61.6,3.5780000000000003
872.75,63.0,3.6759999999999997
873.0,63.7,3.433
873.25,64.1,3.4219999999999997
873.5,66.9,4.888
873.75,67.4,4.73
874.0,68.6,4.9399999999999995
874.25,68.3,4.412000000000001
874.5,67.9,4.0249999999999995
874.75,67.5,3.904
875.0,66.8,3.9789999999999996
875.25,60.800000000000004,1.702
875.5,61.9,2.205
875.75,61.7,2.8200000000000003
876.0,66.3,5.414
876.25,66.2,5.626
876.5,62.4,5.407
876.75,63.0,5.723
877.0,53.2,7.52
877.25,48.2,7.41
877.5,40.96,6.034
877.75,27.87,2.19
878.0,28.13,2.1900000000000004
878.25,28.09,1.81
878.5,27.67,2.1399999999999997
878.75,25.69,2.27
879.0,23.71,2.25
879.25,24.37,2.4299999999999997
879.5,24.24,2.66
879.75,24.02,3.42
880.0,22.52,3.35
880.25,20.86,2.9699999999999998
880.5,19.73,2.5300000000000002
880.75,18.08,2.9299999999999997
881.0,17.310000000000002,2.75
881.25,17.31,2.75
881.5,16.53,2.45
881.75,13.61,1.97
882.0,9.09,1.311
882.25,8.629999999999999,1.018
882.5,7.99,1.2069999999999999
882.75,7.85,1.03
883.0,7.55,0.7100000000000001
883.25,7.65,0.804
883.5,7.62,0.7939999999999999
883.75,7.68,0.907
884.0,7.6499999999999995,0.8479999999999999
884.25,7.68,0.8939999999999999
884.5,7.59,0.793
884.75,7.62,0.839
885.0,7.720000000000001,0.9219999999999999
885.25,7.58,0.738
885.5,7.85,1.056
885.75,7.779999999999999,1.015
886.0,7.84,1.062
886.25,7.6899999999999995,0.877
886.5,7.799999999999999,1.016
886.75,7.74,0.9339999999999999
887.0,7.71,0.821
887.25,7.68,0.849
887.5,8.04,1.29
887.75,7.93,1.166
888.0,7.640000000000001,0.9209999999999999
888.25,7.800000000000001,0.965
888.5,7.5,0.888
888.75,7.87,1.078
889.0,7.51,0.835
889.25,7.6,0.911
889.5,7.48,0.8779999999999999
889.75,7.64,0.8600000000000001
890.0,7.18,0.6859999999999999
890.25,7.72,0.937
890.5,7.2299999999999995,0.732
890.75,7.609999999999999,0.925
891.0,7.52,0.875
891.25,7.3,0.803
891.5,7.77,1.202
891.75,7.5600000000000005,0.8029999999999999
892.0,7.380000000000001,0.823
892.25,7.41,0.807
892.5,7.699999999999999,1.013
892.75,7.26,0.804
893.0,7.38,0.797
893.25,7.56,0.9099999999999999
893.5,7.71,1.0430000000000001
893.75,7.289999999999999,0.83
894.0,7.390000000000001,0.875
894.25,7.77,1.105
894.5,7.59,0.885
894.75,15.34,-0.48799999999999993
895.0,34.21,0.41200000000000003
895.25,34.65,0.52
895.5,39.2,0.20499999999999996
895.75,43.2,0.20300000000000007
896.0,49.900000000000006,1.332
896.25,57.8,3.0100000000000002
896.5,57.599999999999994,3.258
896.75,58.800000000000004,2.553
897.0,59.3,2.416
897.25,59.00000000000001,2.4459999999999997
897.5,61.300000000000004,2.7670000000000003
897.75,61.6,3.116
898.0,59.3,2.5540000000000003
898.25,58.6,2.699
898.5,59.2,2.5890000000000004
898.75,58.9,2.473
899.0,59.1,2.579
899.25,59.099999999999994,2.451
899.5,59.599999999999994,2.822
899.75,59.7,2.724
900.0,65.9,5.8420000000000005
900.25,65.69999999999999,5.609999999999999
900.5,62.3,5.577
900.75,62.900000000000006,5.95
901.0,55.0,7.19
901.25,50.1,7.91
901.5,39.15,5.43
901.75,37.93,4.9399999999999995
902.0,27.799999999999997,1.6400000000000001
902.25,27.220000000000002,1.816
902.5,26.58,2.255
902.75,24.080000000000002,2.6599999999999997
903.0,22.13,2.3499999999999996
903.25,21.159999999999997,2.21
903.5,21.119999999999997,2.6
903.75,21.21,2.5
904.0,19.11,2.1950000000000003
904.25,16.79,2.32
904.5,17.02,2.091
904.75,16.34,2.09
905.0,16.56,2.145
905.25,16.76,2.346
905.5,16.83,2.202
905.75,11.95,0.853
906.0,7.04,0.597
906.25,6.7,0.4107
906.5,6.85,0.509
906.75,6.79,0.482
907.0,6.869999999999999,0.605
907.25,6.970000000000001,0.699
907.5,7.0600000000000005,0.8820000000000001
907.75,6.82,0.5850000000000001
908.0,6.799999999999999,0.49829999999999997
908.25,6.91,0.655
908.5,6.71,0.44
908.75,6.82,0.526
909.0,6.91,0.6558
909.25,7.279999999999999,1.0750000000000002
909.5,7.140000000000001,0.8639999999999999
909.75,6.93,0.599
910.0,6.970000000000001,0.621
910.25,7.06,0.771
910.5,7.109999999999999,0.833
910.75,7.09,0.76
911.0,7.299999999999999,1.026
911.25,7.14,0.855
911.5,7.050000000000001,0.7690000000000001
911.75,6.84,0.4922
912.0,7.08,0.8
912.25,7.02,0.637
912.5,7.1000000000000005,0.736
912.75,6.98,0.673
913.0,7.049999999999999,0.79
913.25,7.17,0.943
913.5,6.930000000000001,0.63
913.75,6.92,0.602
914.0,7.01,0.742
914.25,7.17,0.88
914.5,6.879999999999999,0.5305
914.75,7.2,0.894
915.0,7.2,0.9369999999999999
915.25,7.119999999999999,0.835
915.5,7.0,0.641
915.75,7.0600000000000005,0.7510000000000001
916.0,7.2299999999999995,0.954
916.25,6.970000000000001,0.591
916.5,7.07,0.741
916.75,7.08,0.776
917.0,7.120000000000001,0.8240000000000001
917.25,7.04,0.676
917.5,7.09,0.817
917.75,7.07,0.7789999999999999
918.0,6.94,0.5784
918.25,7.049999999999999,0.728
918.5,6.800000000000001,0.485
918.75,7.0200000000000005,0.8480000000000001
919.0,8.040000000000001,0.4075
919.25,7.9399999999999995,0.661
919.5,7.869999999999999,0.599
919.75,7.82,0.545
920.0,8.4,0.509
920.25,12.879999999999999,2.306
920.5,12.620000000000001,2.263
920.75,12.59,2.2600000000000002
921.0,12.59,2.261
921.25,12.67,2.3289999999999997
921.5,12.88,2.57
921.75,12.79,2.497
922.0,10.38,2.85
922.25,9.39,2.92
922.5,9.58,2.85
922.75,9.959999999999999,2.9
923.0,9.55,2.8768000000000002
923.25,9.33,2.69
923.5,9.41,2.7110000000000003
923.75,9.89,3.2699999999999996
924.0,10.0,2.92
924.25,7.83,1.471
924.5,8.76,2.194
924.75,9.71,3.0500000000000003
925.0,9.61,2.8200000000000003
925.25,9.629999999999999,2.8600000000000003
925.5,9.07,2.4619999999999997
925.75,7.57,1.238
926.0,8.65,1.945
926.25,9.8,2.8200000000000003
926.5,9.75,2.75
926.75,9.79,2.8499999999999996
927.0,9.71,2.704
927.25,8.95,2.016
927.5,8.879999999999999,1.92
927.75,9.64,2.79
928.0,9.49,2.4080000000000004
928.25,9.82,2.772
928.5,9.620000000000001,2.716
928.75,8.92,2.5599999999999996
929.0,7.59,1.49
929.25,9.7,2.67
929.5,6.209999999999999,1.746
929.75,3.3739999999999997,1.044
930.0,3.1950000000000003,0.887
930.25,3.3789999999999996,1.0190000000000001
930.5,3.265,0.841769
930.75,3.5140000000000002,1.2085
931.0,3.239,0.8884
931.25,3.3209999999999997,0.975
931.5,3.266,0.893
931.75,3.21,0.808
932.0,3.146,0.766
932.25,3.522,1.1594
932.5,3.2880000000000003,0.9199999999999999
932.75,3.2920000000000003,0.9410000000000001
933.0,3.098,0.762
933.25,3.412,1.1442999999999999
933.5,3.343,1.043
933.75,3.415,1.1520000000000001
934.0,3.276,0.982
934.25,3.403,1.1399
934.5,3.2859999999999996,1.0251000000000001
934.75,3.3579999999999997,1.081
935.0,3.316,1.0417
935.25,3.367,1.07818
935.5,3.316,1.055
935.75,3.3890000000000002,1.163
936.0,3.2920000000000003,0.9953
936.25,3.331,0.9169999999999999
936.5,3.2349999999999994,0.8340000000000001
936.75,3.434,1.157
937.0,3.351,1.0905
937.25,3.325,1.036
937.5,3.3549999999999995,1.1108500000000001
937.75,3.411,1.1308
938.0,3.238,0.8699
938.25,3.285,0.963
938.5,3.331,1.022
938.75,3.306,1.0250000000000001
939.0,3.26,0.8939999999999999
939.25,3.151,0.75
939.5,3.194,0.8340000000000001
939.75,3.2859999999999996,0.917
940.0,3.3009999999999997,0.9549
940.25,3.3310000000000004,1.0247
940.5,3.368,1.064
940.75,3.2379999999999995,0.9332
941.0,3.164,0.802
941.25,3.2779999999999996,0.9530000000000001
941.5,3.3579999999999997,1.07521
941.75,3.351,1.0709
942.0,3.343,1.082
942.25,3.354,1.096
942.5,3.311,1.02346
942.75,3.46,0.9387
943.0,3.62,1.078
943.25,3.5569999999999995,1.006
943.5,3.67,0.9950000000000001
943.75,3.6799999999999997,0.9610000000000001
944.0,3.8100000000000005,1.1179999999999999
944.25,3.8000000000000003,1.052
944.5,3.708,0.99
944.75,3.5300000000000002,0.7989999999999999
945.0,3.76,1.042
945.25,3.6900000000000004,0.988
945.5,3.8100000000000005,1.1317
945.75,3.83,1.16662
946.0,3.758,1.076
946.25,3.5780000000000003,0.866
946.5,3.665,0.952
946.75,3.71,1.0102
947.0,3.83,1.138
947.25,3.8500000000000005,1.178
947.5,3.8099999999999996,1.103
947.75,3.55,0.812
948.0,3.7,1.0030000000000001
948.25,3.71,0.9870000000000001
948.5,3.8400000000000003,1.138
948.75,3.9,1.0561
949.0,3.9400000000000004,1.171
949.25,3.77,0.952
949.5,3.8600000000000003,1.0747
949.75,3.59,0.77
950.0,3.83,1.0499999999999998
950.25,3.7399999999999998,0.946
950.5,3.8000000000000003,1.025
950.75,3.8099999999999996,0.994
951.0,3.79,0.969
951.25,3.6499999999999995,0.823
951.5,3.8600000000000003,1.036
951.75,3.6900000000000004,0.82
952.0,3.9400000000000004,1.108
952.25,3.8000000000000003,0.9029999999999999
952.5,3.84,0.924
952.75,3.6100000000000003,0.669
953.0,3.8,0.8968
953.25,3.8499999999999996,0.9898
953.5,3.7300000000000004,0.879
953.75,3.348,0.7779999999999999
954.0,3.32,0.944
954.25,3.238,0.8220000000000001
954.5,3.372,0.9905
954.75,3.253,0.887
955.0,3.325,0.954
955.25,3.272,0.898
955.5,3.384,1.052
955.75,3.1849999999999996,0.775
956.0,3.289,0.863
956.25,3.218,0.851
956.5,3.359,0.99
956.75,3.2359999999999998,0.84
957.0,3.3870000000000005,1.015
957.25,3.35,1.02367
957.5,3.3680000000000003,1.038
957.75,3.218,0.856
958.0,3.253,0.914
958.25,3.229,0.889
958.5,3.527,1.222
958.75,3.4299999999999997,1.0567
959.0,3.388,1.0875
959.25,3.263,0.935
959.5,3.389,1.045
959.75,3.191,0.8330000000000001
960.0,3.395,1.0644
960.25,3.431,1.074
960.5,3.571,1.2891000000000001
960.75,3.4109999999999996,1.0579
961.0,3.4459999999999997,1.0
961.25,3.3279999999999994,0.9469
961.5,3.449,1.123
961.75,3.293,0.966
962.0,3.599,1.33
962.25,3.4930000000000003,1.219
962.5,3.5010000000000003,1.167
962.75,3.224,0.8480000000000001
963.0,3.327,0.9790000000000001
963.25,3.282,0.929
963.5,3.3870000000000005,1.0859999999999999
963.75,3.4749999999999996,1.2356
964.0,3.481,1.1922
964.25,3.458,1.1131
964.5,3.448,1.1803
964.75,3.303,0.992
965.0,3.3579999999999997,1.078
965.25,3.433,1.123
965.5,3.398,1.0939999999999999
965.75,3.3020000000000005,0.9495
966.0,3.29,0.90486
966.25,3.352,1.0430000000000001
966.5,3.408,1.092
966.75,3.3920000000000003,1.0
967.0,7.99,0.734
967.25,40.9,3.3760000000000003
967.5,49.3,4.763
967.75,52.7,5.948
968.0,55.4,5.859999999999999
968.25,59.7,5.372
968.5,59.8,5.7940000000000005
968.75,62.1,7.6899999999999995
969.0,65.80000000000001,7.9
969.25,67.7,7.800000000000001
969.5,68.1,8.129999999999999
969.75,72.5,8.13
970.0,72.6,7.6
970.25,71.7,7.23
970.5,69.3,5.052
970.75,69.6,5.147
971.0,70.6,5.53
971.25,70.4,5.721
971.5,73.1,5.214
971.75,73.4,5.47
972.0,79.8,7.95
972.25,81.30000000000001,8.45
972.5,78.3,8.39
972.75,74.30000000000001,7.32
973.0,54.5,8.02
973.25,48.0,7.869999999999999
973.5,40.489999999999995,5.364
973.75,42.099999999999994,5.5600000000000005
974.0,30.3,2.46
974.25,28.380000000000003,2.3899999999999997
974.5,28.019999999999996,2.61
974.75,28.03,2.63
975.0,25.590000000000003,2.46
975.25,25.0,2.36
975.5,23.61,1.351
975.75,22.330000000000002,2.33
976.0,22.8,2.56
976.25,21.69,2.97
976.5,18.39,2.061
976.75,16.43,2.41
977.0,16.32,2.54
977.25,14.95,2.219
977.5,10.3,0.9410000000000001
977.75,8.739999999999998,1.596
978.0,5.83,0.8109999999999999
978.25,5.89,0.925
978.5,5.9,0.954
978.75,6.04,1.104
979.0,5.6899999999999995,0.77
979.25,5.73,0.812
979.5,5.68,0.755
979.75,5.71,0.753
980.0,5.79,0.8340000000000001
980.25,6.09,1.2109999999999999
980.5,6.02,1.148
980.75,5.83,0.931
981.0,5.78,0.851
981.25,5.6899999999999995,0.754
981.5,5.87,0.981
981.75,5.96,1.083
982.0,5.9799999999999995,1.069
982.25,5.800000000000001,0.8089999999999999
982.5,5.949999999999999,1.01
982.75,5.99,1.075
983.0,5.76,0.818
983.25,5.78,0.8140000000000001
983.5,5.970000000000001,0.9560000000000001
983.75,5.75,0.803
984.0,5.9399999999999995,0.998
984.25,5.7700000000000005,0.8580000000000001
984.5,6.0600000000000005,1.204
984.75,5.880000000000001,1.0190000000000001
985.0,5.970000000000001,1.116
985.25,5.880000000000001,1.034
985.5,5.96,1.087
985.75,5.78,0.888
986.0,5.99,1.131
986.25,5.96,1.09
986.5,5.890000000000001,1.031
986.75,5.68,0.7709999999999999
987.0,5.880000000000001,1.026
987.25,5.77,0.9039999999999999
987.5,5.699999999999999,0.815
987.75,5.6899999999999995,0.764
988.0,5.92,1.012
988.25,5.9,1.037
988.5,5.8100000000000005,0.9179999999999999
988.75,5.87,1.006
989.0,5.869999999999999,0.9510000000000001
989.25,5.83,0.847
989.5,5.8,0.8899999999999999
989.75,5.98,1.125
990.0,5.859999999999999,0.981
990.25,5.869999999999999,1.004
990.5,5.9,1.0230000000000001
990.75,20.13,0.14600000000000002
991.0,40.3,2.213
991.25,46.0,2.0261
991.5,57.0,2.963
991.75,63.8,2.86
992.0,65.1,2.3813000000000004
992.25,67.9,2.1900000000000004
992.5,71.0,1.87
992.75,74.6,4.634
993.0,75.9,5.185
993.25,75.7,4.9239999999999995
993.5,77.19999999999999,4.871
993.75,79.3,5.38
994.0,81.7,5.56
994.25,81.69999999999999,5.611
994.5,82.3,5.6
994.75,83.5,6.11
995.0,83.5,5.87
995.25,84.3,5.87
995.5,83.5,5.8
995.75,83.2,6.220000000000001
996.0,82.80000000000001,5.9
996.25,79.8,5.404
996.5,79.5,5.68
996.75,79.5,6.287000000000001
997.0,69.30000000000001,7.17
997.25,57.9,7.359999999999999
997.5,52.5,5.75
997.75,44.3,4.264
998.0,30.520000000000003,2.8600000000000003
998.25,28.46,2.83
998.5,27.5,2.543
998.75,25.53,2.171
999.0,24.349999999999998,2.48
999.25,21.94,2.079
999.5,21.84,2.09
999.75,22.060000000000002,2.34
1000.0,19.63,2.871
1000.25,17.549999999999997,3.16
1000.5,15.54,2.84
1000.75,13.229999999999999,2.7
1001.0,11.42,2.7199999999999998
1001.25,11.709999999999999,2.81
1001.5,12.0,2.58
1001.75,8.6,2.3529999999999998
1002.0,3.3310000000000004,0.9447999999999999
1002.25,3.2609999999999997,0.946
1002.5,3.2989999999999995,0.989
1002.75,3.215,0.845
1003.0,3.284,0.889
1003.25,3.194,0.737
1003.5,3.338,0.889
1003.75,3.45,1.125
1004.0,3.418,0.979
1004.25,3.304,0.919
1004.5,3.399,1.042
1004.75,3.2300000000000004,0.8089999999999999
1005.0,3.2939999999999996,0.866
1005.25,3.2279999999999998,0.788
1005.5,3.282,0.865
1005.75,3.273,0.886
1006.0,3.3360000000000003,0.9450000000000001
1006.25,3.309,0.952
1006.5,3.232,0.836
1006.75,3.23,0.8380000000000001
1007.0,3.205,0.835
1007.25,3.458,1.1152
1007.5,3.101,0.6890000000000001
1007.75,3.3640000000000003,1.0
1008.0,3.285,0.95
1008.25,3.184,0.8360000000000001
1008.5,3.3489999999999998,1.021
1008.75,3.205,0.889
1009.0,3.341,1.0270000000000001
1009.25,3.383,1.0735
1009.5,3.3070000000000004,0.9670000000000001
1009.75,3.1370000000000005,0.748
1010.0,3.088,0.6639999999999999
1010.25,3.2880000000000003,0.903
1010.5,3.2909999999999995,0.97
1010.75,3.303,0.9720000000000001
1011.0,3.3649999999999998,1.0453000000000001
1011.25,3.35,1.035
1011.5,3.346,1.0550000000000002
1011.75,3.1980000000000004,0.886
1012.0,3.2800000000000002,0.955
1012.25,3.3600000000000003,0.988
1012.5,3.2889999999999997,0.9870000000000001
1012.75,3.374,1.068
1013.0,3.274,0.9460000000000001
1013.25,3.293,0.974
1013.5,3.23,0.921
1013.75,3.311,1.017
1014.0,3.2329999999999997,0.9289999999999999
1014.25,3.356,1.056
1014.5,3.5,1.241
1014.75,14.99,0.479
1015.0,43.9,2.7359999999999998
1015.25,48.0,2.615
1015.5,50.7,2.527
1015.75,50.7,2.9966999999999997
1016.0,51.4,2.683
1016.25,55.300000000000004,2.31
1016.5,58.6,2.333
1016.75,57.099999999999994,2.4059999999999997
1017.0,58.900000000000006,2.35
1017.25,60.400000000000006,2.54
1017.5,62.9,2.76
1017.75,64.1,2.94
1018.0,63.599999999999994,2.322
1018.25,65.3,2.604
1018.5,66.2,2.81
1018.75,67.1,2.83
1019.0,0.0,0.0
1019.25,0.0,0.0
1019.5,0.0,0.0
1019.75,0.0,0.0
1020.0,0.0,0.0
1020.25,74.4,5.7620000000000005
1020.5,72.80000000000001,6.1129999999999995
1020.75,71.6,6.108
1021.0,65.1,5.862
1021.25,57.0,5.464
1021.5,49.7,3.476
1021.75,49.900000000000006,3.061
1022.0,43.199999999999996,0.559
1022.25,44.599999999999994,0.35600000000000004
1022.5,45.599999999999994,0.3670000000000001
1022.75,36.0,1.152
1023.0,32.04,1.3279999999999998
1023.25,31.05,1.5819999999999999
1023.5,30.36,1.93
1023.75,30.3,1.51
1024.0,26.120000000000005,0.8300000000000001
1024.25,24.589999999999996,1.04
1024.5,23.59,0.959
1024.75,22.509999999999998,0.799
1025.0,22.130000000000003,0.8340000000000001
1025.25,17.91,1.98
1025.5,15.16,2.836
1025.75,8.059999999999999,1.6400000000000001
1026.0,4.79,1.108
1026.25,4.74,1.097
1026.5,4.72,1.07
1026.75,4.71,1.0684
1027.0,4.89,1.1583
1027.25,4.71,0.978
1027.5,4.92,1.204
1027.75,4.82,1.114
1028.0,4.76,1.074
1028.25,4.76,1.069
1028.5,4.68,0.9904
1028.75,4.8,1.1048
1029.0,4.69,0.975
1029.25,4.74,1.033
1029.5,4.720000000000001,0.988
1029.75,4.85,1.1840000000000002
1030.0,4.720000000000001,0.9178999999999999
1030.25,4.630000000000001,0.8400000000000001
1030.5,4.8,1.1134
1030.75,4.88,1.2526
1031.0,4.82,1.181
1031.25,4.81,1.141
1031.5,4.74,1.0630000000000002
1031.75,4.87,1.268
1032.0,4.7,1.0657
1032.25,4.78,1.1507999999999998
1032.5,4.68,1.0399
1032.75,4.92,1.2770000000000001
1033.0,4.869999999999999,1.168
1033.25,4.82,1.191
1033.5,4.81,1.221
1033.75,4.8500000000000005,1.279
1034.0,4.83,1.27
1034.25,4.88,1.331
1034.5,4.76,1.131
1034.75,4.74,1.159
1035.0,4.859999999999999,1.299
1035.25,4.67,1.103
1035.5,4.890000000000001,1.324
1035.75,4.93,1.305
1036.0,4.720000000000001,1.164
1036.25,4.71,1.117
1036.5,4.63,0.98
1036.75,4.89,1.2974999999999999
1037.0,4.93,1.3780000000000001
1037.25,4.8100000000000005,1.229
1037.5,4.6899999999999995,1.084
1037.75,4.65,1.018
1038.0,4.75,1.1440000000000001
1038.25,4.6899999999999995,1.087
1038.5,4.8,1.213
1038.75,23.240000000000002,0.788
1039.0,39.400000000000006,3.1979999999999995
1039.25,46.2,3.489
1039.5,51.599999999999994,2.9299999999999997
1039.75,55.4,3.078
1040.0,54.300000000000004,2.392
1040.25,55.7,2.298
1040.5,56.39999999999999,2.247
1040.75,61.099999999999994,4.648
1041.0,61.1,4.521
1041.25,64.6,4.916
1041.5,66.4,4.681
1041.75,66.5,4.712999999999999
1042.0,67.8,5.305
1042.25,68.7,5.445
1042.5,69.0,5.35
1042.75,69.69999999999999,5.282
1043.0,70.1,5.122
1043.25,69.1,4.771000000000001
1043.5,69.7,4.909
1043.75,71.1,5.596
1044.0,70.0,5.638999999999999
1044.25,69.5,5.4239999999999995
1044.5,69.7,5.707
1044.75,68.8,5.872999999999999
1045.0,55.7,7.959999999999999
1045.25,43.6,7.72
1045.5,38.81,3.6630000000000003
1045.75,31.700000000000003,1.6119999999999999
1046.0,27.54,1.362
1046.25,27.64,1.93
1046.5,26.59,2.12
1046.75,25.65,1.8900000000000001
1047.0,22.830000000000002,1.82
1047.25,23.23,1.67
1047.5,21.240000000000002,1.88
1047.75,18.37,1.94
1048.0,15.309999999999999,2.31
1048.25,14.41,2.45
1048.5,13.26,2.54
1048.75,11.68,1.982
1049.0,11.82,2.1100000000000003
1049.25,11.41,2.2
1049.5,12.08,2.3899999999999997
1049.75,7.95,1.971
1050.0,3.327,0.8480000000000001
1050.25,3.5309999999999997,1.04
1050.5,3.51,1.04
1050.75,3.578,1.053
1051.0,3.295,0.814
1051.25,3.3200000000000003,0.7869999999999999
1051.5,3.308,0.7809999999999999
1051.75,3.4779999999999998,0.9460000000000001
1052.0,3.17,0.628
1052.25,3.4080000000000004,0.883
1052.5,3.49,0.999
1052.75,3.4619999999999997,0.97
1053.0,3.299,0.75
1053.25,3.234,0.6819999999999999
1053.5,3.418,0.891
1053.75,3.268,0.743
1054.0,3.461,0.964
1054.25,3.327,0.8200000000000001
1054.5,3.5090000000000003,1.021
1054.75,3.318,0.797
1055.0,3.3369999999999997,0.723
1055.25,3.277,0.761
1055.5,3.559,1.113
1055.75,3.424,0.972
1056.0,3.5089999999999995,1.074
1056.25,3.396,0.943
1056.5,3.4699999999999998,1.048
1056.75,3.463,1.044
1057.0,3.407,0.89
1057.25,3.4309999999999996,0.9430000000000001
1057.5,3.5149999999999997,1.145
1057.75,3.548,1.078
1058.0,3.38,0.971
1058.25,3.436,0.991
1058.5,3.534,1.088
1058.75,3.433,0.9382
1059.0,3.327,0.8180000000000001
1059.25,3.3770000000000002,0.888
1059.5,3.422,0.944
1059.75,3.295,0.802
1060.0,3.4609999999999994,0.979
1060.25,3.399,0.899
1060.5,3.506,1.023
1060.75,3.3480000000000003,0.851
1061.0,3.488,0.892
1061.25,3.391,0.812
1061.5,3.556,1.0739999999999998
1061.75,3.346,0.832
1062.0,3.378,0.894
1062.25,3.543,1.0150000000000001
1062.5,3.463,0.9949999999999999
1062.75,11.219999999999999,2.09
1063.0,15.33,2.3200000000000003
1063.25,19.619999999999997,2.5269999999999997
1063.5,29.490000000000002,1.627
1063.75,39.35,1.108
1064.0,44.3,2.7199999999999998
1064.25,44.900000000000006,3.36
1064.5,47.2,3.7866999999999997
1064.75,51.2,5.09
1065.0,54.1,5.543
1065.25,56.099999999999994,5.76
1065.5,58.0,5.643000000000001
1065.75,59.900000000000006,5.366
1066.0,61.0,5.828
1066.25,63.0,5.545999999999999
1066.5,63.8,5.4830000000000005
1066.75,64.4,6.25
1067.0,61.199999999999996,5.896
1067.25,59.0,3.112
1067.5,58.49999999999999,3.152
1067.75,59.6,3.34
1068.0,65.89999999999999,6.303000000000001
1068.25,65.7,6.790000000000001
1068.5,62.599999999999994,6.66
1068.75,58.9,6.58
1069.0,53.4,6.6
1069.25,43.5,3.975
1069.5,37.8,1.254
1069.75,37.099999999999994,0.9159999999999999
1070.0,38.900000000000006,2.19
1070.25,42.0,3.55
1070.5,42.0,3.415
1070.75,36.1,4.023
1071.0,28.04,1.74
1071.25,27.099999999999998,1.73
1071.5,24.950000000000003,1.59
1071.75,20.25,1.81
1072.0,16.92,2.77
1072.25,17.04,3.12
1072.5,16.68,2.87
1072.75,13.18,2.5100000000000002
1073.0,12.84,2.54
1073.25,13.270000000000001,2.56
1073.5,12.16,2.6399999999999997
1073.75,7.359999999999999,1.6070000000000002
1074.0,3.45,1.0445
1074.25,3.173,0.878
1074.5,3.09,0.76
1074.75,3.225,0.9530000000000001
1075.0,3.2270000000000003,0.9530000000000001
1075.25,3.0359999999999996,0.7020000000000001
1075.5,3.213,0.88
1075.75,3.211,0.903
1076.0,3.28,0.9730000000000001
1076.25,3.0869999999999997,0.7887
1076.5,3.2399999999999998,0.9219999999999999
1076.75,3.24,0.883
1077.0,3.283,0.749
1077.25,3.112,0.736
1077.5,3.2249999999999996,0.895
1077.75,3.2939999999999996,1.008
1078.0,3.2359999999999998,0.9460000000000001
1078.25,3.22,0.937
1078.5,3.15,0.827
1078.75,3.393,1.103
1079.0,3.153,0.883
1079.25,3.12,0.8340000000000001
1079.5,3.237,0.984
1079.75,3.5,1.2599999999999998
1080.0,3.2449999999999997,0.965
1080.25,3.24,0.97
1080.5,3.15,0.8999999999999999
1080.75,3.23,0.95
1081.0,0.0,0.0
1081.25,3.2,0.8999999999999999
1081.5,0.0,0.0
1081.75,3.425,1.19
1082.0,3.2729999999999997,1.057
1082.25,3.2800000000000002,1.055
1082.5,3.4299999999999997,1.2
1082.75,3.295,1.02
1083.0,3.12,0.76
1083.25,3.07,0.86
1083.5,3.1980000000000004,0.813
1083.75,3.29,1.01
1084.0,3.3019999999999996,0.988
1084.25,3.19,0.87
1084.5,3.11,0.74
1084.75,3.31,1.033
1085.0,3.2030000000000003,0.94
1085.25,3.123,0.8500000000000001
1085.5,3.5100000000000002,1.2449999999999999
1085.75,3.3569999999999998,1.109
1086.0,3.184,0.9339999999999999
1086.25,3.213,0.97
1086.5,3.066,0.978
1086.75,8.440000000000001,2.55
1087.0,4.75,1.1280000000000001
1087.25,4.11,0.972
1087.5,4.07,0.955
1087.75,5.42,0.8330000000000001
1088.0,4.03,0.8380000000000001
1088.25,3.987,0.6859999999999999
1088.5,4.11,0.915
1088.75,4.18,0.8960000000000001
1089.0,3.795,0.55
1089.25,0.0,0.0
1089.5,4.33,1.085
1089.75,4.33,1.155
1090.0,3.9970000000000003,0.744
1090.25,4.18,0.899
1090.5,3.8999999999999995,0.5
1090.75,4.055000000000001,0.72
1091.0,4.380000000000001,1.07
1091.25,4.091,0.78
1091.5,4.28,0.9730000000000001
1091.75,4.18,0.8540000000000001
1092.0,5.63,1.018
1092.25,4.92,0.9239999999999999
1092.5,4.35,1.03
1092.75,0.0,0.0
1093.0,4.17,0.88
1093.25,3.978,0.714
1093.5,4.12,0.865
1093.75,4.04,0.8099999999999999
1094.0,4.109999999999999,0.922
1094.25,4.036,0.754
1094.5,4.37,0.946
1094.75,4.24,0.9410000000000001
1095.0,4.2,1.045
1095.25,4.27,1.117
1095.5,4.33,1.258
1095.75,4.32,1.227
1096.0,4.145,1.0899999999999999
1096.25,3.935,0.824
1096.5,4.0200000000000005,0.917
1096.75,4.55,1.0070000000000001
1097.0,4.4399999999999995,0.8200000000000001
1097.25,4.27,0.767
1097.5,4.038,0.9277
1097.75,3.68,0.988
1098.0,3.16,0.8220000000000001
1098.25,3.485,1.17
1098.5,3.2199999999999998,0.915
1098.75,3.2350000000000003,0.933
1099.0,3.303,0.94
1099.25,3.058,0.6859999999999999
1099.5,3.407,1.04
1099.75,3.157,0.793
1100.0,3.285,0.91
1100.25,2.99,0.53
1100.5,3.335,0.88
1100.75,3.2600000000000002,0.802
1101.0,3.2199999999999998,0.86
1101.25,3.31,0.9510000000000001
1101.5,3.3600000000000003,1.105
1101.75,3.323,0.994
1102.0,3.2729999999999997,0.932
1102.25,3.265,0.9
1102.5,3.294,0.984
1102.75,3.3039999999999994,0.952
1103.0,3.236,0.8779999999999999
1103.25,3.244,0.892
1103.5,3.2760000000000002,0.968
1103.75,3.4079999999999995,1.1033
1104.0,3.45,1.1800000000000002
1104.25,3.473,1.1797
1104.5,3.41,1.152
1104.75,3.237,0.9530000000000001
1105.0,3.144,0.873
1105.25,3.333,1.067
1105.5,3.379,1.111
1105.75,3.4050000000000002,1.1309
1106.0,3.357,1.052
1106.25,3.466,1.2177
1106.5,3.4050000000000002,1.1208
1106.75,3.256,0.86
1107.0,3.2700000000000005,0.9129999999999999
1107.25,3.33,1.065
1107.5,3.4400000000000004,1.18
1107.75,3.3369999999999997,1.077
1108.0,3.418,1.1417000000000002
1108.25,3.26,0.97
1108.5,3.606,1.4089999999999998
1108.75,3.3600000000000003,1.103
1109.0,3.381,1.1179999999999999
1109.25,3.363,1.10678
1109.5,3.327,1.0550000000000002
1109.75,3.322,1.044
1110.0,3.35,1.11667
1110.25,3.442,1.16
1110.5,3.373,1.108
1110.75,3.32,1.0084
1111.0,3.311,0.861
1111.25,3.4880000000000004,1.029
1111.5,3.52,1.113
1111.75,3.57,1.1082
1112.0,3.5,1.0673
1112.25,3.473,1.0150000000000001
1112.5,3.4939999999999998,1.025
1112.75,3.4509999999999996,0.889
1113.0,3.49,1.06
1113.25,3.521,1.0939999999999999
1113.5,3.7,1.2875
1113.75,3.535,1.0945
1114.0,3.4699999999999998,1.002
1114.25,3.485,1.0350000000000001
1114.5,3.484,1.0219999999999998
1114.75,3.408,0.925
1115.0,3.4240000000000004,0.9299999999999999
1115.25,3.45,0.9650000000000001
1115.5,3.4899999999999998,0.9938
1115.75,3.404,0.889
1116.0,3.63,1.0308199999999998
1116.25,3.4370000000000003,0.955
1116.5,3.398,0.891
1116.75,3.3449999999999998,0.813
1117.0,3.546,1.0670000000000002
1117.25,3.77,1.2526000000000002
1117.5,3.42,0.8665
1117.75,3.55,1.046
1118.0,3.5220000000000002,1.004
1118.25,3.436,0.8819999999999999
1118.5,3.2390000000000003,0.667
1118.75,3.4110000000000005,0.851
1119.0,3.3550000000000004,0.8
1119.25,3.57,1.03
1119.5,3.5060000000000002,0.9179999999999999
1119.75,3.3970000000000002,0.8313
1120.0,3.4899999999999998,0.95
1120.25,3.4530000000000003,0.9049999999999999
1120.5,3.5040000000000004,1.036
1120.75,3.393,0.877
1121.0,3.46,0.9470000000000001
1121.25,3.61,1.1118000000000001
1121.5,3.56,1.1189
1121.75,3.2489999999999997,0.851
1122.0,3.426,1.04
1122.25,3.3420000000000005,0.965
1122.5,3.351,0.9849999999999999
1122.75,3.33,0.979
1123.0,3.3229999999999995,0.934
1123.25,3.317,0.92444
1123.5,3.4629999999999996,1.076
1123.75,3.327,0.923
1124.0,3.319,0.904
1124.25,3.394,1.006
1124.5,3.336,0.962
1124.75,3.332,0.9460000000000001
1125.0,3.2200000000000006,0.8520000000000001
1125.25,3.3709999999999996,1.0046
1125.5,3.418,1.0548
1125.75,3.409,1.041
1126.0,3.311,0.937
1126.25,3.404,1.034
1126.5,3.2940000000000005,0.9339999999999999
1126.75,3.3770000000000002,1.018
1127.0,3.3280000000000003,0.9835
1127.25,3.3569999999999998,1.0017
1127.5,3.39,1.07044
1127.75,3.5199999999999996,1.2264
1128.0,3.218,0.808
1128.25,3.34,0.9897
1128.5,3.2699999999999996,0.918
1128.75,3.316,0.983
1129.0,3.3970000000000002,1.078
1129.25,3.3850000000000002,1.078
1129.5,3.531,1.251
1129.75,3.3480000000000003,1.0539999999999998
1130.0,3.291,0.947
1130.25,3.293,0.9810000000000001
1130.5,3.51,1.232
1130.75,3.2670000000000003,0.968
1131.0,3.396,1.123
1131.25,3.4050000000000002,1.1260000000000001
1131.5,3.528,1.2474
1131.75,3.378,1.041
1132.0,3.3659999999999997,1.0150000000000001
1132.25,3.401,1.055
1132.5,3.3979999999999997,1.047
1132.75,3.3259999999999996,0.98
1133.0,3.396,0.97
1133.25,3.4909999999999997,1.1618
1133.5,3.5989999999999998,1.3153000000000001
1133.75,3.363,1.012
1134.0,3.3,0.9390000000000001
1134.25,3.407,1.041
1134.5,3.367,1.0350000000000001
1134.75,11.36,-0.405
1135.0,34.0,0.408
1135.25,44.099999999999994,0.871
1135.5,49.6,0.772
1135.75,50.0,0.55
1136.0,52.599999999999994,0.19200000000000006
1136.25,53.4,0.25599999999999995
1136.5,52.0,-0.13080000000000003
1136.75,52.599999999999994,-0.2095
1137.0,56.199999999999996,1.3653
1137.25,57.199999999999996,2.647
1137.5,57.0,2.5869999999999997
1137.75,57.2,2.46
1138.0,56.900000000000006,2.183
1138.25,53.300000000000004,1.3034999999999999
1138.5,54.10000000000001,2.436
1138.75,53.599999999999994,1.819
1139.0,48.2,0.28700000000000003
1139.25,48.400000000000006,0.006700000000000039
1139.5,47.3,0.11169999999999997
1139.75,46.599999999999994,0.47000000000000003
1140.0,44.8,-0.09200000000000003
1140.25,46.8,0.882
1140.5,51.8,3.363
1140.75,52.099999999999994,3.6229999999999998
1141.0,47.50000000000001,4.709999999999999
1141.25,36.58,6.6
1141.5,28.159999999999997,2.9859999999999998
1141.75,22.66,0.9522999999999999
1142.0,17.490000000000002,1.2107
1142.25,18.4,1.0786
1142.5,17.369999999999997,1.189
1142.75,15.780000000000001,1.212
1143.0,15.250000000000002,1.0430000000000001
1143.25,13.81,1.0699999999999998
1143.5,14.440000000000001,1.267
1143.75,13.790000000000003,1.058
1144.0,11.53,0.8919999999999999
1144.25,9.690000000000001,1.29
1144.5,9.22,1.1720000000000002
1144.75,8.12,1.041
1145.0,6.62,0.7569999999999999
1145.25,7.03,0.845
1145.5,5.98,0.593
1145.75,4.79,0.814
1146.0,5.21,1.3662
1146.25,4.74,1.2014
1146.5,3.67,0.987
1146.75,3.92,1.213
1147.0,3.9400000000000004,1.254
1147.25,3.91,1.2149999999999999
1147.5,3.9000000000000004,1.15
1147.75,3.91,1.143
1148.0,5.61,1.482
1148.25,5.55,1.1138
1148.5,5.72,1.2808000000000002
1148.75,5.66,1.312
1149.0,5.159999999999999,1.2970000000000002
1149.25,3.5,1.0190000000000001
1149.5,3.5,0.933
1149.75,3.59,1.065
1150.0,3.6799999999999997,1.2565
1150.25,3.6599999999999997,1.265
1150.5,3.4099999999999997,0.926
1150.75,3.38,0.879
1151.0,3.5199999999999996,1.013
1151.25,3.5100000000000002,1.044
1151.5,3.46,0.9750000000000001
1151.75,3.51,1.0030000000000001
1152.0,3.62,1.1179999999999999
1152.25,3.378,0.8640000000000001
1152.5,3.406,0.93
1152.75,3.5100000000000002,1.033
1153.0,3.3680000000000003,0.871
1153.25,3.4000000000000004,0.899
1153.5,3.4400000000000004,0.971
1153.75,3.66,1.234
1154.0,3.444,0.9601999999999999
1154.25,3.394,0.861
1154.5,3.54,0.961
1154.75,3.54,1.0390000000000001
1155.0,3.4589999999999996,0.985
1155.25,3.52,1.0310000000000001
1155.5,3.55,1.025
1155.75,3.519,1.0211000000000001
1156.0,3.51,1.053
1156.25,3.58,1.146
1156.5,3.37,0.867
1156.75,3.5300000000000002,1.0270000000000001
1157.0,3.433,0.94
1157.25,3.58,1.153
1157.5,3.3430000000000004,0.821
1157.75,3.41,0.8680000000000001
1158.0,3.62,1.149
1158.25,3.63,1.197
1158.5,3.4299999999999997,0.929
1158.75,19.3,-0.893
1159.0,36.5,1.276
1159.25,40.1,0.345
1159.5,47.1,1.70754
1159.75,47.6,2.827
1160.0,48.2,2.9779999999999998
1160.25,46.4,1.6078299999999999
1160.5,46.5,1.7933
1160.75,48.2,2.106
1161.0,48.7,1.685
1161.25,48.8,1.869
1161.5,52.1,1.71
1161.75,54.199999999999996,2.6310000000000002
1162.0,51.9,1.2881399999999998
1162.25,53.9,2.106
1162.5,54.8,2.3179999999999996
1162.75,56.1,1.5231999999999999
1163.0,58.7,2.815
1163.25,54.6,1.5899999999999999
1163.5,52.3,0.39699999999999996
1163.75,51.5,0.6199999999999999
1164.0,59.6,3.247
1164.25,57.2,3.247
1164.5,58.599999999999994,3.884
1164.75,56.099999999999994,3.507
1165.0,50.7,3.99
1165.25,40.3,5.380000000000001
1165.5,29.94,3.183
1165.75,34.0,4.202
1166.0,34.9,4.38
1166.25,35.5,4.269
1166.5,28.93,1.915
1166.75,26.97,1.841
1167.0,27.15,1.812
1167.25,22.060000000000002,1.999
1167.5,19.63,2.017
1167.75,18.93,1.9649999999999999
1168.0,16.74,2.36
1168.25,14.72,2.6
1168.5,14.989999999999998,2.71
1168.75,15.049999999999999,2.69
1169.0,14.87,2.741
1169.25,13.18,2.8973
1169.5,11.379999999999999,2.69
1169.75,8.54,1.603
1170.0,4.949999999999999,0.684
1170.25,4.83,0.665
1170.5,4.97,0.633
1170.75,5.22,0.895
1171.0,5.01,0.8520000000000001
1171.25,5.19,0.851
1171.5,4.58,0.44100000000000006
1171.75,4.68,0.496
1172.0,4.63,0.513
1172.25,5.33,0.48000000000000004
1172.5,5.52,0.69
1172.75,4.890000000000001,0.833
1173.0,4.63,0.528
1173.25,4.73,0.75
1173.5,5.49,0.755
1173.75,4.73,0.655
1174.0,4.66,0.6177
1174.25,5.01,0.781
1174.5,4.75,0.6389
1174.75,5.5200000000000005,0.8200000000000001
1175.0,4.73,0.537
1175.25,4.640000000000001,0.74
1175.5,4.84,0.697
1175.75,4.9,0.7949999999999999
1176.0,4.84,0.766
1176.25,5.23,1.035
1176.5,4.52,0.645
1176.75,5.1899999999999995,1.0505
1177.0,4.71,0.756
1177.25,4.83,0.6932999999999999
1177.5,4.77,1.01
1177.75,4.51,0.645
1178.0,4.4799999999999995,0.61
1178.25,4.65,0.78
1178.5,4.99,0.818
1178.75,4.61,0.795
1179.0,0.0,0.0
1179.25,4.7,0.81
1179.5,4.57,0.725
1179.75,4.43,0.583
1180.0,4.77,0.8580000000000001
1180.25,4.6,0.81
1180.5,4.880000000000001,0.9420000000000001
1180.75,5.0,0.923
1181.0,4.92,0.984
1181.25,4.5200000000000005,0.6970000000000001
1181.5,4.84,0.9500000000000001
1181.75,4.48,0.6839999999999999
1182.0,4.63,0.74
1182.25,4.5,0.69
1182.5,4.7,0.746
1182.75,9.57,0.11399999999999999
1183.0,12.64,-0.08099999999999996
1183.25,19.55,-0.45499999999999996
1183.5,27.049999999999997,-0.77
1183.75,27.47,-0.66
1184.0,35.5,2.05
1184.25,0.0,0.0
1184.5,29.269999999999996,-1.15
1184.75,31.89,-0.9199999999999999
1185.0,32.25,-0.6699999999999999
1185.25,31.32,-1.257
1185.5,39.7,2.202
1185.75,37.599999999999994,1.9649999999999999
1186.0,42.699999999999996,2.604
1186.25,46.2,2.5540000000000003
1186.5,45.7,2.258
1186.75,47.3,3.065
1187.0,47.5,2.7699999999999996
1187.25,50.0,2.8230000000000004
1187.5,50.2,2.526
1187.75,52.6,2.4690000000000003
1188.0,54.2,5.41
1188.25,51.099999999999994,5.1
1188.5,50.400000000000006,4.96
1188.75,48.1,5.02
1189.0,33.99,5.64
1189.25,31.700000000000003,6.23
1189.5,32.28,4.4
1189.75,32.3,4.119
1190.0,22.67,2.104
1190.25,19.12,1.1229999999999998
1190.5,17.84,1.44
1190.75,19.92,1.678
1191.0,16.86,1.337
1191.25,18.22,1.318
1191.5,15.559999999999999,1.214
1191.75,14.87,1.023
1192.0,14.370000000000001,1.42
1192.25,14.740000000000002,1.338
1192.5,13.5,1.478
1192.75,14.73,1.5977999999999999
1193.0,12.74,1.888
1193.25,12.52,1.875
1193.5,12.45,1.9650000000000003
1193.75,8.21,0.965
1194.0,6.789999999999999,0.81
1194.25,6.290000000000001,0.46670000000000006
1194.5,5.16,0.601
1194.75,6.699999999999999,0.6900000000000001
1195.0,6.52,0.857
1195.25,6.07,0.556
1195.5,6.464,0.3261
1195.75,6.529999999999999,0.22500000000000003
1196.0,6.4,0.317
1196.25,6.56,0.2244
1196.5,7.0600000000000005,0.673
1196.75,6.52,0.5999999999999999
1197.0,6.89,0.583
1197.25,4.9399999999999995,0.528
1197.5,4.140000000000001,0.21999999999999997
1197.75,4.47,0.623
1198.0,4.29,0.365
1198.25,4.640000000000001,0.575
1198.5,4.35,0.43800000000000006
1198.75,4.390000000000001,0.29000000000000004
1199.0,4.7700000000000005,0.5
1199.25,4.95,0.783
1199.5,4.4,0.548
1199.75,4.45,0.516
1200.0,4.54,0.624
1200.25,4.75,0.7170000000000001
1200.5,4.25,0.3570000000000001
1200.75,4.77,0.663
1201.0,4.49,0.42800000000000005
1201.25,4.7700000000000005,0.727
1201.5,5.41,0.88
1201.75,4.61,0.643
1202.0,4.37,0.5630000000000001
1202.25,4.42,0.62
1202.5,4.45,0.614
1202.75,4.91,0.648
1203.0,0.0,0.0
1203.25,4.49,0.64
1203.5,0.0,0.0
1203.75,0.0,0.0
1204.0,0.0,0.0
1204.25,4.35,0.355
1204.5,0.0,0.0
1204.75,0.0,0.0
1205.0,0.0,0.0
1205.25,4.75,0.46499999999999997
1205.5,4.54,0.69
1205.75,4.38,0.49
1206.0,0.0,0.0
1206.25,0.0,0.0
1206.5,0.0,0.0
1206.75,31.17,0.65
1207.0,34.7,0.723
1207.25,36.7,0.39
1207.5,0.0,0.0
1207.75,42.2,0.54
1208.0,46.7,2.77
1208.25,45.8,2.86
1208.5,52.199999999999996,2.753
1208.75,55.9,4.75
1209.0,57.8,5.66
1209.25,62.8,5.51
1209.5,62.5,4.779999999999999
1209.75,62.50000000000001,5.59
1210.0,61.099999999999994,5.18
1210.25,60.1,5.57
1210.5,61.10000000000001,5.4399999999999995
1210.75,62.300000000000004,5.57
1211.0,61.099999999999994,3.602
1211.25,60.400000000000006,3.008
1211.5,57.8,2.69
1211.75,54.8,2.71
1212.0,57.099999999999994,4.564
1212.25,56.2,5.859999999999999
1212.5,58.9,6.29
1212.75,56.99999999999999,5.890000000000001
1213.0,45.400000000000006,6.959999999999999
1213.25,39.3,7.38
1213.5,32.16,4.569
1213.75,29.54,2.9918
1214.0,19.57,2.123
1214.25,20.39,2.157
1214.5,0.0,0.0
1214.75,19.39,1.96
1215.0,19.32,2.3
1215.25,16.86,2.157
1215.5,20.63,3.96
1215.75,21.84,4.63
1216.0,19.41,3.074
1216.25,14.86,2.218
1216.5,15.36,2.305
1216.75,14.629999999999999,2.367
1217.0,14.349999999999998,2.3360000000000003
1217.25,15.07,2.3329999999999997
1217.5,14.56,2.357
1217.75,10.16,1.371
1218.0,8.95,1.045
1218.25,9.030000000000001,1.1099999999999999
1218.5,8.899999999999999,1.0
1218.75,10.17,1.199
1219.0,11.52,1.1682
1219.25,8.399999999999999,0.9239999999999999
1219.5,8.15,0.706
1219.75,8.18,0.8
1220.0,7.84,0.52
1220.25,6.140000000000001,0.42999999999999994
1220.5,6.4,0.665
1220.75,7.09,0.45999999999999996
1221.0,6.19,0.3625
1221.25,6.44,0.7899999999999999
1221.5,4.24,0.49999999999999994
1221.75,4.3,0.626
1222.0,4.26,0.59
1222.25,4.33,0.675
1222.5,4.37,0.7569999999999999
1222.75,4.26,0.584
1223.0,4.1899999999999995,0.484
1223.25,4.4,0.72
1223.5,4.4,0.77
1223.75,0.0,0.0
1224.0,0.0,0.0
1224.25,4.359999999999999,0.7100000000000001
1224.5,4.3,0.6100000000000001
1224.75,4.21,0.52
1225.0,4.37,0.715
1225.25,4.21,0.49
1225.5,0.0,0.0
1225.75,4.14,0.32499999999999996
1226.0,4.2299999999999995,0.437
1226.25,4.140000000000001,0.3919999999999999
1226.5,0.0,0.0
1226.75,4.44,0.7610000000000001
1227.0,4.24,0.5
1227.25,4.31,0.602
1227.5,4.4399999999999995,0.74
1227.75,4.26,0.547
1228.0,4.36,0.42300000000000004
1228.25,4.51,0.865
1228.5,0.0,0.0
1228.75,4.26,0.546
1229.0,4.24,0.5
1229.25,4.38,0.702
1229.5,4.27,0.5499999999999999
1229.75,4.43,0.56
1230.0,3.3549999999999995,0.6599999999999999
1230.25,2.62,0.54
1230.5,3.02,0.97
1230.75,36.8,1.2400000000000002
1231.0,41.2,2.61
1231.25,48.9,2.17
1231.5,51.699999999999996,2.49
1231.75,55.300000000000004,2.185
1232.0,54.6,2.128
1232.25,53.800000000000004,1.746
1232.5,53.49999999999999,1.722
1232.75,54.5,2.7
1233.0,59.8,4.556
1233.25,59.2,4.276
1233.5,58.3,4.465
1233.75,59.800000000000004,4.877
1234.0,58.4,3.363
1234.25,61.5,2.688
1234.5,58.2,1.7149999999999999
1234.75,56.7,1.87
1235.0,53.599999999999994,1.9659999999999997
1235.25,53.800000000000004,2.033
1235.5,54.199999999999996,1.9749999999999999
1235.75,54.300000000000004,2.39
1236.0,61.6,5.140000000000001
1236.25,61.3,5.305999999999999
1236.5,59.2,4.85
1236.75,57.800000000000004,5.138
1237.0,47.4,6.99
1237.25,42.400000000000006,7.43
1237.5,36.97,5.348000000000001
1237.75,35.06,5.155
1238.0,34.54,5.561
1238.25,35.0,5.35
1238.5,25.91,2.51
1238.75,24.93,2.43
1239.0,24.669999999999998,2.2199999999999998
1239.25,21.88,2.02
1239.5,21.939999999999998,2.134
1239.75,21.11,2.2
1240.0,20.29,2.0
1240.25,0.0,0.0
1240.5,16.13,2.4623999999999997
1240.75,17.18,2.2605
1241.0,16.099999999999998,2.189
1241.25,15.75,2.1919999999999997
1241.5,13.56,2.308
1241.75,10.7,2.134
1242.0,4.27,0.8102
1242.25,3.96,0.711
1242.5,4.05,0.734
1242.75,3.8919999999999995,0.724
1243.0,4.109999999999999,0.6359999999999999
1243.25,3.9280000000000004,0.778
1243.5,4.11,0.8260000000000001
1243.75,3.8590000000000004,0.675
1244.0,4.003,0.503
1244.25,3.54,0.58
1244.5,3.89,0.746
1244.75,3.855,0.589
1245.0,0.0,0.0
1245.25,3.82,0.6629999999999999
1245.5,4.63,0.8905
1245.75,3.45,0.5
1246.0,3.62,0.77
1246.25,4.029999999999999,1.24
1246.5,4.16,0.825
1246.75,4.92,1.27
1247.0,0.0,0.0
1247.25,4.11,1.093
1247.5,0.0,0.0
1247.75,0.0,0.0
1248.0,0.0,0.0
1248.25,4.93,1.46
1248.5,4.45,0.88
1248.75,0.0,0.0
1249.0,0.0,0.0
1249.25,0.0,0.0
1249.5,4.1899999999999995,1.0050000000000001
1249.75,0.0,0.0
1250.0,0.0,0.0
1250.25,0.0,0.0
1250.5,0.0,0.0
1250.75,0.0,0.0
1251.0,3.71,0.95
1251.25,4.210000000000001,1.01
1251.5,3.3899999999999997,0.5
1251.75,0.0,0.0
1252.0,0.0,0.0
1252.25,3.77,0.94
1252.5,0.0,0.0
1252.75,3.66,0.83
1253.0,0.0,0.0
1253.25,0.0,0.0
1253.5,4.619999999999999,1.07
1253.75,3.76,0.9500000000000001
1254.0,0.0,0.0
1254.25,0.0,0.0
1254.5,3.8200000000000003,1.0350000000000001
1254.75,0.0,0.0
1255.0,3.88,0.536
1255.25,4.43,0.82
1255.5,4.92,0.895
1255.75,4.98,0.865
1256.0,9.48,2.3680000000000003
1256.25,10.84,3.3499999999999996
1256.5,11.47,3.1039999999999996
1256.75,10.51,2.63
1257.0,10.33,2.67
1257.25,12.66,2.49
1257.5,13.510000000000002,2.7
1257.75,11.97,2.33
1258.0,11.559999999999999,1.323
1258.25,13.41,2.47
1258.5,13.079999999999998,2.31
1258.75,13.23,2.44
1259.0,13.44,1.785
1259.25,13.370000000000001,2.1519999999999997
1259.5,13.440000000000001,3.098
1259.75,13.27,3.0999999999999996
1260.0,13.169999999999998,3.29
1260.25,12.709999999999999,2.16
1260.5,12.84,2.59
1260.75,13.92,3.21
1261.0,13.5,3.13
1261.25,12.739999999999998,2.542
1261.5,11.790000000000001,1.945
1261.75,12.990000000000002,2.8529999999999998
1262.0,14.190000000000001,3.1950000000000003
1262.25,12.34,3.27
1262.5,12.21,2.2769999999999997
1262.75,12.11,2.4650000000000003
1263.0,11.98,3.02
1263.25,12.719999999999999,3.3337000000000003
1263.5,11.9,2.759
1263.75,11.93,2.25743
1264.0,12.18,2.9050000000000002
1264.25,11.36,2.7
1264.5,11.54,2.6
1264.75,10.25,2.2199999999999998
1265.0,11.420000000000002,2.7300000000000004
1265.25,10.93,2.206
1265.5,8.1,1.62
1265.75,4.81,0.774
1266.0,0.0,0.0
1266.25,0.0,0.0
1266.5,0.0,0.0
1266.75,4.5600000000000005,0.83
1267.0,3.85,0.627
1267.25,3.9400000000000004,0.8859999999999999
1267.5,4.08,0.8283
1267.75,4.03,0.8519
1268.0,4.0889999999999995,0.653
1268.25,4.19,0.833
1268.5,4.2700000000000005,0.869
1268.75,3.8200000000000003,0.72
1269.0,4.0600000000000005,0.833
1269.25,4.42,0.8305
1269.5,4.5200000000000005,0.97
1269.75,4.04,0.75
1270.0,4.2,0.9430000000000001
1270.25,4.22,0.908
1270.5,3.77,0.809
1270.75,3.73,0.683
1271.0,4.225,0.771
1271.25,3.992,0.85
1271.5,4.3100000000000005,0.96
1271.75,4.2700000000000005,1.125
1272.0,4.15,0.875
1272.25,4.086,0.84
1272.5,4.4,1.09011
1272.75,3.9899999999999998,0.911
1273.0,4.17,0.9279999999999999
1273.25,4.33,1.006
1273.5,4.28,1.216
1273.75,4.05,0.8778999999999999
1274.0,4.32,1.0030000000000001
1274.25,3.6100000000000003,0.664
1274.5,3.75,0.821
1274.75,3.73,0.766
1275.0,4.0,0.9139999999999999
1275.25,3.99,0.8929
1275.5,4.45,1.038
1275.75,4.2,1.101
1276.0,3.81,0.732
1276.25,4.43,1.137
1276.5,4.17,0.992
1276.75,3.82,0.907
1277.0,3.7300000000000004,0.8019999999999999
1277.25,4.02,0.9722999999999999
1277.5,4.180000000000001,1.0482
1277.75,3.7300000000000004,0.936
1278.0,4.67,1.15
1278.25,3.93,0.844
1278.5,4.06,0.8480000000000001
1278.75,3.9299999999999997,0.837
1279.0,4.04,0.981
1279.25,4.220000000000001,1.009
1279.5,3.95,0.7774
1279.75,4.02,0.9359999999999999
1280.0,4.28,0.832
1280.25,3.68,0.88
1280.5,3.597,0.5840000000000001
1280.75,3.5900000000000003,0.7449999999999999
1281.0,4.32,1.02
1281.25,4.77,1.22
1281.5,3.5700000000000003,0.7
1281.75,4.29,0.94
1282.0,4.1899999999999995,0.9269999999999999
1282.25,4.0200000000000005,0.78
1282.5,4.08,0.919
1282.75,4.71,1.0433
1283.0,4.710000000000001,1.012
1283.25,4.51,1.0205
1283.5,4.5889999999999995,0.8560000000000001
1283.75,4.8500000000000005,1.091
1284.0,4.569999999999999,0.9223
1284.25,4.59,1.04533
1284.5,4.32,0.8740000000000001
1284.75,4.46,0.927
1285.0,4.7,0.8812
1285.25,4.859999999999999,1.175
1285.5,4.71,1.0150000000000001
1285.75,4.78,1.081
1286.0,4.46,0.889
1286.25,4.51,0.9319
1286.5,4.6899999999999995,0.855
1286.75,4.655,0.7503000000000001
1287.0,4.468,0.8873300000000001
1287.25,4.73,0.9782
1287.5,4.74,1.119
1287.75,4.757,0.87
1288.0,4.37,0.7240000000000001
1288.25,4.734,0.896
1288.5,4.42,0.8380000000000001
1288.75,4.503,0.759
1289.0,3.9299999999999997,0.7230000000000001
1289.25,4.66,0.772
1289.5,4.8100000000000005,0.978
1289.75,4.62,0.794
1290.0,4.32,0.8130000000000001
1290.25,4.215,0.66
1290.5,4.15,0.771
1290.75,4.41,0.8460000000000001
1291.0,3.984,0.623
1291.25,4.492999999999999,0.8349
1291.5,4.448,0.8580000000000001
1291.75,3.7300000000000004,0.754
1292.0,4.34,0.862
1292.25,4.18,0.854
1292.5,4.008,0.654
1292.75,4.37,0.786
1293.0,3.89,0.8119999999999999
1293.25,4.394,0.8382000000000001
1293.5,4.58,1.081
1293.75,4.05,0.763
1294.0,4.44,0.986
1294.25,4.1,0.713
1294.5,4.390000000000001,0.829
1294.75,4.011,0.688
1295.0,4.300000000000001,1.025
1295.25,4.45,1.034
1295.5,3.941,0.671
1295.75,4.46,0.855
1296.0,4.25,0.958
1296.25,4.47,0.9470000000000001
1296.5,4.17,0.869
1296.75,4.54,0.8467
1297.0,4.54,1.1055000000000001
1297.25,4.42,1.192
1297.5,3.88,1.0
1297.75,4.1,0.726
1298.0,4.23,0.87
1298.25,4.16,1.011
1298.5,4.165,0.99
1298.75,4.08,0.895
1299.0,4.27,1.088
1299.25,4.220000000000001,1.166
1299.5,4.15,0.922
1299.75,4.1,0.8320000000000001
1300.0,4.050000000000001,0.83
1300.25,3.94,0.873
1300.5,4.359999999999999,1.088
1300.75,4.02,0.852
1301.0,4.348999999999999,0.9649
1301.25,4.3,1.13
1301.5,4.12,0.8
1301.75,4.0,0.656
1302.0,3.84,0.683
1302.25,4.220000000000001,1.008
1302.5,4.17,1.0110000000000001
1302.75,26.76,-0.9760000000000002
1303.0,32.3,-0.479
1303.25,36.9,0.8700000000000001
1303.5,48.7,1.934
1303.75,51.0,1.735
1304.0,53.3,1.8800000000000001
1304.25,56.0,1.85
1304.5,54.800000000000004,1.629
1304.75,60.49999999999999,3.776
1305.0,64.3,4.607
1305.25,65.7,4.807
1305.5,66.7,4.912
1305.75,69.1,4.7379999999999995
1306.0,70.6,4.819
1306.25,70.8,4.8469999999999995
1306.5,71.8,4.8100000000000005
1306.75,71.8,4.929
1307.0,72.2,4.779
1307.25,69.2,3.491
1307.5,67.7,2.647
1307.75,64.1,2.775
1308.0,70.5,5.609999999999999
1308.25,71.5,5.928
1308.5,72.5,5.94
1308.75,70.2,5.875
1309.0,55.400000000000006,7.16
1309.25,47.7,8.52
1309.5,42.3,6.01
1309.75,42.5,5.61
1310.0,43.0,5.43
1310.25,42.2,5.279999999999999
1310.5,34.91,2.5
1310.75,33.480000000000004,2.598
1311.0,32.620000000000005,2.16
1311.25,31.58,2.338
1311.5,28.300000000000004,2.407
1311.75,25.61,2.476
1312.0,24.1,2.556
1312.25,18.75,2.921
1312.5,19.05,2.741
1312.75,18.36,2.7279999999999998
1313.0,16.13,2.857
1313.25,15.41,2.468
1313.5,13.030000000000001,1.698
1313.75,13.530000000000001,2.45
1314.0,6.78,1.107
1314.25,6.920000000000001,0.9888
1314.5,5.300000000000001,0.9560000000000001
1314.75,4.96,1.0470000000000002
1315.0,4.66,0.8033999999999999
1315.25,5.04,0.8600000000000001
1315.5,5.050000000000001,0.8399000000000001
1315.75,4.59,0.7090799999999999
1316.0,4.16,0.6537000000000001
1316.25,4.75,0.8700000000000001
1316.5,4.71,0.8716999999999999
1316.75,4.85,0.7295
1317.0,4.5200000000000005,0.5757
1317.25,4.53,0.666
1317.5,4.9,0.8220000000000001
1317.75,4.52,0.7789
1318.0,4.9,0.983
1318.25,4.87,0.8317
1318.5,4.63,0.8839999999999999
1318.75,4.75,0.7113
1319.0,4.71,0.863
1319.25,4.49,0.856
1319.5,4.7,0.911
1319.75,4.99,1.111
1320.0,4.76,0.773
1320.25,4.83,1.06
1320.5,4.71,1.008
1320.75,4.87,1.0095
1321.0,4.89,0.894
1321.25,4.63,0.8556
1321.5,4.81,0.9550000000000001
1321.75,4.88,0.939
1322.0,4.79,0.9926999999999999
1322.25,4.6,0.9271
1322.5,5.02,0.9109999999999999
1322.75,4.91,0.986
1323.0,4.78,0.9363
1323.25,4.75,0.96
1323.5,4.62,0.86
1323.75,4.65,0.8306
1324.0,4.2,0.6900000000000001
1324.25,4.78,0.9696
1324.5,4.550000000000001,0.7676000000000001
1324.75,4.75,0.8905
1325.0,4.29,0.7250000000000001
1325.25,4.99,0.9700000000000001
1325.5,4.68,0.9651
1325.75,4.42,0.685
1326.0,4.3,0.659
1326.25,4.65,0.9312
1326.5,4.45,0.7637
1326.75,30.58,-1.035
1327.0,43.6,1.967
1327.25,48.4,2.69
1327.5,60.199999999999996,2.472
1327.75,64.7,2.48
1328.0,66.5,2.54
1328.25,67.4,2.62
1328.5,68.5,2.9086
1328.75,73.6,5.309
1329.0,71.80000000000001,5.25
1329.25,72.4,5.255000000000001
1329.5,73.2,5.165
1329.75,73.8,5.0600000000000005
1330.0,74.69999999999999,5.411
1330.25,79.4,7.19
1330.5,83.0,8.3
1330.75,83.9,8.01
1331.0,84.5,7.880000000000001
1331.25,85.8,8.07
1331.5,86.1,7.79
1331.75,82.5,6.2909999999999995
1332.0,85.8,9.34
1332.25,86.1,9.0
1332.5,83.1,7.68
1332.75,76.89999999999999,6.168
1333.0,67.7,7.02
1333.25,53.2,8.68
1333.5,45.7,5.880000000000001
1333.75,40.3,4.383
1334.0,31.12,2.808
1334.25,32.49,2.866
1334.5,31.5,2.868
1334.75,31.28,2.975
1335.0,30.04,2.967
1335.25,0.0,0.0
1335.5,0.0,0.0
1335.75,0.0,0.0
1336.0,0.0,0.0
1336.25,0.0,0.0
1336.5,0.0,0.0
1336.75,0.0,0.0
1337.0,0.0,0.0
1337.25,0.0,0.0
1337.5,0.0,0.0
1337.75,0.0,0.0
1338.0,0.0,0.0
1338.25,0.0,0.0
1338.5,0.0,0.0
1338.75,0.0,0.0
1339.0,0.0,0.0
1339.25,0.0,0.0
1339.5,0.0,0.0
1339.75,3.1799999999999997,0.71
1340.0,4.5200000000000005,0.73
1340.25,4.584,0.821
1340.5,4.9879999999999995,0.902
1340.75,4.94,0.9400000000000001
1341.0,4.779999999999999,0.7
1341.25,4.779999999999999,0.665
1341.5,3.665,0.8375
1341.75,4.6370000000000005,1.0918
1342.0,4.943,1.0
1342.25,3.69,0.6499999999999999
1342.5,0.0,0.0
1342.75,4.555,0.595
1343.0,3.16,0.69
1343.25,4.525,0.913
1343.5,4.74,1.2999999999999998
1343.75,5.07,1.255
1344.0,5.08,1.17
1344.25,3.18,0.78
1344.5,4.88,1.03
1344.75,0.0,0.0
1345.0,0.0,0.0
1345.25,3.16,0.71
1345.5,4.24,1.06
1345.75,4.9,0.94
1346.0,4.16,0.6739999999999999
1346.25,4.067,0.536
1346.5,4.313,0.892
1346.75,4.835,1.121
1347.0,4.531000000000001,0.8359999999999999
1347.25,4.422,0.978
1347.5,3.15,0.68
1347.75,4.776999999999999,1.0
1348.0,4.0,0.839
1348.25,4.548,0.966
1348.5,4.4990000000000006,0.798
1348.75,4.845,0.9500000000000001
1349.0,4.191,0.7887
1349.25,4.095,0.8200000000000001
1349.5,3.275,0.79
1349.75,4.791,1.031
1350.0,3.927,1.063
1350.25,4.186999999999999,0.692
1350.5,4.548,0.9490000000000001
1350.75,17.68,1.187
1351.0,60.1,3.0300000000000002
1351.25,0.0,0.0
1351.5,0.0,0.0
1351.75,70.1,1.79
1352.0,70.39999999999999,2.015
1352.25,70.4,2.037
1352.5,0.0,0.0
1352.75,0.0,0.0
1353.0,0.0,0.0
1353.25,75.0,2.203
1353.5,75.3,2.04
1353.75,81.0,4.353
1354.0,82.7,5.365
1354.25,83.1,5.2
1354.5,82.1,5.12
1354.75,83.1,5.205
1355.0,82.4,5.359999999999999
1355.25,83.6,5.647
1355.5,85.0,5.4350000000000005
1355.75,82.8,6.03
1356.0,94.3,9.1
1356.25,0.0,0.0
1356.5,90.8,8.620000000000001
1356.75,81.69999999999999,6.5600000000000005
1357.0,54.800000000000004,4.99
1357.25,40.8,4.664
1357.5,41.6,5.46
1357.75,40.4,5.212
1358.0,37.9,5.85
1358.25,32.8,3.303
1358.5,32.8,3.035
1358.75,32.56,3.25
1359.0,33.599999999999994,3.89
1359.25,33.7,3.79
1359.5,32.49,3.39
1359.75,29.770000000000003,3.84
1360.0,29.07,3.33
1360.25,28.9,3.51
1360.5,23.59,3.6399999999999997
1360.75,20.89,3.54
1361.0,19.35,3.44
1361.25,19.68,3.894
1361.5,19.31,3.599
1361.75,13.12,1.9933
1362.0,9.74,1.4340000000000002
1362.25,9.34,1.3497
1362.5,8.93,1.21
1362.75,9.1,0.957
1363.0,9.06,1.253
1363.25,8.25,0.87
1363.5,9.07,1.256
1363.75,8.346,0.861
1364.0,7.589,1.066
1364.25,7.1290000000000004,0.864
1364.5,7.443,0.862
1364.75,7.614000000000001,0.725
1365.0,7.451,0.796
1365.25,5.489999999999999,0.624
1365.5,4.994,0.774
1365.75,5.726,0.8500000000000001
1366.0,5.8100000000000005,0.893
1366.25,5.145999999999999,0.807
1366.5,5.388,0.774
1366.75,5.734,0.89
1367.0,4.925000000000001,0.722
1367.25,5.442,0.838
1367.5,5.262,0.603
1367.75,5.395,0.7090000000000001
1368.0,5.232,0.787
1368.25,5.246,0.737
1368.5,5.463,0.716
1368.75,5.389,0.919
1369.0,4.966,0.5720000000000001
1369.25,5.896,0.736
1369.5,5.524,0.7130000000000001
1369.75,5.523,0.671
1370.0,5.33,0.79
1370.25,4.872,0.5900000000000001
1370.5,5.505,0.6659999999999999
1370.75,5.323,0.621
1371.0,5.640000000000001,1.1139999999999999
1371.25,5.038,0.538
1371.5,5.691,0.732
1371.75,5.173,0.72
1372.0,4.735,0.6739999999999999
1372.25,5.183999999999999,0.6739999999999999
1372.5,5.6499999999999995,0.6199999999999999
1372.75,5.356,0.7370000000000001
1373.0,5.157,0.6900000000000001
1373.25,5.2010000000000005,0.76
1373.5,5.098000000000001,0.5720000000000001
1373.75,5.131,0.748
1374.0,4.890000000000001,0.7170000000000001
1374.25,3.7119999999999997,0.8099999999999999
1374.5,4.207,1.283
1374.75,34.2,1.0859999999999999
1375.0,49.2,2.69
1375.25,56.8,2.09
1375.5,56.3,2.1799999999999997
1375.75,58.1,2.2800000000000002
1376.0,62.900000000000006,1.83
1376.25,67.89999999999999,2.46
1376.5,67.69999999999999,1.797
1376.75,71.5,4.2139999999999995
1377.0,72.9,4.186
1377.25,72.9,4.003
1377.5,73.1,4.236
1377.75,78.9,6.05
1378.0,79.2,6.3100000000000005
1378.25,77.7,5.800000000000001
1378.5,79.8,6.05
1378.75,78.3,6.49
1379.0,79.4,5.92
1379.25,80.1,6.86
1379.5,80.5,7.0
1379.75,80.3,6.59
1380.0,82.3,7.67
1380.25,83.6,8.06
1380.5,78.4,6.87
1380.75,74.8,5.02
1381.0,55.6,6.4399999999999995
1381.25,49.400000000000006,7.0
1381.5,44.2,4.8
1381.75,43.9,4.89
1382.0,36.0,2.708
1382.25,33.5,2.3222
1382.5,33.8,2.349
1382.75,33.7,2.263
1383.0,33.3,2.2612
1383.25,30.939999999999998,1.913
1383.5,27.72,1.9500000000000002
1383.75,26.400000000000002,2.3
1384.0,25.37,2.45
1384.25,23.83,2.66
1384.5,21.01,2.5200000000000005
1384.75,20.17,2.31
1385.0,20.29,2.31
1385.25,20.62,2.71
1385.5,19.46,2.52
1385.75,12.76,1.2970000000000002
1386.0,11.55,1.184
1386.25,11.36,1.422
1386.5,12.48,1.2276699999999998
1386.75,11.790000000000001,1.1876
1387.0,10.18,1.167
1387.25,5.609999999999999,0.11300000000000002
1387.5,5.91,0.46099999999999997
1387.75,5.76,0.2611
1388.0,5.92,0.41400000000000003
1388.25,5.84,0.33899999999999997
1388.5,5.87,0.371
1388.75,5.94,0.475
1389.0,5.67,0.202
1389.25,3.7,0.315
1389.5,3.6799999999999997,0.273
1389.75,3.74,0.33999999999999997
1390.0,3.6400000000000006,0.24299999999999997
1390.25,3.6239999999999997,0.16799999999999998
1390.5,3.7,0.22
1390.75,3.8899999999999997,0.42000000000000004
1391.0,3.83,0.48200000000000004
1391.25,3.64,0.259
1391.5,3.6900000000000004,0.324
1391.75,3.7700000000000005,0.41000000000000003
1392.0,3.7,0.364
1392.25,3.83,0.543
1392.5,3.8,0.465
1392.75,3.8200000000000003,0.52
1393.0,3.6800000000000006,0.33999999999999997
1393.25,3.6900000000000004,0.348
1393.5,3.7700000000000005,0.47100000000000003
1393.75,3.75,0.43599999999999994
1394.0,3.76,0.455
1394.25,3.7500000000000004,0.41100000000000003
1394.5,3.71,0.382
1394.75,3.7,0.39099999999999996
1395.0,3.72,0.398
1395.25,3.8899999999999997,0.6220000000000001
1395.5,3.6900000000000004,0.393
1395.75,3.91,0.629
1396.0,3.62,0.302
1396.25,3.73,0.29500000000000004
1396.5,3.8000000000000003,0.379
1396.75,3.8600000000000003,0.518
1397.0,3.8,0.46199999999999997
1397.25,3.6799999999999997,0.2929999999999999
1397.5,3.9299999999999997,0.573
1397.75,3.6399999999999997,0.27099999999999996
1398.0,3.82,0.33099999999999996
1398.25,3.3790000000000004,0.44799999999999995
1398.5,3.324,0.44399999999999995
1398.75,30.439999999999998,0.649
1399.0,51.0,2.135
1399.25,61.10000000000001,1.944
1399.5,60.9,2.338
1399.75,63.1,2.2439999999999998
1400.0,66.4,1.829
1400.25,65.30000000000001,1.318
1400.5,67.1,1.4180000000000001
1400.75,73.9,3.933
1401.0,74.1,3.888
1401.25,76.5,3.8480000000000003
1401.5,77.0,3.884
1401.75,77.8,4.105
1402.0,77.4,4.146
1402.25,78.6,4.136
1402.5,77.80000000000001,4.263999999999999
1402.75,78.1,4.487
1403.0,77.2,4.448
1403.25,77.2,4.516
1403.5,75.5,4.484999999999999
1403.75,76.7,4.34
1404.0,80.9,5.286
1404.25,78.4,5.208
1404.5,78.5,5.0969999999999995
1404.75,75.5,5.279
1405.0,65.1,5.0489999999999995
1405.25,62.7,4.675
1405.5,56.2,2.07
1405.75,47.699999999999996,-0.244
1406.0,35.01,2.27
1406.25,35.5,2.419
1406.5,33.9,2.976
1406.75,31.59,3.1660000000000004
1407.0,25.810000000000002,3.1155999999999997
1407.25,23.74,2.13682
1407.5,22.08,2.4779999999999998
1407.75,21.92,2.88
1408.0,20.2,3.1129
1408.25,16.55,2.852
1408.5,15.91,2.74125
1408.75,15.629999999999999,2.917
1409.0,15.39,2.725
1409.25,15.39,2.60933
1409.5,14.399999999999999,2.83
1409.75,7.140000000000001,0.8979999999999999
1410.0,5.2059999999999995,0.87757
1410.25,4.8229999999999995,0.782
1410.5,5.252999999999999,0.9008
1410.75,5.407000000000001,0.9570000000000001
1411.0,5.0440000000000005,0.8218
1411.25,5.215999999999999,0.831
1411.5,4.9319999999999995,0.619
1411.75,5.199,0.7117
1412.0,4.998,0.698
1412.25,4.998,0.6930000000000001
1412.5,5.283,0.8913
1412.75,4.968,0.7173
1413.0,5.113,0.817
1413.25,4.6259999999999994,0.5740000000000001
1413.5,4.734,0.679
1413.75,4.82,0.6890000000000001
1414.0,5.013,0.716
1414.25,4.664999999999999,0.5569999999999999
1414.5,4.796,0.71
1414.75,5.325,0.884
1415.0,5.571,0.8919999999999999
1415.25,5.423,0.9722
1415.5,5.211,0.987
1415.75,5.135999999999999,0.8200000000000001
1416.0,5.044,0.8343
1416.25,5.115,0.706
1416.5,4.965,0.71
1416.75,5.1370000000000005,0.821
1417.0,4.807,0.7929999999999999
1417.25,4.9239999999999995,0.8575699999999999
1417.5,4.829000000000001,0.8300000000000001
1417.75,5.139,0.915
1418.0,4.768,0.7050000000000001
1418.25,4.833,0.8016
1418.5,4.8709999999999996,0.9475
1418.75,4.986,1.101
1419.0,4.998,0.9750000000000001
1419.25,4.876,0.8669
1419.5,5.183999999999999,1.0484
1419.75,4.921,0.7924
1420.0,4.9190000000000005,0.866
1420.25,5.035,0.8305
1420.5,5.433999999999999,1.0670000000000002
1420.75,5.163,1.0150000000000001
1421.0,5.058000000000001,0.777
1421.25,5.184,0.9787
1421.5,5.114,0.8175
1421.75,5.234999999999999,1.0002
1422.0,4.901999999999999,0.746
1422.25,5.287,0.8946
1422.5,5.1930000000000005,0.862
1422.75,5.239000000000001,1.064
1423.0,5.4,1.072
1423.25,5.1530000000000005,0.9380000000000001
1423.5,4.88,0.8250000000000001
1423.75,5.257,0.8687
1424.0,5.043,0.8300000000000001
1424.25,4.778,0.7030000000000001
1424.5,5.11,0.776
1424.75,5.329000000000001,1.047
1425.0,5.4399999999999995,0.9550000000000001
1425.25,5.132,0.7889999999999999
1425.5,5.317,0.823
1425.75,5.166,0.688
1426.0,5.694,0.8645
1426.25,5.253,0.6619999999999999
1426.5,6.026000000000001,1.0819999999999999
1426.75,5.6129999999999995,1.0138
1427.0,5.972,0.966
1427.25,5.920000000000001,1.017
1427.5,5.954000000000001,0.866
1427.75,5.736,0.9253
1428.0,5.966,0.911
1428.25,5.7219999999999995,0.8492
1428.5,6.057,0.9470000000000001
1428.75,6.104,0.859
1429.0,6.025,1.066
1429.25,6.007,0.8160000000000001
1429.5,6.069000000000001,0.8300000000000001
1429.75,6.059,0.8122
1430.0,6.104,0.731909
1430.25,6.172,0.915
1430.5,5.747,0.8109999999999999
1430.75,5.622999999999999,0.6880000000000001
1431.0,5.851999999999999,0.9183
1431.25,5.972,0.8440000000000001
1431.5,5.354,0.72
1431.75,5.659,0.7455
1432.0,6.09,0.8357
1432.25,6.135,0.942
1432.5,5.8549999999999995,0.6313
1432.75,6.082999999999999,1.056
1433.0,6.021,1.004
1433.25,5.914000000000001,0.9279999999999999
1433.5,5.79,0.8515999999999999
1433.75,5.382999999999999,0.7535000000000001
1434.0,5.5409999999999995,0.9637
1434.25,5.591,0.7905
1434.5,5.2540000000000004,0.8414999999999999
1434.75,5.149,0.8190999999999999
1435.0,5.2540000000000004,0.8279000000000001
1435.25,5.163,0.787
1435.5,5.011000000000001,0.621
1435.75,5.184,0.8641300000000001
1436.0,5.2139999999999995,0.8155999999999999
1436.25,5.04,0.6679999999999999
1436.5,4.871,0.746
1436.75,5.25,0.9349999999999999
1437.0,5.009,0.7599
1437.25,5.126,0.8784000000000001
1437.5,4.9830000000000005,0.715
1437.75,5.131,0.7668999999999999
1438.0,4.795,0.518
1438.25,5.282,0.924
1438.5,5.004,0.8667
1438.75,5.114,0.9437
1439.0,4.814000000000001,0.7867999999999999
1439.25,4.9719999999999995,0.7463
1439.5,4.851,0.825
1439.75,4.9910000000000005,0.8568
1440.0,5.1930000000000005,0.9931000000000001
1440.25,4.9350000000000005,0.81818
1440.5,5.051,0.8654
1440.75,5.176,1.026
1441.0,4.998,0.8340000000000001
1441.25,5.16,0.9577
1441.5,5.139000000000001,0.878
1441.75,5.266,1.081
1442.0,4.692,0.8931
1442.25,4.86,0.7627999999999999
1442.5,5.047000000000001,0.8139000000000001
1442.75,5.239,1.082
1443.0,4.965999999999999,0.9522999999999999
1443.25,4.562,1.0093999999999999
1443.5,4.945,0.837
1443.75,5.07,0.9756
1444.0,5.01,0.9460000000000001
1444.25,4.922000000000001,0.9589000000000001
1444.5,4.721,1.0643
1444.75,4.939,0.9134
1445.0,5.023,0.9653
1445.25,4.9750000000000005,0.7287
1445.5,5.144,0.992
1445.75,4.456,0.7592
1446.0,5.053999999999999,0.7683
1446.25,4.969,0.812
1446.5,5.013000000000001,0.9199999999999999
1446.75,5.035,0.989
1447.0,4.728,0.869
1447.25,5.0040000000000004,0.8896
1447.5,5.112,1.036
1447.75,4.894,0.8460000000000001
1448.0,4.581,0.7598199999999999
1448.25,5.072,1.0072
1448.5,5.178,0.945
1448.75,5.111000000000001,0.9450000000000001
1449.0,5.243,0.913
1449.25,5.4510000000000005,1.214
1449.5,5.192,0.8259000000000001
1449.75,5.077,0.9338
1450.0,5.4990000000000006,0.9897
1450.25,5.477,1.0783
1450.5,5.701,1.1869999999999998
1450.75,5.689,0.99
1451.0,5.94,1.189
1451.25,5.888,1.197
1451.5,5.867,1.0939999999999999
1451.75,5.587,0.9334
1452.0,5.768,0.919
1452.25,5.960000000000001,1.174
1452.5,5.699,1.0150000000000001
1452.75,5.845999999999999,0.9890000000000001
1453.0,5.854,1.153
1453.25,5.872,0.9613
1453.5,5.8629999999999995,0.9547
1453.75,5.892,1.0130000000000001
1454.0,5.7940000000000005,0.806
1454.25,5.872,0.828
1454.5,5.574999999999999,0.729
1454.75,6.066999999999999,1.096
1455.0,6.055000000000001,1.151
1455.25,5.922,0.9570000000000001
1455.5,5.891,0.881
1455.75,5.768000000000001,0.6794
1456.0,5.685,0.852
1456.25,5.418,0.654
1456.5,5.72,0.899
1456.75,5.548,0.976
1457.0,5.367,0.7546200000000001
1457.25,5.258,0.678
1457.5,5.132,0.614
1457.75,5.0409999999999995,0.8819999999999999
1458.0,5.523999999999999,0.867
1458.25,5.101999999999999,0.666
1458.5,5.096,0.7989999999999999
1458.75,5.449,0.9259999999999999
1459.0,5.0569999999999995,0.634
1459.25,5.34,0.8231999999999999
1459.5,5.073,0.639
1459.75,5.145,0.72
1460.0,4.92,0.683
1460.25,4.872999999999999,0.5549999999999999
1460.5,5.384,0.9299999999999999
1460.75,5.111,0.6827
1461.0,5.297,0.863
1461.25,5.0009999999999994,0.577
1461.5,4.925999999999999,0.53
1461.75,5.299,0.7649999999999999
1462.0,4.822,0.581
1462.25,5.345000000000001,0.768
1462.5,5.147,0.829
1462.75,5.018000000000001,0.8210000000000001
1463.0,4.766,0.617
1463.25,5.093999999999999,0.6728000000000001
1463.5,4.952,0.723
1463.75,5.341,0.8236999999999999
1464.0,4.965,0.712
1464.25,5.456,0.9630000000000001
1464.5,5.4799999999999995,0.869
1464.75,5.259,0.8214999999999999
1465.0,4.976,0.6829999999999999
1465.25,5.135,0.794
1465.5,5.1899999999999995,0.899
1465.75,5.081,0.8786
1466.0,5.388,1.063
1466.25,5.4,0.911
1466.5,5.127000000000001,0.9046000000000001
1466.75,4.973,0.7617400000000001
1467.0,4.874,0.998
1467.25,5.532000000000001,1.22
1467.5,5.088,0.7581
1467.75,5.112,0.9152
1468.0,4.914999999999999,0.901
1468.25,5.2299999999999995,1.004
1468.5,5.199,1.099
1468.75,5.161,0.8551
1469.0,4.843,0.796
1469.25,4.638,0.635
1469.5,4.888,0.681
1469.75,5.009,0.7601800000000001
1470.0,5.302,0.979
1470.25,5.128,0.9024000000000001
1470.5,5.109,0.8549
1470.75,5.0169999999999995,0.8320000000000001
1471.0,5.025,0.8240000000000001
1471.25,5.109,0.7474000000000001
1471.5,5.2379999999999995,0.8773
1471.75,5.288,0.8462000000000001
1472.0,5.052,0.768
1472.25,5.3500000000000005,0.8090999999999999
1472.5,5.253,0.7346999999999999
1472.75,5.216,0.9054
1473.0,5.077999999999999,0.6839999999999999
1473.25,5.361000000000001,0.831
1473.5,5.213,0.7752
1473.75,5.749,0.9825999999999999
1474.0,5.736,0.931
1474.25,5.786,0.732
1474.5,5.948,0.9218
1474.75,5.8950000000000005,0.8324
1475.0,5.826,0.7739
1475.25,5.971,0.9349999999999999
1475.5,6.0040000000000004,0.9359999999999999
1475.75,5.890000000000001,0.7679
1476.0,5.998000000000001,0.851
1476.25,6.047,0.8960000000000001
1476.5,5.961,0.7579
1476.75,5.945,0.6983999999999999
1477.0,6.053000000000001,0.8029999999999999
1477.25,6.019,0.8394
1477.5,5.96,0.7334
1477.75,6.088000000000001,0.899
1478.0,6.062,0.89
1478.25,6.24,1.06
1478.5,5.9959999999999996,0.7818
1478.75,6.061,0.7451000000000001
1479.0,6.221,0.9712999999999999
1479.25,6.115,0.895
1479.5,6.101,0.883
1479.75,5.984,0.773
1480.0,6.099,0.7953
1480.25,6.0649999999999995,0.7633
1480.5,6.049,0.7356
1480.75,6.063,0.861
1481.0,6.084,0.995
1481.25,5.957999999999999,0.8049
1481.5,5.812,0.986
1481.75,5.617999999999999,1.104
1482.0,5.945,1.149
1482.25,5.816000000000001,1.01
1482.5,5.513,0.718
1482.75,6.0680000000000005,1.1179999999999999
1483.0,5.686,0.9582999999999999
1483.25,5.436,0.7236
1483.5,5.6240000000000006,0.8793
1483.75,5.58,0.7563
1484.0,5.728000000000001,0.9349999999999999
1484.25,5.406,0.7649
1484.5,5.7170000000000005,0.9019999999999999
1484.75,5.481,0.8556
1485.0,5.554,0.72278
1485.25,5.356,0.62
1485.5,5.746,0.7988999999999999
1485.75,5.802,0.7809999999999999
1486.0,5.952,1.02
1486.25,5.614000000000001,0.921
1486.5,5.488,0.7948
1486.75,5.452,0.8113
1487.0,5.210999999999999,0.7875
1487.25,5.502,1.0579999999999998
1487.5,5.524000000000001,1.1560000000000001
1487.75,5.494,0.895
1488.0,5.455,1.083
1488.25,5.456,0.9271
1488.5,5.503,0.952
1488.75,5.1370000000000005,0.9173
1489.0,4.899000000000001,0.7951699999999999
1489.25,5.708,1.236
1489.5,5.074,0.789
1489.75,5.272,1.0579999999999998
1490.0,5.32,1.006
1490.25,5.099,0.664
1490.5,5.115,0.788
1490.75,5.135,0.7584
1491.0,4.9559999999999995,0.744
1491.25,5.022,0.8294
1491.5,5.122,0.7205
1491.75,5.436,0.9430000000000001
1492.0,5.228999999999999,0.7994
1492.25,5.032,0.8640000000000001
1492.5,4.908,0.792
1492.75,5.002000000000001,0.8260000000000001
1493.0,5.247,0.8924000000000001
1493.25,5.097999999999999,0.8331999999999999
1493.5,5.199,1.062
1493.75,5.0280000000000005,1.00467
1494.0,5.031,0.7287
1494.25,5.266,0.933
1494.5,5.141,0.9209999999999999
1494.75,4.875,0.8787
1495.0,5.114,1.0429
1495.25,5.341,1.12
1495.5,5.401,1.1909999999999998
1495.75,5.164,0.8838
1496.0,5.199,0.868
1496.25,5.187,1.0332999999999999
1496.5,5.0729999999999995,0.784
1496.75,5.519,0.9469000000000001
1497.0,5.291,0.6965
1497.25,5.295,0.8401000000000001
1497.5,5.642,0.8436
1497.75,5.5360000000000005,0.6742999999999999
1498.0,5.595000000000001,0.8089999999999999
1498.25,5.878,0.8276000000000001
1498.5,5.785,0.6674
1498.75,5.912999999999999,0.7869999999999999
1499.0,6.087,0.925
1499.25,6.037000000000001,0.866
1499.5,5.906,0.7348
1499.75,5.949,0.7617
1500.0,5.983,0.8078
1500.25,5.998,0.7482
1500.5,5.991,0.788
1500.75,6.228000000000001,1.064
1501.0,6.116,0.903
1501.25,6.1,0.87
1501.5,5.976,0.7138
1501.75,6.101,0.8280000000000001
1502.0,6.034000000000001,0.7834300000000001
1502.25,5.8549999999999995,0.6418
1502.5,6.103,0.8975
1502.75,6.1930000000000005,1.037
1503.0,6.033,0.761
1503.25,6.206,0.962
1503.5,5.928,0.6514
1503.75,5.9959999999999996,0.7565999999999999
1504.0,6.0969999999999995,0.9221000000000001
1504.25,5.978999999999999,0.7859
1504.5,6.071999999999999,0.8659999999999999
1504.75,5.996,0.8247
1505.0,6.081,0.8618999999999999
1505.25,5.987,0.8251999999999999
1505.5,5.95,0.8045
1505.75,5.7059999999999995,0.7503
1506.0,5.677,0.7921199999999999
1506.25,5.97,0.909
1506.5,5.724,0.8405
1506.75,5.83,0.9548000000000001
1507.0,5.702,0.8049999999999999
1507.25,5.478000000000001,0.639
1507.5,5.508,0.7170000000000001
1507.75,5.68,0.7021
1508.0,5.3580000000000005,0.8376999999999999
1508.25,5.46,0.6928
1508.5,5.758,0.809
1508.75,5.471,0.8110999999999999
1509.0,5.187,0.607
1509.25,5.452,0.732
1509.5,5.473,0.7242
1509.75,5.5329999999999995,0.8141
1510.0,5.3790000000000004,0.7979999999999999
1510.25,5.485,0.7107
1510.5,5.359999999999999,0.6919
1510.75,5.478,0.782
1511.0,5.561,0.9119999999999999
1511.25,5.288,0.8267
1511.5,5.501,0.875
1511.75,5.352,0.8271999999999999
1512.0,5.515,0.9362999999999999
1512.25,5.449,0.923
1512.5,5.651000000000001,1.1389999999999998
1512.75,5.434,0.949
1513.0,5.353,0.7865
1513.25,5.384,0.9317
1513.5,5.433,0.988
1513.75,5.074000000000001,0.9122000000000001
1514.0,5.216,1.0199
1514.25,5.101000000000001,0.8803000000000001
1514.5,5.427,1.116
1514.75,5.1290000000000004,1.027
1515.0,5.454,0.896
1515.25,5.488,1.052
1515.5,5.346,0.9517
1515.75,5.068,0.947
1516.0,5.034000000000001,0.9175
1516.25,5.291,0.9079999999999999
1516.5,5.7299999999999995,1.158
1516.75,5.123,0.9390000000000001
1517.0,5.361,1.164
1517.25,5.318,1.1179999999999999
1517.5,5.101,0.9309000000000001
1517.75,5.243,1.005
1518.0,5.2219999999999995,0.9620000000000001
1518.25,5.260000000000001,1.131
1518.5,5.477,1.056
1518.75,5.4159999999999995,0.8448
1519.0,5.537,1.021
1519.25,5.295,0.8429000000000001
1519.5,4.965,0.7749999999999999
1519.75,5.126,0.666
1520.0,5.736,0.9219999999999999
1520.25,5.641,0.9243000000000001
1520.5,5.689,0.827
1520.75,5.819,0.8173
1521.0,5.798000000000001,0.8885
1521.25,5.2989999999999995,0.6875
1521.5,5.197,0.8440000000000001
1521.75,5.787,0.7437
1522.0,5.814,0.731
1522.25,5.942,0.867
1522.5,5.564,0.7682
1522.75,6.007,0.883
1523.0,5.89,0.7729999999999999
1523.25,5.813,0.6707
1523.5,5.926,0.776
1523.75,6.038,0.883
1524.0,6.056,0.889
1524.25,6.026000000000001,0.878
1524.5,5.933999999999999,0.732
1524.75,12.34,1.842
1525.0,44.2,0.567
1525.25,52.8,2.086
1525.5,54.1,1.652
1525.75,54.49999999999999,1.824
1526.0,58.0,2.394
1526.25,59.900000000000006,2.548
1526.5,60.0,1.9905
1526.75,60.2,2.115
1527.0,61.2,2.01
1527.25,61.5,2.1323
1527.5,61.0,2.997
1527.75,58.199999999999996,1.493
1528.0,59.8,2.561
1528.25,60.3,2.7939999999999996
1528.5,56.5,3.2889999999999997
1528.75,51.7,2.797
1529.0,46.9,2.0853
1529.25,44.9,2.27
1529.5,40.2,2.386
1529.75,30.15,2.1992000000000003
1530.0,4.088,0.974
1530.25,2.968,0.9179999999999999
1530.5,2.794,0.698
1530.75,5.204000000000001,0.569
1531.0,5.482,0.5840000000000001
1531.25,5.51,0.557
1531.5,5.602,0.724
1531.75,5.49,0.637
1532.0,5.774,0.7839999999999999
1532.25,5.710999999999999,0.745
1532.5,5.562,0.496
1532.75,5.558000000000001,0.523
1533.0,5.426,0.683
1533.25,3.473,0.754
1533.5,3.428,0.6970000000000001
1533.75,3.388,0.68
1534.0,3.23,0.501
1534.25,3.3149999999999995,0.603
1534.5,3.352,0.67
1534.75,3.185,0.47400000000000003
1535.0,3.402,0.728
1535.25,3.4880000000000004,0.808
1535.5,3.4079999999999995,0.728
1535.75,3.3689999999999998,0.718
1536.0,3.238,0.508
1536.25,3.231,0.513
1536.5,3.302,0.5750000000000001
1536.75,3.428,0.695
1537.0,3.093,0.352
1537.25,3.372,0.601
1537.5,3.4299999999999997,0.721
1537.75,3.2390000000000003,0.527
1538.0,3.3150000000000004,0.5549999999999999
1538.25,3.375,0.685
1538.5,3.294,0.526
1538.75,3.348,0.5920000000000001
1539.0,3.3470000000000004,0.661
1539.25,3.327,0.626
1539.5,3.463,0.797
1539.75,3.423,0.803
1540.0,3.1980000000000004,0.496
1540.25,3.369,0.708
1540.5,3.388,0.748
1540.75,3.2849999999999997,0.622
1541.0,3.333,0.6719999999999999
1541.25,3.343,0.667
1541.5,3.4909999999999997,0.781
1541.75,3.354,0.733
1542.0,3.072,0.44500000000000006
1542.25,2.33,0.784
1542.5,2.0740000000000003,0.76
1542.75,25.33,1.242
1543.0,47.9,2.507
1543.25,58.5,2.5839999999999996
1543.5,66.30000000000001,2.6586
1543.75,67.5,2.30818
1544.0,69.4,2.3857
1544.25,69.3,2.12
1544.5,71.9,3.203
1544.75,75.1,4.733
1545.0,75.3,4.66
1545.25,77.2,4.75
1545.5,77.6,4.912
1545.75,79.1,4.8709999999999996
1546.0,80.1,5.07
1546.25,81.8,4.7
1546.5,82.0,5.05
1546.75,84.9,5.720000000000001
1547.0,85.0,5.539999999999999
1547.25,83.2,5.9
1547.5,80.6,5.96
1547.75,79.4,5.78
1548.0,80.80000000000001,5.681
1548.25,76.0,5.68
1548.5,73.4,5.140000000000001
1548.75,73.1,5.28
1549.0,51.8,5.83
1549.25,41.3,4.93
1549.5,41.900000000000006,4.882
1549.75,44.7,4.800000000000001
1550.0,41.9,5.08
1550.25,41.4,5.6899999999999995
1550.5,36.13,4.18
1550.75,36.81,4.94
1551.0,36.67,5.55
1551.25,34.17,5.42
1551.5,31.84,4.93
1551.75,30.869999999999997,4.23
1552.0,30.810000000000002,4.57
1552.25,27.869999999999997,4.890000000000001
1552.5,26.73,4.96
1552.75,20.560000000000002,2.785
1553.0,16.39,2.0968
1553.25,14.45,2.5757000000000003
1553.5,14.639999999999999,2.4117
1553.75,9.02,1.5151
1554.0,7.647,0.903
1554.25,8.294,1.054
1554.5,8.468,1.2320000000000002
1554.75,5.162999999999999,0.559
1555.0,5.2940000000000005,0.6659999999999999
1555.25,5.118,0.466
1555.5,5.183,0.512
1555.75,5.394,0.79
1556.0,5.251,0.585
1556.25,5.292,0.672
1556.5,5.189,0.433
1556.75,5.718,0.475
1557.0,5.198,0.556
1557.25,5.147,0.614
1557.5,5.1899999999999995,0.679
1557.75,5.183999999999999,0.681
1558.0,5.209,0.755
1558.25,5.108,0.657
1558.5,4.951,0.45999999999999996
1558.75,5.0889999999999995,0.6839999999999999
1559.0,5.274,0.877
1559.25,5.09,0.7130000000000001
1559.5,5.021000000000001,0.598
1559.75,5.216,0.827
1560.0,5.222,0.897
1560.25,5.242,0.8069999999999999
1560.5,5.0809999999999995,0.7460000000000001
1560.75,4.896,0.573
1561.0,4.970000000000001,0.6559999999999999
1561.25,5.114,0.885
1561.5,4.9,0.5820000000000001
1561.75,5.068,0.835
1562.0,5.122,0.849
1562.25,4.911,0.716
1562.5,4.973000000000001,0.798
1562.75,4.787,0.477
1563.0,4.752,0.44099999999999995
1563.25,4.846,0.5229999999999999
1563.5,4.986,0.722
1563.75,4.867,0.632
1564.0,4.8069999999999995,0.523
1564.25,4.893,0.628
1564.5,4.854,0.6180000000000001
1564.75,4.792999999999999,0.52
1565.0,4.849,0.657
1565.25,4.787,0.526
1565.5,4.923,0.691
1565.75,4.863,0.6950000000000001
1566.0,4.880999999999999,0.632
1566.25,2.632,0.654
1566.5,2.298,0.8180000000000001
1566.75,28.87,0.33499999999999996
1567.0,52.599999999999994,1.974
1567.25,61.4,1.79
1567.5,65.3,2.0700000000000003
1567.75,66.2,2.0027
1568.0,67.2,1.932
1568.25,70.5,1.829
1568.5,70.5,1.9969999999999999
1568.75,76.9,4.223
1569.0,78.6,4.451
1569.25,78.69999999999999,4.493
1569.5,79.2,4.574999999999999
1569.75,77.80000000000001,4.562
1570.0,77.1,4.339
1570.25,75.0,3.0469999999999997
1570.5,78.3,4.884
1570.75,77.7,4.8100000000000005
1571.0,77.2,4.6129999999999995
1571.25,70.9,2.103
1571.5,71.7,2.28
1571.75,72.8,2.2699999999999996
1572.0,70.5,2.358
1572.25,71.0,2.3819999999999997
1572.5,68.6,2.5814
1572.75,65.9,2.709
1573.0,48.6,5.35
1573.25,46.4,5.07
1573.5,45.3,5.02
1573.75,45.0,5.2
1574.0,41.2,3.803
1574.25,37.599999999999994,2.564
1574.5,35.6,2.535
1574.75,35.2,2.6260000000000003
1575.0,34.870000000000005,2.912
1575.25,32.16,1.8130000000000002
1575.5,32.49,3.312
1575.75,32.21,3.3870000000000005
1576.0,29.88,3.0570000000000004
1576.25,21.749999999999996,2.215
1576.5,20.83,2.451
1576.75,19.86,3.16
1577.0,19.06,2.79
1577.25,18.02,2.36
1577.5,19.3,2.96
1577.75,10.48,1.558
1578.0,6.695,1.177
1578.25,6.511,0.986
1578.5,6.3260000000000005,0.723
1578.75,7.6,0.766
1579.0,6.81,0.758
1579.25,6.620000000000001,0.779
1579.5,6.86,0.6950000000000001
1579.75,6.710000000000001,0.7
1580.0,6.24,0.597
1580.25,6.199999999999999,0.6419999999999999
1580.5,6.180000000000001,0.6759999999999999
1580.75,4.81,0.842
1581.0,4.169,0.8579999999999999
1581.25,4.085,0.795
1581.5,4.023,0.632
1581.75,3.623,0.6000000000000001
1582.0,4.112,0.7949999999999999
1582.25,4.058,0.861
1582.5,3.662,0.6769999999999999
1582.75,3.87,0.694
1583.0,3.84,0.813
1583.25,3.9699999999999998,0.7010000000000001
1583.5,4.0440000000000005,1.02
1583.75,3.9690000000000003,0.6100000000000001
1584.0,3.569,0.61
1584.25,3.819,0.742
1584.5,4.025,0.828
1584.75,3.8859999999999997,0.844
1585.0,3.694,0.822
1585.25,3.642,0.753
1585.5,4.003,0.822
1585.75,3.638,0.736
1586.0,3.682,0.7370000000000001
1586.25,3.5300000000000002,0.648
1586.5,4.154,0.742
1586.75,3.414,0.777
1587.0,4.318,0.683
1587.25,3.63,0.735
1587.5,3.7409999999999997,0.653
1587.75,4.274,0.9139999999999999
1588.0,3.848,0.7849999999999999
1588.25,3.954,0.6809999999999999
1588.5,4.116,0.776
1588.75,3.873,0.848
1589.0,3.9930000000000003,0.794
1589.25,3.9799999999999995,0.7410000000000001
1589.5,3.7269999999999994,0.706
1589.75,3.906,0.664
1590.0,3.82,0.794
1590.25,4.162,0.849
1590.5,3.969,0.877
1590.75,7.06,1.583
1591.0,12.240000000000002,2.83
1591.25,13.09,3.0
1591.5,12.96,3.19
1591.75,12.29,2.45
1592.0,11.719999999999999,2.52
1592.25,11.93,2.5140000000000002
1592.5,12.45,2.346
1592.75,12.32,2.4299999999999997
1593.0,13.100000000000001,2.83
1593.25,13.33,3.1399999999999997
1593.5,11.79,1.722
1593.75,11.919999999999998,1.926
1594.0,13.56,3.24
1594.25,13.15,2.91
1594.5,11.91,1.9300000000000002
1594.75,12.219999999999999,1.8439999999999999
1595.0,13.719999999999999,3.1899999999999995
1595.25,13.059999999999999,2.73
1595.5,12.469999999999999,2.21
1595.75,13.33,2.1879999999999997
1596.0,14.58,3.2600000000000002
1596.25,13.21,2.2700000000000005
1596.5,13.75,2.75
1596.75,12.95,2.169
1597.0,13.31,2.3409999999999997
1597.25,12.59,2.05
1597.5,12.879999999999999,2.1
1597.75,13.709999999999999,2.46
1598.0,13.69,2.5700000000000003
1598.25,13.11,2.004
1598.5,13.219999999999999,2.291
1598.75,13.79,2.74
1599.0,13.79,2.6100000000000003
1599.25,13.86,2.91
1599.5,12.84,1.954
1599.75,13.21,2.184
1600.0,13.59,2.439
1600.25,13.84,2.8
1600.5,13.879999999999999,2.87
1600.75,13.84,2.7
1601.0,13.510000000000002,2.3600000000000003
1601.25,13.84,2.4000000000000004
1601.5,14.129999999999999,2.3200000000000003
1601.75,6.42,0.919
1602.0,3.998,0.723
1602.25,4.352,0.671
1602.5,4.139,0.661
1602.75,3.681,0.5249999999999999
1603.0,3.995,0.508
1603.25,4.128,0.831
1603.5,4.311999999999999,0.735
1603.75,4.031,0.662
1604.0,3.89,0.615
1604.25,4.055,0.758
1604.5,4.108,0.7759999999999999
1604.75,4.388,0.597
1605.0,4.2010000000000005,0.68
1605.25,4.281000000000001,0.708
1605.5,3.833,0.635
1605.75,3.63,0.6950000000000001
1606.0,4.157,0.831
1606.25,3.82,0.79
1606.5,3.991,0.841
1606.75,3.46,0.584
1607.0,3.9050000000000002,0.708
1607.25,3.6260000000000003,0.738
1607.5,3.835,0.782
1607.75,3.6879999999999997,0.709
1608.0,4.352,1.065
1608.25,4.099,0.839
1608.5,3.7249999999999996,0.623
1608.75,4.07,0.7889999999999999
1609.0,3.944,0.6890000000000001
1609.25,4.197,0.821
1609.5,3.673,0.85
1609.75,3.8120000000000003,0.857
1610.0,3.685,0.65
1610.25,4.215,0.7410000000000001
1610.5,3.5519999999999996,0.575
1610.75,3.797,0.803
1611.0,3.541,0.697
1611.25,3.9939999999999998,0.7869999999999999
1611.5,3.606,0.7949999999999999
1611.75,4.055,0.984
1612.0,3.84,0.737
1612.25,3.63,0.651
1612.5,3.8289999999999997,0.8520000000000001
1612.75,3.8599999999999994,0.6930000000000001
1613.0,4.162,0.797
1613.25,3.2670000000000003,0.649
1613.5,4.048,0.9
1613.75,3.5869999999999997,0.7999999999999999
1614.0,3.953,0.808
1614.25,3.9220000000000006,0.8160000000000001
1614.5,3.7969999999999997,0.793
1614.75,3.973,0.622
1615.0,4.867,0.827
1615.25,5.58,0.863
1615.5,5.379999999999999,1.0070000000000001
1615.75,5.43,0.918
1616.0,5.53,0.973
1616.25,5.43,0.966
1616.5,4.928,0.7549999999999999
1616.75,5.569999999999999,1.047
1617.0,4.854,0.97
1617.25,5.0329999999999995,1.061
1617.5,5.289999999999999,1.04
1617.75,5.21,1.035
1618.0,4.834,0.8739999999999999
1618.25,5.26,0.842
1618.5,5.29,1.073
1618.75,5.1899999999999995,0.847
1619.0,5.31,0.681
1619.25,4.6160000000000005,0.5840000000000001
1619.5,5.6899999999999995,0.864
1619.75,5.609999999999999,0.7879999999999999
1620.0,4.922,0.785
1620.25,5.35,0.6920000000000001
1620.5,4.907,0.73
1620.75,5.48,0.71
1621.0,5.180000000000001,0.8049999999999999
1621.25,5.709999999999999,0.8200000000000001
1621.5,5.49,0.984
1621.75,5.43,0.866
1622.0,4.930000000000001,0.611
1622.25,5.18,0.6970000000000001
1622.5,4.805,0.688
1622.75,5.1899999999999995,0.92
1623.0,5.6,0.883
1623.25,4.947000000000001,0.8799999999999999
1623.5,5.87,1.023
1623.75,5.1,0.9219999999999999
1624.0,5.77,0.874
1624.25,5.2,0.747
1624.5,5.34,0.963
1624.75,5.26,0.923
1625.0,5.54,0.936
1625.25,5.034000000000001,0.868
1625.5,5.130000000000001,0.613
1625.75,4.103,0.606
1626.0,3.266,0.5
1626.25,3.2039999999999997,0.5229999999999999
1626.5,3.71,0.6970000000000001
1626.75,2.944,0.502
1627.0,3.207,0.542
1627.25,2.904,0.42400000000000004
1627.5,3.824,0.5429999999999999
1627.75,3.648,0.7169999999999999
1628.0,3.231,0.6990000000000001
1628.25,3.435,0.667
1628.5,3.208,0.47900000000000004
1628.75,3.478,0.6930000000000001
1629.0,3.4499999999999997,0.57
1629.25,3.173,0.72
1629.5,3.441,0.6689999999999999
1629.75,3.479,0.796
1630.0,3.513,0.6799999999999999
1630.25,3.165,0.506
1630.5,3.6479999999999997,0.716
1630.75,3.4530000000000003,0.65
1631.0,3.188,0.79
1631.25,2.9459999999999997,0.561
1631.5,3.316,0.861
1631.75,3.336,0.515
1632.0,3.382,0.823
1632.25,3.378,0.587
1632.5,3.364,0.66
1632.75,3.2170000000000005,0.6589999999999999
1633.0,3.559,0.774
1633.25,3.6310000000000002,0.786
1633.5,2.9509999999999996,0.692
1633.75,3.34,0.618
1634.0,3.109,0.577
1634.25,3.498,0.74
1634.5,3.1849999999999996,0.6869999999999999
1634.75,3.06,0.794
1635.0,3.436,0.59
1635.25,3.2169999999999996,0.833
1635.5,3.3890000000000002,0.793
1635.75,2.642,0.51
1636.0,3.07,0.544
1636.25,3.499,0.776
1636.5,2.767,0.646
1636.75,3.211,0.643
1637.0,3.302,0.688
1637.25,2.931,0.713
1637.5,3.2350000000000003,0.747
1637.75,3.32,0.589
1638.0,2.703,0.554
1638.25,3.205,0.527
1638.5,3.258,0.6239999999999999
1638.75,13.530000000000001,2.3899999999999997
1639.0,24.200000000000003,4.1
1639.25,30.98,3.5199999999999996
1639.5,54.60000000000001,3.8099999999999996
1639.75,57.3,4.151
1640.0,56.2,4.057
1640.25,57.0,3.7989999999999995
1640.5,56.5,3.92
1640.75,56.8,4.261
1641.0,58.4,3.952
1641.25,58.199999999999996,4.344
1641.5,57.400000000000006,4.02
1641.75,57.900000000000006,4.123
1642.0,59.1,4.199999999999999
1642.25,60.599999999999994,4.441
1642.5,61.199999999999996,4.1782
1642.75,59.900000000000006,3.85
1643.0,60.5,3.998
1643.25,60.8,3.6399999999999997
1643.5,60.7,4.02
1643.75,60.4,4.273
1644.0,59.6,4.41
1644.25,62.0,4.6233
1644.5,65.0,4.52
1644.75,63.7,4.255
1645.0,65.3,4.528
1645.25,66.2,4.077
1645.5,64.5,3.8316999999999997
1645.75,64.9,3.3899999999999997
1646.0,67.69999999999999,3.5599999999999996
1646.25,63.7,4.235
1646.5,62.699999999999996,3.9880000000000004
1646.75,66.0,3.816
1647.0,66.3,3.705
1647.25,65.4,3.74
1647.5,65.19999999999999,3.722
1647.75,62.2,3.7933
1648.0,59.9,3.5199999999999996
1648.25,58.699999999999996,3.92
1648.5,58.8,3.5940000000000003
1648.75,57.1,3.3099999999999996
1649.0,54.39999999999999,3.995
1649.25,51.099999999999994,3.77
1649.5,50.900000000000006,3.62
1649.75,51.0,3.83
1650.0,50.89999999999999,3.7
1650.25,46.5,2.35
1650.5,38.0,2.37
1650.75,36.5,2.23
1651.0,35.4,2.29
1651.25,30.67,2.44
1651.5,30.34,2.3
1651.75,24.54,3.1390000000000002
1652.0,12.14,1.538
1652.25,11.36,2.09
1652.5,10.97,1.899
1652.75,8.59,1.3840000000000001
1653.0,5.03,0.11400000000000002
1653.25,4.631,0.196
1653.5,4.497,0.19
1653.75,4.415,0.16000000000000003
1654.0,4.32,0.19599999999999995
1654.25,4.171,0.37299999999999994
1654.5,4.315,0.546
1654.75,4.138,0.33199999999999996
1655.0,5.208,0.26699999999999996
1655.25,5.656999999999999,0.266
1655.5,5.847,0.451
1655.75,5.807,0.48
1656.0,5.782,0.4750000000000001
1656.25,5.724,0.34199999999999997
1656.5,5.818,0.62
1656.75,5.787,0.585
1657.0,5.796,0.543
1657.25,5.674,0.449
1657.5,5.74,0.515
1657.75,5.462,0.5439999999999999
1658.0,3.9379999999999997,0.405
1658.25,3.917,0.4179999999999999
1658.5,3.909,0.392
1658.75,4.101,0.617
1659.0,3.904,0.4039999999999999
1659.25,3.934,0.4099999999999999
1659.5,3.821,0.275
1659.75,3.802,0.258
1660.0,3.995,0.49000000000000005
1660.25,3.868,0.376
1660.5,4.002,0.518
1660.75,3.871,0.373
1661.0,4.001,0.5509999999999999
1661.25,3.995,0.53
1661.5,3.841,0.386
1661.75,3.897,0.40199999999999997
1662.0,3.878,0.252
1662.25,3.7439999999999998,0.5509999999999999
1662.5,3.326,0.664
1662.75,7.640000000000001,1.528
1663.0,13.42,1.99
1663.25,14.06,2.12
1663.5,15.120000000000001,1.991
1663.75,16.07,1.989
1664.0,16.39,1.818
1664.25,18.71,2.3600000000000003
1664.5,19.37,2.245
1664.75,23.22,2.62
1665.0,24.659999999999997,2.37
1665.25,25.189999999999998,2.56
1665.5,25.29,3.4400000000000004
1665.75,30.65,3.1799999999999997
1666.0,35.38,2.127
1666.25,39.2,1.377
1666.5,39.3,1.49
1666.75,37.0,1.3619999999999999
1667.0,38.7,1.2610000000000001
1667.25,38.8,0.649
1667.5,38.4,0.2220000000000001
1667.75,38.1,0.22000000000000008
1668.0,37.300000000000004,0.506
1668.25,36.8,0.617
1668.5,38.2,0.728
1668.75,38.1,0.663
1669.0,38.0,0.7100000000000001
1669.25,39.5,0.688
1669.5,33.6,1.251
1669.75,34.9,1.085
1670.0,34.92,1.093
1670.25,39.6,2.66
1670.5,35.5,0.9510000000000001
1670.75,38.4,2.3899999999999997
1671.0,34.5,2.02
1671.25,36.1,2.97
1671.5,30.880000000000003,2.79
1671.75,20.64,3.74667
1672.0,17.05,3.4699999999999998
1672.25,17.2,4.2940000000000005
1672.5,16.900000000000002,3.673
1672.75,15.05,2.032
1673.0,12.799999999999999,2.0469999999999997
1673.25,12.7,2.205
1673.5,14.350000000000001,1.8860000000000001
1673.75,7.62,0.40220000000000006
1674.0,5.33,0.425
1674.25,5.71,0.266
1674.5,6.218,0.78582
1674.75,5.769,0.447
1675.0,7.54,0.21345
1675.25,5.3549999999999995,0.20700000000000002
1675.5,5.157,0.5289999999999999
1675.75,4.962,0.356
1676.0,4.949,0.327
1676.25,5.025,0.457
1676.5,5.019,0.481
1676.75,5.247,0.5419999999999999
1677.0,5.022,0.278
1677.25,5.109,0.407
1677.5,5.142,0.477
1677.75,5.17,0.516
1678.0,4.9910000000000005,0.277
1678.25,4.9719999999999995,0.313
1678.5,5.133,0.49
1678.75,4.97,0.43000000000000005
1679.0,3.693,0.492
1679.25,3.039,0.388
1679.5,3.284,0.71
1679.75,3.1910000000000003,0.546
1680.0,3.2369999999999997,0.623
1680.25,3.0740000000000003,0.37999999999999995
1680.5,3.1890000000000005,0.5640000000000001
1680.75,3.2169999999999996,0.605
1681.0,3.249,0.6559999999999999
1681.25,3.1870000000000003,0.509
1681.5,3.1839999999999997,0.534
1681.75,3.218,0.639
1682.0,3.233,0.652
1682.25,3.126,0.5369999999999999
1682.5,3.022,0.391
1682.75,3.202,0.5840000000000001
1683.0,3.0860000000000003,0.45609999999999995
1683.25,3.221,0.5860000000000001
1683.5,2.9720000000000004,0.305
1683.75,3.2219999999999995,0.594
1684.0,3.1640000000000006,0.5780000000000001
1684.25,3.181,0.617
1684.5,3.178,0.6
1684.75,3.068,0.47200000000000003
1685.0,3.4610000000000003,0.82
1685.25,3.167,0.5499999999999999
1685.5,3.201,0.615
1685.75,3.1799999999999997,0.572
1686.0,2.887,0.562
1686.25,2.838,0.706
1686.5,2.7,0.5760000000000001
1686.75,12.02,-0.43087
1687.0,45.9,3.4829999999999997
1687.25,49.8,3.891
1687.5,52.599999999999994,4.235
1687.75,53.300000000000004,3.9127
1688.0,54.5,3.9457
1688.25,55.5,4.1423
1688.5,57.6,4.439
1688.75,61.2,6.664
1689.0,63.5,6.953
1689.25,64.5,7.026
1689.5,66.5,6.598
1689.75,69.0,6.566000000000001
1690.0,65.0,4.981
1690.25,64.0,5.04
1690.5,67.4,6.317
1690.75,63.300000000000004,3.5446999999999997
1691.0,65.5,3.5119999999999996
1691.25,65.3,3.9699999999999998
1691.5,65.5,3.8659999999999997
1691.75,63.5,3.97938
1692.0,65.5,4.411
1692.25,63.7,4.579000000000001
1692.5,64.80000000000001,4.622
1692.75,64.4,4.285299999999999
1693.0,65.8,4.3759999999999994
1693.25,64.9,4.434
1693.5,60.599999999999994,3.5700000000000003
1693.75,61.8,3.4667
1694.0,63.6,3.7880000000000003
1694.25,64.9,4.148
1694.5,71.0,5.872
1694.75,73.3,5.715999999999999
1695.0,69.30000000000001,3.896
1695.25,67.7,3.4749999999999996
1695.5,68.3,3.7779999999999996
1695.75,69.30000000000001,3.531
1696.0,68.6,3.2249999999999996
1696.25,66.7,3.5199999999999996
1696.5,61.8,3.455
1696.75,62.4,3.3419999999999996
1697.0,62.10000000000001,3.9029999999999996
1697.25,57.900000000000006,3.973
1697.5,54.4,3.65474
1697.75,53.7,3.4653
1698.0,51.6,3.5599999999999996
1698.25,52.1,3.9779999999999998
1698.5,39.1,2.71
1698.75,34.1,3.319
1699.0,30.810000000000002,3.4538
1699.25,30.779999999999998,3.1883
1699.5,30.310000000000002,2.9987
1699.75,29.819999999999997,2.9482999999999997
1700.0,14.95,3.971
1700.25,10.84,2.24
1700.5,9.969999999999999,2.26
1700.75,9.89,2.3
1701.0,4.83,0.7769999999999999
1701.25,3.377,0.445
1701.5,3.176,0.476
1701.75,3.259,0.629
1702.0,3.2430000000000003,0.541
1702.25,4.8420000000000005,0.518
1702.5,5.105,0.499
1702.75,5.1339999999999995,0.614
1703.0,5.0809999999999995,0.849
1703.25,5.068,0.893
1703.5,4.9350000000000005,0.698
1703.75,4.969,0.6819999999999999
1704.0,4.936,0.65
1704.25,4.8919999999999995,0.616
1704.5,4.906,0.5980000000000001
1704.75,4.881,0.562
1705.0,4.912000000000001,0.61
1705.25,4.09,0.47550000000000003
1705.5,2.9619999999999997,0.44
1705.75,2.9610000000000003,0.513
1706.0,2.923,0.516
1706.25,3.073,0.6890000000000001
1706.5,2.9970000000000003,0.634
1706.75,2.93,0.526
1707.0,2.9549999999999996,0.554
1707.25,2.926,0.5660000000000001
1707.5,3.047,0.671
1707.75,2.9989999999999997,0.632
1708.0,2.8810000000000002,0.477
1708.25,2.855,0.43699999999999994
1708.5,2.751,0.3074
1708.75,3.035,0.539
1709.0,3.004,0.526
1709.25,3.008,0.627
1709.5,3.091,0.7220000000000001
1709.75,3.159,0.704
1710.0,3.1179999999999994,0.668
1710.25,2.798,0.41900000000000004
1710.5,2.815,0.5469999999999999
1710.75,21.240000000000002,-1.1199999999999999
1711.0,43.1,1.1509999999999998
1711.25,44.3,0.732
1711.5,48.900000000000006,1.98
1711.75,56.5,3.197
1712.0,52.2,0.9540000000000001
1712.25,50.9,0.937
1712.5,54.199999999999996,2.64
1712.75,54.400000000000006,2.4699999999999998
1713.0,53.900000000000006,2.1
1713.25,54.2,2.3600000000000003
1713.5,55.1,2.88
1713.75,59.9,4.5760000000000005
1714.0,60.5,4.718
1714.25,61.699999999999996,4.925
1714.5,60.7,5.063000000000001
1714.75,63.099999999999994,5.368
1715.0,62.099999999999994,4.930999999999999
1715.25,61.900000000000006,4.981
1715.5,62.50000000000001,5.273
1715.75,66.6,5.652000000000001
1716.0,60.60000000000001,5.433999999999999
1716.25,60.4,5.555
1716.5,60.8,5.638
1716.75,61.1,6.1579999999999995
1717.0,59.0,5.479
1717.25,62.199999999999996,5.09
1717.5,64.1,4.8919999999999995
1717.75,65.19999999999999,5.3
1718.0,63.400000000000006,5.2269000000000005
1718.25,64.1,5.224
1718.5,67.0,5.24
1718.75,66.0,5.138
1719.0,61.1,4.124
1719.25,61.800000000000004,3.953
1719.5,61.8,3.9379999999999997
1719.75,62.199999999999996,3.55
1720.0,59.599999999999994,3.78
1720.25,59.400000000000006,3.49
1720.5,59.4,3.11
1720.75,58.5,3.4000000000000004
1721.0,57.2,3.42
1721.25,55.3,3.24
1721.5,54.4,3.66
1721.75,51.400000000000006,3.91
1722.0,48.400000000000006,4.0
1722.25,48.599999999999994,4.15
1722.5,47.4,3.9400000000000004
1722.75,47.800000000000004,3.678
1723.0,35.1,1.9
1723.25,33.03,2.1799999999999997
1723.5,33.03,2.2
1723.75,27.689999999999998,2.91
1724.0,19.509999999999998,1.735
1724.25,11.24,2.12
1724.5,9.39,2.46
1724.75,8.690000000000001,2.189
1725.0,3.3129999999999997,0.472
1725.25,3.319,0.2873
1725.5,3.286,0.414
1725.75,3.296,0.5
1726.0,3.37,0.539
1726.25,3.574,0.647
1726.5,3.549,0.673
1726.75,3.229,0.47
1727.0,3.436,0.715
1727.25,3.2990000000000004,0.47
1727.5,3.356,0.689
1727.75,3.1790000000000003,0.504
1728.0,3.3899999999999997,0.648
1728.25,3.36,0.73
1728.5,3.221,0.635
1728.75,3.3120000000000003,0.643
1729.0,3.166,0.373
1729.25,3.352,0.589
1729.5,3.0360000000000005,0.402
1729.75,3.219,0.662
1730.0,3.2140000000000004,0.6059999999999999
1730.25,3.237,0.671
1730.5,3.159,0.599
1730.75,3.1979999999999995,0.61
1731.0,3.071,0.601
1731.25,3.098,0.5860000000000001
1731.5,3.258,0.782
1731.75,3.1340000000000003,0.5890000000000001
1732.0,3.1460000000000004,0.532
1732.25,3.085,0.5559999999999999
1732.5,3.17,0.571
1732.75,3.0669999999999997,0.41900000000000004
1733.0,3.0340000000000003,0.5640000000000001
1733.25,3.196,0.589
1733.5,3.2030000000000003,0.597
1733.75,3.2159999999999997,0.644
1734.0,3.365,0.6799999999999999
1734.25,2.987,0.5029999999999999
1734.5,3.027,0.543
1734.75,19.77,-0.315
1735.0,40.1,0.8370000000000001
1735.25,39.1,0.684
1735.5,40.8,0.7510000000000001
1735.75,41.4,0.8810000000000001
1736.0,41.7,1.021
1736.25,43.9,1.5299999999999998
1736.5,44.0,-0.30700000000000005
1736.75,44.3,-0.625
1737.0,44.3,-0.973
1737.25,45.5,0.03700000000000003
1737.5,45.0,-0.4099999999999999
1737.75,46.099999999999994,-0.659
1738.0,48.0,-0.31100000000000005
1738.25,49.2,0.30800000000000005
1738.5,52.699999999999996,0.020000000000000018
1738.75,49.6,0.19399999999999995
1739.0,49.7,0.2729999999999999
1739.25,49.8,0.15400000000000014
1739.5,49.900000000000006,0.5449999999999999
1739.75,50.0,2.21
1740.0,48.599999999999994,0.06999999999999984
1740.25,53.8,1.9899999999999998
1740.5,49.699999999999996,0.10750000000000004
1740.75,48.699999999999996,-0.3229999999999999
1741.0,49.7,-0.30400000000000016
1741.25,49.9,-0.28900000000000015
1741.5,49.900000000000006,-1.6290000000000002
1741.75,51.3,-1.0659999999999998
1742.0,53.400000000000006,-0.030000000000000027
1742.25,57.0,0.98
1742.5,55.0,0.4179999999999999
1742.75,55.1,-0.3159999999999997
1743.0,48.3,-1.822
1743.25,49.099999999999994,-1.1410000000000002
1743.5,50.2,-0.8506999999999999
1743.75,49.400000000000006,-0.32399999999999984
1744.0,50.2,-0.881
1744.25,49.199999999999996,-0.48
1744.5,48.1,-0.727
1744.75,48.5,-0.9009999999999998
1745.0,43.8,-0.8550000000000001
1745.25,40.1,-1.022
1745.5,38.8,-1.2280000000000002
1745.75,38.4,-1.003
1746.0,38.3,-0.946
1746.25,33.599999999999994,-0.6680000000000001
1746.5,29.009999999999998,0.4930000000000001
1746.75,27.020000000000003,0.42300000000000004
1747.0,24.95,0.24099999999999988
1747.25,24.98,0.013000000000000067
1747.5,24.16,0.176
1747.75,25.91,0.762
1748.0,14.850000000000001,2.61
1748.25,13.2,2.3600000000000003
1748.5,11.66,2.73
1748.75,7.1,1.475
1749.0,4.849,1.0210000000000001
1749.25,4.582000000000001,0.747
1749.5,6.05,1.004
1749.75,4.775,0.677
1750.0,4.43,0.7789999999999999
1750.25,3.418,0.7330000000000001
1750.5,3.108,0.527
1750.75,3.1849999999999996,0.688
1751.0,3.553,0.6499999999999999
1751.25,3.9939999999999998,0.659
1751.5,3.951,0.5880000000000001
1751.75,3.886,0.88
1752.0,3.1980000000000004,0.765
1752.25,3.229,0.838
1752.5,3.0780000000000003,0.664
1752.75,4.131,0.818
1753.0,4.124,0.802
1753.25,3.901,0.7029
1753.5,3.0220000000000002,0.748
1753.75,3.045,0.5579999999999999
1754.0,3.082,0.7130000000000001
1754.25,3.615,0.824
1754.5,4.005,0.76
1754.75,4.004,0.774
1755.0,4.006,0.9237
1755.25,2.862,0.514
1755.5,2.898,0.538
1755.75,2.843,0.47
1756.0,3.7509999999999994,0.866
1756.25,3.924,0.694
1756.5,4.043,0.8721
1756.75,3.47,0.679
1757.0,3.1390000000000002,0.862
1757.25,2.851,0.503
1757.5,2.952,0.5740000000000001
1757.75,3.8810000000000002,0.599
1758.0,3.875,0.571
1758.25,3.979,0.714
1758.5,2.843,0.706
1758.75,2.976,0.664
1759.0,3.99,0.4
1759.25,3.465,0.43600000000000005
1759.5,3.5279999999999996,0.488
1759.75,3.545,0.506
1760.0,3.339,0.235
1760.25,3.652,0.425
1760.5,3.497,0.319
1760.75,3.548,0.49300000000000005
1761.0,4.159,0.5469999999999999
1761.25,3.884,0.693
1761.5,3.608,0.358
1761.75,3.9330000000000003,0.397
1762.0,3.5100000000000002,0.268
1762.25,3.793,0.545
1762.5,3.8379999999999996,0.43100000000000005
1762.75,3.858,0.38
1763.0,3.9259999999999997,0.38900000000000007
1763.25,3.854,0.31100000000000005
1763.5,4.061999999999999,0.554
1763.75,4.118,0.33
1764.0,4.011,0.5469999999999999
1764.25,4.529999999999999,0.605
1764.5,3.8309999999999995,0.409
1764.75,3.713,0.289
1765.0,3.899,0.49
1765.25,3.8489999999999998,0.475
1765.5,3.847,0.5660000000000001
1765.75,3.892,0.6319999999999999
1766.0,4.245,0.645
1766.25,8.15,2.36
1766.5,8.940000000000001,2.67
1766.75,9.09,2.67
1767.0,9.379999999999999,2.9
1767.25,9.23,2.95
1767.5,8.66,2.291
1767.75,8.42,1.887
1768.0,9.129999999999999,2.58
1768.25,9.16,2.6500000000000004
1768.5,9.0,2.53
1768.75,8.98,2.49
1769.0,9.11,2.3600000000000003
1769.25,8.94,2.5
1769.5,8.99,2.5599999999999996
1769.75,8.29,2.073
1770.0,2.97,0.26780000000000004
1770.25,3.015,0.32699999999999996
1770.5,2.874,0.42200000000000004
1770.75,2.6510000000000002,0.381
1771.0,2.94,0.475
1771.25,3.089,0.33099999999999996
1771.5,3.2710000000000004,0.525
1771.75,3.388,0.38
1772.0,3.099,0.353
1772.25,3.0690000000000004,0.30800000000000005
1772.5,3.078,0.343
1772.75,3.2039999999999997,0.396
1773.0,3.22,0.44199999999999995
1773.25,3.051,0.387
1773.5,3.08,0.36599999999999994
1773.75,3.0360000000000005,0.357
1774.0,3.059,0.41000000000000003
1774.25,3.247,0.6180000000000001
1774.5,3.1319999999999997,0.5209999999999999
1774.75,3.075,0.42800000000000005
1775.0,3.076,0.45999999999999996
1775.25,3.1640000000000006,0.583
1775.5,3.1180000000000003,0.48
1775.75,3.112,0.48600000000000004
1776.0,2.955,0.29969999999999997
1776.25,3.182,0.556
1776.5,3.1229999999999998,0.507
1776.75,3.124,0.504
1777.0,3.203,0.615
1777.25,3.193,0.62
1777.5,3.189,0.615
1777.75,3.2509999999999994,0.677
1778.0,3.117,0.455
1778.25,3.086,0.4235
1778.5,3.013,0.31560000000000005
1778.75,3.133,0.468
1779.0,3.009,0.344
1779.25,3.1079999999999997,0.41100000000000003
1779.5,3.232,0.504
1779.75,3.06,0.42600000000000005
1780.0,3.194,0.6
1780.25,3.291,0.707
1780.5,3.2119999999999997,0.648
1780.75,3.0330000000000004,0.39799999999999996
1781.0,3.0939999999999994,0.45599999999999996
1781.25,2.998,0.29100000000000004
1781.5,3.071,0.389
1781.75,3.105,0.469
1782.0,3.1929999999999996,0.42
1782.25,2.895,0.731
1782.5,2.8299999999999996,0.811
1782.75,3.2430000000000003,0.611
1783.0,2.7670000000000003,0.539
1783.25,2.84,0.639
1783.5,2.898,0.5910000000000001
1783.75,2.946,0.597
1784.0,2.6260000000000003,0.368
1784.25,2.838,0.6180000000000001
1784.5,2.724,0.49620000000000003
1784.75,2.8560000000000003,0.648
1785.0,2.645,0.376
1785.25,2.7100000000000004,0.475
1785.5,2.923,0.618
1785.75,2.836,0.48400000000000004
1786.0,2.7750000000000004,0.513
1786.25,3.018,0.7899999999999999
1786.5,2.8150000000000004,0.5844
1786.75,2.676,0.358
1787.0,2.821,0.5630000000000001
1787.25,2.652,0.34640000000000004
1787.5,2.889,0.621
1787.75,2.824,0.587
1788.0,2.79,0.5720000000000001
1788.25,2.74,0.47600000000000003
1788.5,2.742,0.508
1788.75,2.853,0.628
1789.0,2.9290000000000003,0.648
1789.25,3.076,0.4567
1789.5,2.77,0.488
1789.75,3.085,0.528
1790.0,2.679,0.4013
1790.25,2.824,0.571
1790.5,2.858,0.611
1790.75,2.8920000000000003,0.6639999999999999
1791.0,2.697,0.43699999999999994
1791.25,2.684,0.43899999999999995
1791.5,2.901,0.687
1791.75,2.843,0.556
1792.0,2.8100000000000005,0.511
1792.25,2.857,0.5960000000000001
1792.5,2.661,0.35
1792.75,2.7600000000000002,0.442
1793.0,2.653,0.2993
1793.25,3.332,0.668
1793.5,2.99,0.479
1793.75,2.738,0.43899999999999995
1794.0,2.697,0.2767
1794.25,2.8740000000000006,0.5559999999999999
1794.5,2.768,0.6160000000000001
1794.75,3.193,0.572
1795.0,4.826,0.479
1795.25,5.085000000000001,0.43799999999999994
1795.5,5.187,0.685
1795.75,4.88,0.477
1796.0,4.694,0.691769
1796.25,4.744,0.67
1796.5,4.7410000000000005,0.7070000000000001
1796.75,4.671,0.585
1797.0,4.726,0.657
1797.25,3.367,0.481
1797.5,3.7279999999999998,0.754
1797.75,2.8240000000000003,0.42599999999999993
1798.0,2.9240000000000004,0.552
1798.25,2.9939999999999998,0.517
1798.5,2.8720000000000003,0.542
1798.75,3.053,0.812
1799.0,2.8710000000000004,0.567
1799.25,2.74,0.43300000000000005
1799.5,2.798,0.45099999999999996
1799.75,2.878,0.56
1800.0,2.7880000000000003,0.453
1800.25,2.941,0.653
1800.5,2.857,0.586
1800.75,2.98,0.726
1801.0,2.7270000000000003,0.39999999999999997
1801.25,2.752,0.5010000000000001
1801.5,2.8689999999999998,0.6499999999999999
1801.75,2.9000000000000004,0.728
1802.0,2.685,0.42299999999999993
1802.25,2.7319999999999998,0.472
1802.5,2.68,0.439
1802.75,2.716,0.44899999999999995
1803.0,2.8520000000000003,0.633
1803.25,2.779,0.565
1803.5,2.8080000000000003,0.567
1803.75,2.8080000000000003,0.5860000000000001
1804.0,2.86,0.649
1804.25,2.7510000000000003,0.5129999999999999
1804.5,2.84,0.606
1804.75,2.9370000000000003,0.571
1805.0,2.834,0.593
1805.25,2.686,0.42400000000000004
1805.5,2.7720000000000002,0.505
1805.75,2.676,0.4323
1806.0,2.926,0.651
1806.25,2.8680000000000003,0.491
1806.5,2.5999999999999996,0.49
1806.75,5.12,0.249
1807.0,12.8,-0.6944
1807.25,20.44,-1.4600000000000002
1807.5,39.7,-3.39
1807.75,42.7,-2.6300000000000003
1808.0,43.900000000000006,-0.8280000000000001
1808.25,44.2,-0.978
1808.5,46.800000000000004,-0.8089999999999999
1808.75,48.1,0.938
1809.0,48.2,2.02
1809.25,49.8,1.29
1809.5,53.099999999999994,3.316
1809.75,52.1,2.23
1810.0,53.4,2.474
1810.25,0.0,0.0
1810.5,58.300000000000004,4.140000000000001
1810.75,58.5,4.24
1811.0,51.900000000000006,1.35
1811.25,53.099999999999994,1.2999999999999998
1811.5,52.7,1.595
1811.75,52.900000000000006,1.6460000000000001
1812.0,53.099999999999994,1.907
1812.25,53.7,1.665
1812.5,53.5,1.8
1812.75,55.00000000000001,1.983
1813.0,54.5,2.053
1813.25,55.400000000000006,2.2976
1813.5,57.300000000000004,2.325
1813.75,58.300000000000004,2.04033
1814.0,57.8,2.004
1814.25,57.8,1.648
1814.5,57.6,1.7029999999999998
1814.75,56.8,1.417
1815.0,56.6,1.808
1815.25,57.99999999999999,1.6389999999999998
1815.5,58.7,1.623
1815.75,57.5,1.9172
1816.0,56.4,1.9
1816.25,55.3,2.1020000000000003
1816.5,52.300000000000004,2.372
1816.75,50.9,2.3213
1817.0,51.7,2.5060000000000002
1817.25,50.2,2.8659999999999997
1817.5,47.900000000000006,2.642
1817.75,48.4,2.372
1818.0,49.0,2.8582
1818.25,47.3,2.9956
1818.5,45.400000000000006,3.0364999999999998
1818.75,36.3,0.7580000000000001
1819.0,34.2,0.3339999999999999
1819.25,30.0,0.5489999999999999
1819.5,26.590000000000003,1.445
1819.75,26.02,1.5230000000000001
1820.0,11.149999999999999,1.084
1820.25,8.53,0.48229999999999995
1820.5,7.85,0.49249999999999994
1820.75,7.239999999999999,0.4886
1821.0,3.9450000000000003,0.3012
1821.25,3.9050000000000002,0.40855
1821.5,3.999,0.566
1821.75,4.032,0.617
1822.0,3.855,0.484
1822.25,3.908,0.538
1822.5,3.803,0.43100000000000005
1822.75,4.021999999999999,0.609
1823.0,3.861,0.46699999999999997
1823.25,3.742,0.378
1823.5,3.802,0.41100000000000003
1823.75,3.7319999999999998,0.342
1824.0,3.649,0.22764
1824.25,3.752,0.39780000000000004
1824.5,3.8040000000000003,0.373
1824.75,3.717,0.326
1825.0,3.6590000000000003,0.29500000000000004
1825.25,3.643,0.20629999999999998
1825.5,3.795,0.40599999999999997
1825.75,3.7569999999999997,0.429
1826.0,3.684,0.32799999999999996
1826.25,3.672,0.3082
1826.5,3.647,0.2784
1826.75,3.743,0.375
1827.0,3.624,0.1351
1827.25,3.625,0.179
1827.5,3.77,0.372
1827.75,3.75,0.41500000000000004
1828.0,3.88,0.554
1828.25,3.7279999999999998,0.40199999999999997
1828.5,3.63,0.23099999999999993
1828.75,3.8449999999999998,0.537
1829.0,3.58,0.17950000000000002
1829.25,3.607,0.22160000000000002
1829.5,3.6450000000000005,0.26100000000000007
1829.75,3.6489999999999996,0.324
1830.0,3.678,0.391
1830.25,2.985,0.406
1830.5,2.999,0.45500000000000007
1830.75,18.169999999999998,-1.67
1831.0,39.8,-0.4589999999999999
1831.25,47.199999999999996,0.16299999999999992
1831.5,50.8,0.37
1831.75,53.4,1.8399999999999999
1832.0,55.800000000000004,2.5919999999999996
1832.25,53.7,0.45899999999999996
1832.5,55.5,1.782
1832.75,56.900000000000006,3.034
1833.0,56.5,2.45
1833.25,57.2,3.07
1833.5,57.099999999999994,2.93
1833.75,57.599999999999994,3.373
1834.0,60.8,3.28
1834.25,58.2,2.96
1834.5,58.6,3.51
1834.75,57.800000000000004,3.5183999999999997
1835.0,61.3,3.5491
1835.25,59.0,3.424
1835.5,59.4,3.4050000000000002
1835.75,60.699999999999996,3.303
1836.0,60.3,3.3045999999999998
1836.25,59.4,2.87
1836.5,55.2,0.678
1836.75,56.4,0.839
1837.0,57.300000000000004,0.607
1837.25,60.6,0.29500000000000004
1837.5,58.2,0.638
1837.75,63.1,3.123
1838.0,61.89999999999999,2.947
1838.25,63.8,2.8760000000000003
1838.5,64.9,2.82
1838.75,64.8,2.723
1839.0,63.99999999999999,2.948
1839.25,63.1,3.14
1839.5,61.5,3.3200000000000003
1839.75,62.6,3.2199999999999998
1840.0,61.2,3.45
1840.25,61.7,3.06
1840.5,59.0,3.08
1840.75,56.9,3.1100000000000003
1841.0,57.199999999999996,3.2439999999999998
1841.25,54.6,3.3529999999999998
1841.5,54.8,3.5949999999999998
1841.75,52.4,3.84
1842.0,47.8,1.56
1842.25,35.25,1.3900000000000001
1842.5,33.5,2.84
1842.75,32.86,2.75
1843.0,32.45,2.35
1843.25,30.78,2.7199999999999998
1843.5,30.299999999999997,2.69
1843.75,28.32,3.1500000000000004
1844.0,12.81,2.75
1844.25,11.18,2.29
1844.5,10.120000000000001,2.41
1844.75,10.440000000000001,2.75
1845.0,3.802,0.41000000000000003
1845.25,3.516,0.4059999999999999
1845.5,3.337,0.47
1845.75,3.365,0.399
1846.0,3.9000000000000004,0.478
1846.25,3.9859999999999998,0.5700000000000001
1846.5,3.553,0.59
1846.75,3.841,0.512
1847.0,3.593,0.75
1847.25,3.146,0.388
1847.5,3.309,0.53
1847.75,3.165,0.41100000000000003
1848.0,3.2430000000000003,0.549
1848.25,3.4429999999999996,0.735
1848.5,3.1109999999999998,0.30339999999999995
1848.75,3.034,0.2363
1849.0,3.154,0.3232
1849.25,3.298,0.536
1849.5,3.289,0.597
1849.75,3.268,0.595
1850.0,3.201,0.49799999999999994
1850.25,3.293,0.47100000000000003
1850.5,3.133,0.293
1850.75,3.2399999999999998,0.636
1851.0,3.25,0.652
1851.25,3.2239999999999998,0.667
1851.5,3.266,0.713
1851.75,3.228,0.5980000000000001
1852.0,3.057,0.43799999999999994
1852.25,3.107,0.47000000000000003
1852.5,3.069,0.45199999999999996
1852.75,3.034,0.39599999999999996
1853.0,3.2749999999999995,0.615
1853.25,3.231,0.656
1853.5,3.3840000000000003,0.8210000000000001
1853.75,3.335,0.604
1854.0,3.1439999999999997,0.471
1854.25,3.0760000000000005,0.426
1854.5,3.117,0.573
1854.75,14.420000000000002,-1.5
1855.0,32.93000000000001,-2.7
1855.25,37.0,-2.31
1855.5,41.96,-2.1740000000000004
1855.75,43.769999999999996,-2.0780000000000003
1856.0,43.8,-1.9380000000000002
1856.25,42.9,-1.9500000000000002
1856.5,44.1,-2.06
1856.75,47.800000000000004,0.49999999999999994
1857.0,50.2,0.414
1857.25,50.8,0.935
1857.5,52.6,0.6799999999999999
1857.75,51.00000000000001,0.4900000000000001
1858.0,50.9,0.31500000000000006
1858.25,51.7,0.49
1858.5,50.50000000000001,-0.37759999999999994
1858.75,51.7,-0.14
1859.0,56.7,2.8529999999999998
1859.25,54.8,1.274
1859.5,54.300000000000004,0.629
1859.75,52.699999999999996,0.6890000000000001
1860.0,57.1,2.8270999999999997
1860.25,56.1,2.689
1860.5,56.7,3.2117
1860.75,57.3,3.4985999999999997
1861.0,58.699999999999996,3.4400000000000004
1861.25,60.8,3.241
1861.5,61.5,3.004
1861.75,59.6,2.952
1862.0,63.2,2.787
1862.25,60.5,2.257
1862.5,63.400000000000006,2.3889
1862.75,61.199999999999996,2.6527000000000003
1863.0,60.7,2.6038
1863.25,61.8,2.3933
1863.5,60.3,2.489
1863.75,59.7,2.4837
1864.0,59.2,2.668
1864.25,58.699999999999996,2.4067
1864.5,54.0,2.2199999999999998
1864.75,53.3,2.498
1865.0,50.60000000000001,2.294
1865.25,50.300000000000004,2.36
1865.5,51.8,2.843
1865.75,51.60000000000001,2.766
1866.0,48.9,2.6
1866.25,48.0,2.45
1866.5,48.400000000000006,2.55
1866.75,39.2,0.45999999999999996
1867.0,37.089999999999996,0.34299999999999997
1867.25,36.480000000000004,0.46599999999999997
1867.5,28.75,1.698
1867.75,26.259999999999998,2.271
1868.0,12.17,1.5669999999999997
1868.25,9.450000000000001,1.2879999999999998
1868.5,8.75,1.217
1868.75,8.09,1.2109999999999999
1869.0,5.326999999999999,0.165
1869.25,5.313999999999999,0.245
1869.5,5.460999999999999,0.412
1869.75,5.364,0.34600000000000003
1870.0,5.436,0.398
1870.25,5.2410000000000005,0.16119999999999995
1870.5,5.195,0.13999999999999996
1870.75,5.372,0.359
1871.0,5.351999999999999,0.562
1871.25,5.059,0.388
1871.5,5.114,0.42900000000000005
1871.75,5.26,0.5700000000000001
1872.0,5.3100000000000005,0.708
1872.25,5.13,0.502
1872.5,5.079000000000001,0.459
1872.75,5.134,0.48000000000000004
1873.0,4.936,0.242
1873.25,5.05,0.376
1873.5,4.976,0.28400000000000003
1873.75,5.13,0.4799999999999999
1874.0,5.21,0.55
1874.25,5.122,0.403
1874.5,5.066999999999999,0.46
1874.75,5.145,0.535
1875.0,5.23,0.672
1875.25,5.184,0.638
1875.5,5.1370000000000005,0.5509999999999999
1875.75,5.039,0.389
1876.0,5.114,0.52
1876.25,4.9879999999999995,0.352
1876.5,5.048,0.441
1876.75,4.976,0.34
1877.0,5.148,0.587
1877.25,5.130000000000001,0.5800000000000001
1877.5,5.08,0.49699999999999994
1877.75,4.872,0.346
1878.0,5.079000000000001,0.635
1878.25,4.466,0.516
1878.5,4.407,0.448
1878.75,19.92,-1.1445000000000003
1879.0,40.2,0.9590000000000001
1879.25,43.0,1.1829999999999998
1879.5,48.800000000000004,1.2489999999999999
1879.75,50.6,1.5099999999999998
1880.0,50.89999999999999,1.51
1880.25,51.0,1.41
1880.5,49.9,1.064
1880.75,50.6,1.51
1881.0,51.800000000000004,1.23
1881.25,51.0,1.35
1881.5,55.5,2.71
1881.75,58.5,4.1306
1882.0,58.199999999999996,4.284
1882.25,58.300000000000004,4.236
1882.5,60.7,4.6472999999999995
1882.75,59.6,4.335
1883.0,61.6,4.3229999999999995
1883.25,59.6,4.14
1883.5,60.900000000000006,3.58
1883.75,60.800000000000004,4.1899999999999995
1884.0,60.8,3.92
1884.25,59.5,3.71
1884.5,57.3,3.14
1884.75,56.800000000000004,3.78
1885.0,58.60000000000001,4.0756
1885.25,59.5,4.07
1885.5,58.8,4.1631
1885.75,56.800000000000004,3.7716700000000003
1886.0,54.9,3.7353999999999994
1886.25,57.1,3.878
1886.5,56.5,3.6799999999999997
1886.75,57.1,3.78364
1887.0,57.5,3.519
1887.25,57.199999999999996,3.2843
1887.5,56.6,3.466
1887.75,55.3,3.6630000000000003
1888.0,57.7,3.695
1888.25,55.7,3.5138
1888.5,54.599999999999994,3.488
1888.75,51.10000000000001,3.4
1889.0,50.7,3.71
1889.25,51.0,3.749
1889.5,48.900000000000006,2.2199999999999998
1889.75,46.3,1.097
1890.0,46.0,1.2499999999999998
1890.25,34.6,-0.22899999999999998
1890.5,26.54,0.6409999999999999
1890.75,25.79,0.476
1891.0,26.01,0.1259999999999999
1891.25,25.35,0.04999999999999993
1891.5,26.299999999999997,0.32200000000000006
1891.75,25.57,0.32299999999999995
1892.0,16.55,1.514
1892.25,12.44,2.058
1892.5,11.260000000000002,2.268
1892.75,9.84,2.19
1893.0,4.808999999999999,0.356
1893.25,5.010999999999999,0.387
1893.5,5.002,0.375
1893.75,5.005,0.44200000000000006
1894.0,4.562,0.36
1894.25,4.199,0.525
1894.5,3.988,0.394
1894.75,4.141,0.5579999999999999
1895.0,3.953,0.567
1895.25,3.8529999999999998,0.5185
1895.5,3.912,0.49000000000000005
1895.75,3.8979999999999997,0.46299999999999997
1896.0,3.977,0.563
1896.25,3.9330000000000003,0.5559999999999999
1896.5,3.902,0.5780000000000001
1896.75,3.778,0.399
1897.0,4.076,0.762
1897.25,3.8829999999999996,0.494
1897.5,3.875,0.609
1897.75,3.8890000000000002,0.626
1898.0,3.74,0.42100000000000004
1898.25,3.6969999999999996,0.369
1898.5,3.6639999999999997,0.315
1898.75,3.827,0.5579999999999999
1899.0,3.715,0.39
1899.25,3.8149999999999995,0.542
1899.5,3.9359999999999995,0.734
1899.75,3.89,0.649
1900.0,3.7520000000000002,0.481
1900.25,3.7859999999999996,0.54
1900.5,3.81,0.562
1900.75,3.8309999999999995,0.617
1901.0,3.7089999999999996,0.468
1901.25,3.8390000000000004,0.597
1901.5,3.734,0.5149999999999999
1901.75,3.8600000000000003,0.607
1902.0,3.71,0.506
1902.25,3.464,0.29059999999999997
1902.5,3.644,0.5880000000000001
1902.75,17.299999999999997,-1.76
1903.0,38.599999999999994,0.384
1903.25,42.6,0.6759999999999999
1903.5,45.4,0.7530000000000001
1903.75,48.3,0.5399999999999998
1904.0,51.2,1.061
1904.25,50.599999999999994,0.87
1904.5,51.3,1.033
1904.75,50.5,0.521
1905.0,52.5,2.36
1905.25,54.7,3.2300000000000004
1905.5,56.2,3.44
1905.75,57.9,3.64
1906.0,58.4,4.6
1906.25,61.0,5.389
1906.5,60.8,4.557
1906.75,59.900000000000006,4.542
1907.0,57.9,4.26
1907.25,57.0,4.050000000000001
1907.5,58.400000000000006,4.2621
1907.75,57.9,4.691
1908.0,60.099999999999994,4.067
1908.25,58.6,3.927
1908.5,59.3,4.6808
1908.75,60.9,5.038
1909.0,61.4,4.77778
1909.25,61.5,4.1091
1909.5,61.699999999999996,3.695
1909.75,63.6,4.098
1910.0,62.5,3.9362500000000002
1910.25,61.1,3.6999999999999997
1910.5,61.5,3.5788
1910.75,60.900000000000006,3.29
1911.0,62.3,3.4439
1911.25,60.7,3.62
1911.5,58.8,3.79
1911.75,58.7,3.77
1912.0,54.8,3.49
1912.25,57.1,3.709
1912.5,52.89999999999999,3.5300000000000002
1912.75,52.0,3.71
1913.0,51.9,3.8499999999999996
1913.25,49.5,3.7
1913.5,48.099999999999994,2.43
1913.75,45.4,1.53
1914.0,41.2,1.258
1914.25,38.2,1.5180000000000002
1914.5,28.03,0.5089999999999999
1914.75,27.549999999999997,0.43399999999999994
1915.0,26.560000000000002,0.2489999999999999
1915.25,26.91,0.21299999999999997
1915.5,24.55,0.6429999999999999
1915.75,19.79,1.2360000000000002
1916.0,11.27,2.074
1916.25,10.18,2.42
1916.5,9.8,2.6100000000000003
1916.75,9.51,2.45
1917.0,3.4749999999999996,0.334
1917.25,3.4370000000000003,0.43500000000000005
1917.5,3.496,0.503
1917.75,3.5100000000000002,0.5
1918.0,3.46,0.48199999999999993
1918.25,3.351,0.34099999999999997
1918.5,3.516,0.5209999999999999
1918.75,3.392,0.31420000000000003
1919.0,3.2310000000000003,0.406
1919.25,3.3339999999999996,0.603
1919.5,3.263,0.464
1919.75,3.191,0.43900000000000006
1920.0,3.285,0.55
1920.25,3.2680000000000002,0.584
1920.5,3.3080000000000003,0.566
1920.75,3.2489999999999997,0.538
1921.0,3.1550000000000002,0.44399999999999995
1921.25,3.2969999999999997,0.639
1921.5,3.303,0.528
1921.75,3.36,0.577
1922.0,3.271,0.5559999999999999
1922.25,3.214,0.43999999999999995
1922.5,3.138,0.3727999999999999
1922.75,3.268,0.509
1923.0,3.276,0.53
1923.25,3.221,0.476
1923.5,3.263,0.5069999999999999
1923.75,3.2079999999999997,0.459
1924.0,3.2079999999999997,0.484
1924.25,3.2889999999999997,0.5399999999999999
1924.5,3.247,0.527
1924.75,3.2260000000000004,0.517
1925.0,3.302,0.571
1925.25,3.247,0.525
1925.5,3.127,0.3517
1925.75,3.176,0.44099999999999995
1926.0,3.1159999999999997,0.3383999999999999
1926.25,2.933,0.5259999999999999
1926.5,2.611,0.498
1926.75,3.773,0.7230000000000001
1927.0,9.030000000000001,2.81
1927.25,8.45,2.83
1927.5,7.99,2.74
1927.75,8.190000000000001,2.69
1928.0,7.890000000000001,2.71
1928.25,8.34,2.6
1928.5,8.32,2.6999999999999997
1928.75,8.23,2.58
1929.0,8.58,2.8600000000000003
1929.25,8.2,2.66
1929.5,8.879999999999999,2.8000000000000003
1929.75,8.74,2.43
1930.0,8.79,2.5
1930.25,8.899999999999999,2.5999999999999996
1930.5,8.899999999999999,2.6799999999999997
1930.75,8.9,2.54
1931.0,8.67,2.24
1931.25,8.79,2.2800000000000002
1931.5,8.73,2.18
1931.75,9.04,2.64
1932.0,8.780000000000001,2.51
1932.25,9.05,2.64
1932.5,8.870000000000001,2.63
1932.75,8.9,2.8200000000000003
1933.0,8.95,2.92
1933.25,8.63,2.55
1933.5,8.64,2.52
1933.75,9.29,2.57
1934.0,8.719999999999999,2.48
1934.25,8.6,2.44
1934.5,8.92,2.67
1934.75,8.79,2.57
1935.0,8.809999999999999,2.4899999999999998
1935.25,8.82,2.5
1935.5,8.780000000000001,2.49
1935.75,8.8,2.59
1936.0,8.86,2.63
1936.25,8.690000000000001,2.5
1936.5,8.559999999999999,2.32
1936.75,8.809999999999999,2.56
1937.0,8.79,2.51
1937.25,8.719999999999999,2.4
1937.5,8.68,2.27
1937.75,7.859999999999999,2.008
1938.0,2.751,0.55
1938.25,3.0749999999999997,0.653
1938.5,2.873,0.593
1938.75,2.791,0.52
1939.0,2.81,0.6280000000000001
1939.25,2.967,0.39420000000000005
1939.5,3.0100000000000002,0.5940000000000001
1939.75,2.937,0.3695
1940.0,3.0359999999999996,0.489
1940.25,3.15,0.724
1940.5,2.794,0.6120000000000001
1940.75,2.834,0.693
1941.0,2.831,0.636
1941.25,2.96,0.7070000000000001
1941.5,3.1830000000000003,0.501
1941.75,3.118,0.7550000000000001
1942.0,2.92,0.621
1942.25,2.8420000000000005,0.564
1942.5,2.9499999999999997,0.68
1942.75,2.694,0.43359999999999993
1943.0,2.864,0.5840000000000001
1943.25,2.987,0.789
1943.5,2.8859999999999997,0.695
1943.75,2.808,0.5409999999999999
1944.0,2.8779999999999997,0.606
1944.25,2.855,0.531
1944.5,2.905,0.6000000000000001
1944.75,2.968,0.677
1945.0,2.6959999999999997,0.33299999999999996
1945.25,2.782,0.45499999999999996
1945.5,2.822,0.537
1945.75,2.901,0.696
1946.0,2.806,0.5740000000000001
1946.25,2.7960000000000003,0.6599999999999999
1946.5,2.894,0.8049999999999999
1946.75,2.765,0.622
1947.0,2.754,0.609
1947.25,2.66,0.43359999999999993
1947.5,2.819,0.6950000000000001
1947.75,2.709,0.5619999999999999
1948.0,2.724,0.573
1948.25,2.872,0.7669999999999999
1948.5,2.9,0.853
1948.75,2.761,0.663
1949.0,2.7720000000000002,0.653
1949.25,2.734,0.628
1949.5,2.783,0.6679999999999999
1949.75,2.782,0.636
1950.0,2.662,0.514
1950.25,2.632,0.47200000000000003
1950.5,2.841,0.639
1950.75,2.9250000000000003,0.815
1951.0,2.84,0.659
1951.25,2.93,0.699
1951.5,2.787,0.546
1951.75,2.887,0.617
1952.0,2.992,0.6659999999999999
1952.25,2.8070000000000004,0.42900000000000005
1952.5,2.837,0.565
1952.75,2.842,0.543
1953.0,2.968,0.716
1953.25,2.9370000000000003,0.662
1953.5,3.012,0.779
1953.75,2.802,0.5489999999999999
1954.0,2.898,0.614
1954.25,2.757,0.43799999999999994
1954.5,2.714,0.397
1954.75,2.9109999999999996,0.612
1955.0,2.722,0.41180000000000005
1955.25,2.935,0.636
1955.5,2.848,0.539
1955.75,2.911,0.626
1956.0,3.294,0.542
1956.25,3.086,0.794
1956.5,2.936,0.656
1956.75,2.642,0.389
1957.0,2.845,0.619
1957.25,2.8489999999999998,0.631
1957.5,2.8659999999999997,0.628
1957.75,2.818,0.56
1958.0,2.872,0.698
1958.25,2.817,0.619
1958.5,2.8630000000000004,0.622
1958.75,2.7089999999999996,0.449
1959.0,7.529999999999999,0.30400000000000005
1959.25,12.0,-0.03149999999999999
1959.5,13.55,-0.286
1959.75,20.12,2.654
1960.0,18.93,2.575
1960.25,18.79,2.4320000000000004
1960.5,8.969999999999999,0.6278
1960.75,6.46,0.346
1961.0,3.0890000000000004,0.587
1961.25,2.767,0.41000000000000003
1961.5,2.7649999999999997,0.435
1961.75,2.76,0.42700000000000005
1962.0,2.946,0.649
1962.25,2.681,0.3402
1962.5,2.9170000000000003,0.35359999999999997
1962.75,3.3369999999999997,0.479
1963.0,5.345,0.554
1963.25,5.464,0.5070000000000001
1963.5,5.275,0.356
1963.75,5.279,0.44900000000000007
1964.0,5.176,0.381
1964.25,5.15,0.41100000000000003
1964.5,3.149,0.383
1964.75,3.357,0.603
1965.0,3.436,0.591
1965.25,3.1249999999999996,0.26199999999999996
1965.5,3.186,0.34500000000000003
1965.75,3.144,0.2796
1966.0,3.1500000000000004,0.2879999999999999
1966.25,3.255,0.419
1966.5,3.323,0.521
1966.75,3.277,0.433
1967.0,3.282,0.46900000000000003
1967.25,3.284,0.499
1967.5,3.1149999999999998,0.3242
1967.75,3.4019999999999997,0.633
1968.0,3.409,0.62
1968.25,3.284,0.44100000000000006
1968.5,3.245,0.356
1968.75,3.217,0.33799999999999997
1969.0,3.27,0.42300000000000004
1969.25,3.5140000000000002,0.707
1969.5,3.4040000000000004,0.64
1969.75,3.268,0.46199999999999997
1970.0,3.5629999999999997,0.808
1970.25,3.2399999999999998,0.435
1970.5,3.35,0.5529999999999999
1970.75,3.3609999999999998,0.55
1971.0,3.403,0.5650000000000001
1971.25,3.3520000000000003,0.552
1971.5,3.279,0.4703
1971.75,3.2889999999999997,0.47320000000000007
1972.0,3.336,0.469
1972.25,3.524,0.716
1972.5,3.301,0.45399999999999996
1972.75,3.386,0.569
1973.0,3.306,0.483
1973.25,3.3529999999999998,0.5369999999999999
1973.5,3.462,0.594
1973.75,3.241,0.477
1974.0,3.3710000000000004,0.635
1974.25,2.949,0.634
1974.5,2.551,0.426
1974.75,23.18,-1.3393329999999999
1975.0,46.5,1.5579999999999998
1975.25,48.0,1.088
1975.5,52.699999999999996,0.926
1975.75,57.800000000000004,3.42
1976.0,58.8,3.772
1976.25,59.099999999999994,3.78
1976.5,61.800000000000004,3.934
1976.75,68.2,6.231999999999999
1977.0,68.0,6.414
1977.25,70.39999999999999,6.188
1977.5,71.5,6.558
1977.75,72.4,6.389
1978.0,74.9,6.82
1978.25,74.4,7.103
1978.5,71.0,5.808
1978.75,73.3,6.1240000000000006
1979.0,71.7,4.461
1979.25,71.2,4.2169
1979.5,72.5,4.5023
1979.75,75.69999999999999,6.588000000000001
1980.0,79.7,7.16
1980.25,77.6,7.15
1980.5,78.5,6.87
1980.75,75.4,6.791
1981.0,72.6,5.0120000000000005
1981.25,73.1,4.357
1981.5,74.6,4.163
1981.75,73.3,4.039
1982.0,77.6,3.7640000000000002
1982.25,76.5,3.419
1982.5,81.4,5.184
1982.75,80.1,5.103
1983.0,78.0,3.3947000000000003
1983.25,75.5,3.4753
1983.5,76.39999999999999,4.149
1983.75,77.1,4.004
1984.0,77.8,4.035
1984.25,76.7,3.787
1984.5,73.8,3.9099999999999997
1984.75,69.4,3.565
1985.0,66.4,3.26
1985.25,69.5,6.0
1985.5,67.8,6.47
1985.75,68.3,6.92
1986.0,61.5,5.432
1986.25,53.7,4.282
1986.5,42.5,-0.15899999999999992
1986.75,38.45,-0.641
1987.0,38.5,-0.06900000000000006
1987.25,34.019999999999996,0.4690000000000001
1987.5,31.91,0.41400000000000003
1987.75,28.759999999999998,0.8399999999999999
1988.0,16.759999999999998,1.9900000000000002
1988.25,12.76,2.5999999999999996
1988.5,13.389999999999999,2.75
1988.75,12.55,2.7800000000000002
1989.0,5.73,0.5019999999999999
1989.25,5.7989999999999995,0.402
1989.5,5.752000000000001,0.3219
1989.75,5.422000000000001,0.41800000000000004
1990.0,5.44,0.578
1990.25,7.25,0.595
1990.5,7.229999999999999,0.647
1990.75,6.739999999999999,0.42539999999999994
1991.0,5.088,0.523
1991.25,5.1,0.655
1991.5,4.95,0.46699999999999997
1991.75,5.14,0.687
1992.0,5.019,0.55
1992.25,4.859999999999999,0.258
1992.5,4.985,0.37170000000000003
1992.75,4.93,0.37660000000000005
1993.0,4.91,0.585
1993.25,3.068,0.42400000000000004
1993.5,3.0890000000000004,0.485
1993.75,3.012,0.43600000000000005
1994.0,3.254,0.5920000000000001
1994.25,2.987,0.396
1994.5,3.1,0.5149999999999999
1994.75,3.0610000000000004,0.487
1995.0,3.0469999999999997,0.478
1995.25,3.117,0.48
1995.5,3.045,0.3688
1995.75,3.0260000000000002,0.454
1996.0,2.9779999999999998,0.33240000000000003
1996.25,3.0380000000000003,0.33499999999999996
1996.5,3.077,0.48
1996.75,3.224,0.641
1997.0,3.1149999999999998,0.53
1997.25,3.0039999999999996,0.44800000000000006
1997.5,3.035,0.448
1997.75,3.113,0.413
1998.0,3.246,0.631
1998.25,3.112,0.48300000000000004
1998.5,2.849,0.37
1998.75,31.6,-1.014
1999.0,47.599999999999994,1.407
1999.25,56.7,4.089
1999.5,63.2,5.495
1999.75,67.1,6.600999999999999
2000.0,0.0,0.0
2000.25,68.0,6.41
2000.5,67.5,4.124
2000.75,66.6,3.9006
2001.0,66.5,4.040699999999999
2001.25,68.5,3.721
2001.5,68.4,3.666
2001.75,68.3,3.628
2002.0,68.6,3.546
2002.25,66.5,3.36
2002.5,70.0,5.122999999999999
2002.75,69.5,4.212
2003.0,68.60000000000001,5.329
2003.25,67.0,4.854
2003.5,66.9,3.955
2003.75,65.80000000000001,3.771
2004.0,66.2,3.942
2004.25,65.4,4.1671
2004.5,66.30000000000001,3.8
2004.75,65.6,3.9799999999999995
2005.0,67.5,3.52
2005.25,69.7,5.131
2005.5,70.1,5.489
2005.75,69.1,5.093
2006.0,71.6,7.027
2006.25,71.1,6.837999999999999
2006.5,66.2,3.7350000000000003
2006.75,60.400000000000006,2.58
2007.0,61.099999999999994,2.67
2007.25,59.9,2.8899999999999997
2007.5,62.10000000000001,3.11
2007.75,61.7,2.94
2008.0,60.7,2.83
2008.25,60.8,2.96
2008.5,58.5,3.91
2008.75,57.2,3.26
2009.0,55.0,1.86
2009.25,53.7,1.83
2009.5,53.3,2.1500000000000004
2009.75,51.4,2.1399999999999997
2010.0,49.5,1.69
2010.25,48.099999999999994,1.72
2010.5,46.5,0.8350000000000001
2010.75,44.6,0.24399999999999988
2011.0,36.2,-1.5266000000000002
2011.25,36.7,-1.252
2011.5,29.339999999999996,-0.05700000000000005
2011.75,28.17,0.29300000000000004
2012.0,16.87,2.38
2012.25,12.84,1.966
2012.5,12.08,2.21
2012.75,10.05,1.167
2013.0,6.4799999999999995,0.35200000000000004
2013.25,6.66,0.591
2013.5,6.458,0.468
2013.75,6.3549999999999995,0.433
2014.0,6.305,0.402
2014.25,6.24,0.44999999999999996
2014.5,5.6290000000000004,0.5499999999999999
2014.75,4.8260000000000005,0.5247
2015.0,3.5569999999999995,0.345
2015.25,3.661,0.42800000000000005
2015.5,3.6910000000000003,0.6
2015.75,3.7119999999999997,0.617
2016.0,3.9400000000000004,0.8460000000000001
2016.25,3.6390000000000002,0.486
2016.5,3.669,0.544
2016.75,3.5810000000000004,0.45799999999999996
2017.0,3.67,0.615
2017.25,3.689,0.612
2017.5,3.6870000000000003,0.583
2017.75,3.645,0.5597
2018.0,3.572,0.41370000000000007
2018.25,3.4739999999999998,0.34500000000000003
2018.5,3.5199999999999996,0.36
2018.75,3.734,0.6399999999999999
2019.0,3.569,0.474
2019.25,3.9010000000000002,0.927
2019.5,3.707,0.636
2019.75,3.702,0.67
2020.0,3.5439999999999996,0.44100000000000006
2020.25,3.6449999999999996,0.563
2020.5,3.5860000000000003,0.42780000000000007
2020.75,3.6900000000000004,0.5229
2021.0,3.631,0.522
2021.25,3.6919999999999997,0.627
2021.5,3.829,0.7669999999999999
2021.75,3.705,0.5579999999999999
2022.0,3.7230000000000003,0.75
2022.25,3.1710000000000003,0.728
2022.5,3.151,0.82
2022.75,17.79,-1.99
2023.0,42.0,1.018
2023.25,47.900000000000006,1.209
2023.5,54.2,2.98
2023.75,56.8,3.8
2024.0,56.8,3.8
2024.25,56.699999999999996,4.28
2024.5,56.8,4.3708
2024.75,59.400000000000006,4.641
2025.0,57.0,3.99
2025.25,59.0,3.65
2025.5,59.199999999999996,3.62
2025.75,61.1,3.847
2026.0,60.6,3.45
2026.25,60.699999999999996,3.7300000000000004
2026.5,61.400000000000006,4.01
2026.75,63.1,3.6367
2027.0,62.49999999999999,3.51
2027.25,62.800000000000004,3.38
2027.5,68.1,3.987
2027.75,71.1,6.264
2028.0,68.80000000000001,6.766
2028.25,69.2,6.373
2028.5,69.1,6.196
2028.75,68.1,5.226
2029.0,69.5,3.7460000000000004
2029.25,70.3,4.035
2029.5,68.9,3.401
2029.75,71.5,3.2991
2030.0,67.8,2.88
2030.25,69.7,2.8499999999999996
2030.5,71.19999999999999,2.8152999999999997
2030.75,72.0,2.8289999999999997
2031.0,71.9,3.433
2031.25,72.8,2.77
2031.5,73.0,2.7279999999999998
2031.75,68.7,2.4
2032.0,66.5,2.58
2032.25,63.8,2.8
2032.5,61.2,1.149
2032.75,60.9,0.532
2033.0,56.8,0.43499999999999994
2033.25,56.0,0.568
2033.5,54.7,0.6659999999999999
2033.75,52.3,0.43699999999999994
2034.0,38.8,-0.1750000000000001
2034.25,35.900000000000006,-0.18300000000000005
2034.5,33.14,-0.242
2034.75,33.2,-0.04700000000000004
2035.0,33.209999999999994,-0.20600000000000007
2035.25,32.870000000000005,0.027000000000000024
2035.5,32.99,-0.129
2035.75,26.189999999999998,1.12
2036.0,18.770000000000003,2.35
2036.25,14.219999999999999,2.3000000000000003
2036.5,12.559999999999999,2.1799999999999997
2036.75,11.96,1.81
2037.0,8.64,0.7110000000000001
2037.25,6.7010000000000005,0.375
2037.5,6.973,0.27949999999999997
2037.75,6.869,0.0020000000000000018
2038.0,6.461,-0.013999999999999957
2038.25,6.51,0.06099999999999994
2038.5,8.117,0.36970000000000003
2038.75,3.5050000000000003,0.353
2039.0,2.774,0.506
2039.25,2.807,0.508
2039.5,2.752,0.489
2039.75,2.857,0.42299999999999993
2040.0,4.614,0.477
2040.25,4.515,0.3557
2040.5,4.649,0.552
2040.75,4.538,0.3647
2041.0,4.628,0.48300000000000004
2041.25,4.529,0.38530000000000003
2041.5,4.698,0.495
2041.75,3.241,0.4389
2042.0,2.634,0.34
2042.25,2.837,0.571
2042.5,2.698,0.4649999999999999
2042.75,2.547,0.28700000000000003
2043.0,2.6799999999999997,0.39
2043.25,2.588,0.19269999999999998
2043.5,2.5789999999999997,0.26099999999999995
2043.75,2.7230000000000003,0.42300000000000004
2044.0,2.637,0.3156
2044.25,2.6470000000000002,0.236
2044.5,2.619,0.21000000000000002
2044.75,2.814,0.5529999999999999
2045.0,2.682,0.395
2045.25,2.8489999999999998,0.591
2045.5,2.67,0.32699999999999996
2045.75,2.6310000000000002,0.362
2046.0,2.7960000000000003,0.519
2046.25,2.529,0.21099999999999997
2046.5,3.649,-0.03933000000000003
2046.75,23.950000000000003,-0.18999999999999995
2047.0,41.5,1.0819999999999999
2047.25,44.0,1.62
2047.5,47.5,1.77
2047.75,54.7,3.1799999999999997
2048.0,54.9,3.57
2048.25,55.5,3.624
2048.5,57.1,3.8499999999999996
2048.75,62.199999999999996,6.033
2049.0,60.6,5.325
2049.25,63.4,4.774
2049.5,63.099999999999994,4.582000000000001
2049.75,64.3,5.835
2050.0,61.0,5.232
2050.25,63.1,5.43
2050.5,59.9,4.5600000000000005
2050.75,60.400000000000006,5.074999999999999
2051.0,58.199999999999996,4.4
2051.25,59.099999999999994,4.3870000000000005
2051.5,54.400000000000006,3.0
2051.75,56.900000000000006,3.27
2052.0,58.099999999999994,6.1530000000000005
2052.25,56.400000000000006,6.34
2052.5,58.3,6.157
2052.75,56.0,4.68375
2053.0,56.1,3.8
2053.25,59.5,5.884
2053.5,59.8,5.623
2053.75,60.900000000000006,5.797
2054.0,58.9,5.289
2054.25,58.400000000000006,4.34
2054.5,60.2,4.72
2054.75,58.8,4.812
2055.0,57.00000000000001,4.78125
2055.25,59.199999999999996,5.318
2055.5,55.49999999999999,3.62
2055.75,55.7,4.1
2056.0,55.900000000000006,3.6
2056.25,54.9,3.62
2056.5,55.3,3.65
2056.75,55.3,3.81
2057.0,53.6,3.5725
2057.25,55.2,3.29
2057.5,53.0,3.6100000000000003
2057.75,54.1,3.668
2058.0,53.3,3.5600000000000005
2058.25,53.2,3.87
2058.5,51.099999999999994,3.9559999999999995
2058.75,48.6,3.87
2059.0,47.9,3.49
2059.25,46.3,3.7800000000000002
2059.5,42.7,4.612
2059.75,43.099999999999994,4.674
2060.0,25.15,6.584
2060.25,12.05,2.138
2060.5,10.09,2.39
2060.75,9.89,2.2
2061.0,4.96,0.45499999999999996
2061.25,3.474,0.303
2061.5,3.083,0.344
2061.75,2.862,0.1884
2062.0,3.1870000000000003,0.5150000000000001
2062.25,3.0010000000000003,0.334
2062.5,3.019,0.43100000000000005
2062.75,3.1180000000000003,0.5800000000000001
2063.0,2.849,0.41500000000000004
2063.25,2.812,0.353
2063.5,2.82,0.321
2063.75,2.7880000000000003,0.30799999999999994
2064.0,2.822,0.3254
2064.25,2.8979999999999997,0.41400000000000003
2064.5,2.8180000000000005,0.34500000000000003
2064.75,2.873,0.404
2065.0,2.828,0.32199999999999995
2065.25,2.763,0.274
2065.5,2.959,0.514
2065.75,2.923,0.461
2066.0,2.675,0.17579999999999996
2066.25,2.792,0.27
2066.5,2.726,0.179
2066.75,2.848,0.282
2067.0,2.846,0.32099999999999995
2067.25,2.925,0.4179999999999999
2067.5,2.814,0.32899999999999996
2067.75,2.88,0.411
2068.0,2.963,0.42499999999999993
2068.25,2.7569999999999997,0.269
2068.5,2.981,0.485
2068.75,2.8419999999999996,0.371
2069.0,2.943,0.534
2069.25,2.752,0.2277
2069.5,2.778,0.243
2069.75,2.646,0.11269999999999997
2070.0,2.825,0.30000000000000004
2070.25,2.7190000000000003,0.1573
2070.5,2.755,0.202
2070.75,4.76,0.5009999999999999
2071.0,9.24,1.94
2071.25,9.76,1.746
2071.5,11.14,2.0
2071.75,12.51,1.7810000000000001
2072.0,12.879999999999999,1.6580000000000001
2072.25,12.21,1.738
2072.5,13.09,1.549
2072.75,13.59,1.561
2073.0,16.4,0.7040000000000002
2073.25,17.66,0.47700000000000004
2073.5,17.5,0.18200000000000005
2073.75,18.060000000000002,0.569
2074.0,19.11,0.359
2074.25,19.71,0.657
2074.5,19.46,0.504
2074.75,20.380000000000003,0.246
2075.0,20.57,0.05400000000000005
2075.25,17.98,0.628
2075.5,17.97,0.49899999999999994
2075.75,18.04,0.5529999999999999
2076.0,16.049999999999997,1.3479999999999999
2076.25,15.63,1.348
2076.5,16.169999999999998,1.362
2076.75,14.509999999999998,1.127
2077.0,14.219999999999999,1.488
2077.25,13.34,1.32
2077.5,12.809999999999999,1.2269999999999999
2077.75,12.9,1.478
2078.0,12.89,1.4009999999999998
2078.25,12.74,1.291
2078.5,12.66,1.1960000000000002
2078.75,12.51,1.214
2079.0,12.73,1.4369999999999998
2079.25,11.97,1.483
2079.5,11.379999999999999,1.616
2079.75,11.629999999999999,1.6030000000000002
2080.0,11.73,2.13
2080.25,11.48,2.1799999999999997
2080.5,11.2,2.0100000000000002
2080.75,10.379999999999999,2.31
2081.0,10.27,2.43
2081.25,10.030000000000001,2.44
2081.5,10.16,2.62
2081.75,10.100000000000001,2.77
2082.0,10.65,2.7
2082.25,10.79,2.62
2082.5,11.030000000000001,2.46
2082.75,10.84,2.17
2083.0,10.55,1.9899999999999998
2083.25,10.16,2.09
2083.5,10.11,2.0900000000000003
2083.75,10.39,2.4699999999999998
2084.0,10.370000000000001,2.45
2084.25,10.120000000000001,2.36
2084.5,10.200000000000001,2.5
2084.75,10.65,2.61
2085.0,4.49,0.7050000000000001
2085.25,3.3899999999999997,0.35300000000000004
2085.5,3.234,0.375
2085.75,3.3129999999999997,0.06489999999999996
2086.0,3.061,0.3899999999999999
2086.25,3.335,0.306
2086.5,3.1790000000000003,0.08800000000000002
2086.75,2.767,0.16199999999999998
2087.0,2.8609999999999998,0.338
2087.25,2.975,0.434
2087.5,2.94,0.37
2087.75,3.0989999999999998,0.59
2088.0,2.7529999999999997,0.16900000000000004
2088.25,2.894,0.327
2088.5,2.902,0.32300000000000006
2088.75,2.928,0.363
2089.0,2.844,0.26
2089.25,2.901,0.33
2089.5,2.8299999999999996,0.23300000000000004
2089.75,2.963,0.4
2090.0,2.672,-0.00269999999999998
2090.25,2.874,0.23
2090.5,2.8970000000000002,0.178
2090.75,3.1300000000000003,0.45499999999999996
2091.0,3.0039999999999996,0.46599999999999997
2091.25,2.9419999999999997,0.36500000000000005
2091.5,2.883,0.297
2091.75,2.858,0.292
2092.0,2.896,0.308
2092.25,2.912,0.32600000000000007
2092.5,2.8249999999999997,0.24499999999999997
2092.75,2.8739999999999997,0.2889999999999999
2093.0,2.929,0.31999999999999995
2093.25,2.633,-0.01150000000000001
2093.5,2.834,0.21900000000000003
2093.75,2.836,0.22899999999999998
2094.0,2.917,0.26
2094.25,2.746,0.248
2094.5,2.749,0.354
2094.75,4.17,0.485
2095.0,9.46,2.06
2095.25,9.2,2.6799999999999997
2095.5,8.61,2.17
2095.75,8.79,2.36
2096.0,9.11,2.46
2096.25,8.77,2.26
2096.5,8.75,2.4
2096.75,9.370000000000001,2.38
2097.0,8.87,2.52
2097.25,9.07,2.69
2097.5,9.49,2.82
2097.75,9.34,2.91
2098.0,9.3,2.77
2098.25,9.440000000000001,2.83
2098.5,9.46,2.8899999999999997
2098.75,9.450000000000001,2.65
2099.0,9.54,2.56
2099.25,9.61,2.6
2099.5,9.64,2.78
2099.75,9.66,2.66
2100.0,9.379999999999999,2.66
2100.25,9.700000000000001,2.84
2100.5,9.129999999999999,2.59
2100.75,9.23,2.19
2101.0,9.03,2.55
2101.25,8.9,2.46
2101.5,8.89,2.5
2101.75,9.01,2.43
2102.0,8.64,2.2
2102.25,9.280000000000001,2.45
2102.5,9.030000000000001,2.16
2102.75,9.629999999999999,2.2600000000000002
2103.0,9.08,2.26
2103.25,9.100000000000001,2.18
2103.5,9.0,1.96
2103.75,9.030000000000001,2.0100000000000002
2104.0,8.93,1.8399999999999999
2104.25,9.14,2.23
2104.5,9.16,2.2800000000000002
2104.75,9.23,2.35
2105.0,8.93,2.006
2105.25,8.96,2.0
2105.5,8.93,1.931
2105.75,8.379999999999999,1.604
2106.0,2.8129999999999997,0.06009999999999999
2106.25,2.95,0.183
2106.5,3.373,0.018000000000000016
2106.75,3.531,0.04099999999999998
2107.0,3.851,0.14199999999999996
2107.25,4.81,-0.17952999999999997
2107.5,5.218,0.09850000000000003
2107.75,5.699999999999999,0.40199999999999997
2108.0,5.651,0.37800000000000006
2108.25,5.463,0.11600000000000005
2108.5,6.093,0.493
2108.75,5.578,0.17300000000000004
2109.0,5.563,0.12699999999999997
2109.25,5.4239999999999995,0.065
2109.5,5.635,0.4099999999999999
2109.75,5.563000000000001,0.34800000000000003
2110.0,4.493,0.406
2110.25,3.513,0.28900000000000003
2110.5,3.439,0.21100000000000002
2110.75,3.516,0.30299999999999994
2111.0,3.57,0.327
2111.25,3.493,0.2667
2111.5,3.3489999999999998,0.03849999999999998
2111.75,3.3790000000000004,0.131
2112.0,3.482,0.19
2112.25,3.665,0.37899999999999995
2112.5,3.524,0.25589999999999996
2112.75,3.509,0.251
2113.0,3.619,0.31500000000000006
2113.25,3.408,0.11899999999999994
2113.5,3.577,0.36700000000000005
2113.75,3.743,0.5169999999999999
2114.0,3.422,0.13199999999999995
2114.25,3.544,0.239
2114.5,3.577,0.321
2114.75,3.5620000000000003,0.311
2115.0,3.561,0.32699999999999996
2115.25,3.551,0.20199999999999999
2115.5,3.4779999999999998,0.14099999999999996
2115.75,3.496,0.21369999999999995
2116.0,3.523,0.20899999999999996
2116.25,3.528,0.2589
2116.5,3.586,0.33199999999999996
2116.75,3.608,0.361
2117.0,3.514,0.24
2117.25,3.4659999999999997,0.197
2117.5,3.755,0.5399999999999999
2117.75,3.561,0.3370000000000001
2118.0,3.5580000000000003,0.2649999999999999
2118.25,3.124,0.29700000000000004
2118.5,2.91,0.336
2118.75,3.017,0.435
2119.0,3.083,0.419
2119.25,3.889,0.38100000000000006
2119.5,3.1289999999999996,0.345
2119.75,3.1020000000000003,0.31299999999999994
2120.0,2.921,0.09089999999999998
2120.25,3.311,0.41400000000000003
2120.5,2.9130000000000003,0.10850000000000004
2120.75,3.0250000000000004,0.23099999999999998
2121.0,3.262,0.479
2121.25,3.25,0.38999999999999996
2121.5,3.193,0.274
2121.75,3.3550000000000004,0.502
2122.0,3.1470000000000002,0.306
2122.25,3.088,0.244
2122.5,3.34,0.5230000000000001
2122.75,3.201,0.31200000000000006
2123.0,3.2550000000000003,0.44200000000000006
2123.25,3.378,0.599
2123.5,3.185,0.382
2123.75,2.9210000000000003,0.04580000000000006
2124.0,3.2760000000000002,0.425
2124.25,3.092,0.20900000000000002
2124.5,3.046,0.19
2124.75,3.082,0.1975
2125.0,3.294,0.44
2125.25,3.2430000000000003,0.369
2125.5,3.19,0.291
2125.75,3.168,0.30100000000000005
2126.0,3.136,0.277
2126.25,3.123,0.22700000000000004
2126.5,3.1660000000000004,0.261
2126.75,3.215,0.358
2127.0,3.14,0.257
2127.25,3.2809999999999997,0.42
2127.5,3.0580000000000003,0.09299999999999997
2127.75,3.2960000000000003,0.383
2128.0,3.2439999999999998,0.374
2128.25,3.3099999999999996,0.506
2128.5,3.176,0.27799999999999997
2128.75,3.048,0.13600000000000004
2129.0,3.0869999999999997,0.187
2129.25,3.6,0.388
2129.5,3.3150000000000004,0.43199999999999994
2129.75,3.09,0.30000000000000004
2130.0,3.1590000000000003,0.45599999999999996
2130.25,2.9299999999999997,0.22400000000000003
2130.5,3.2600000000000002,0.37
2130.75,3.37,0.37999999999999995
2131.0,0.0,0.0
2131.25,5.523,0.09549999999999997
2131.5,6.058,0.523
2131.75,5.356,0.22599999999999998
2132.0,5.216,0.121
2132.25,5.3020000000000005,0.326
2132.5,5.2170000000000005,0.39100000000000007
2132.75,0.0,0.0
2133.0,5.4,0.613
2133.25,5.201,0.348
2133.5,5.890000000000001,0.497
2133.75,5.293,0.36500000000000005
2134.0,5.1579999999999995,0.16799999999999998
2134.25,5.34,0.37
2134.5,5.26,0.25
2134.75,5.335000000000001,0.403
2135.0,5.231999999999999,0.24600000000000002
2135.25,5.262,0.31799999999999995
2135.5,5.334,0.464
2135.75,5.308999999999999,0.4139999999999999
2136.0,5.355,0.45999999999999996
2136.25,5.127,0.191
2136.5,5.358,0.384
2136.75,5.335,0.391
2137.0,5.213,0.33899999999999997
2137.25,3.964,0.163
2137.5,3.001,0.31
2137.75,2.765,0.06867000000000001
2138.0,3.084,0.39199999999999996
2138.25,3.122,0.384
2138.5,2.8800000000000003,0.15599999999999997
2138.75,2.968,0.298
2139.0,3.0520000000000005,0.37600000000000006
2139.25,2.9699999999999998,0.28600000000000003
2139.5,3.0540000000000003,0.39399999999999996
2139.75,3.025,0.37
2140.0,2.855,0.14800000000000002
2140.25,2.995,0.258
2140.5,3.1630000000000003,0.37900000000000006
2140.75,2.924,0.237
2141.0,2.8150000000000004,0.07599999999999996
2141.25,3.077,0.403
2141.5,2.9619999999999997,0.286
2141.75,2.883,0.181
2142.0,3.1899999999999995,0.567
2142.25,2.8069999999999995,0.043999999999999984
2142.5,2.881,0.304
2142.75,23.240000000000002,-0.9928
2143.0,50.5,3.4859999999999998
2143.25,59.099999999999994,3.68714
2143.5,59.60000000000001,3.6029999999999998
2143.75,59.8,2.87
2144.0,60.3,2.81
2144.25,63.0,2.85
2144.5,67.3,4.928
2144.75,72.0,6.063000000000001
2145.0,73.2,5.58
2145.25,73.6,5.545999999999999
2145.5,75.5,5.719
2145.75,72.0,5.204000000000001
2146.0,76.30000000000001,5.321999999999999
2146.25,76.8,5.93
2146.5,77.60000000000001,6.023
2146.75,80.7,6.644
2147.0,78.7,6.09
2147.25,78.3,5.699999999999999
2147.5,78.2,5.509
2147.75,80.4,5.4879999999999995
2148.0,80.4,7.04
2148.25,79.8,7.16
2148.5,79.89999999999999,6.859999999999999
2148.75,77.7,5.813000000000001
2149.0,70.6,4.429
2149.25,68.69999999999999,4.5809999999999995
2149.5,65.6,1.81
2149.75,66.6,1.533
2150.0,66.89999999999999,1.3599999999999999
2150.25,69.8,3.8728999999999996
2150.5,67.6,3.39
2150.75,66.10000000000001,4.16
2151.0,63.5,3.59
2151.25,61.699999999999996,1.94
2151.5,63.7,2.02
2151.75,60.599999999999994,0.6999999999999998
2152.0,59.1,1.59
2152.25,55.199999999999996,1.188
2152.5,55.0,1.79
2152.75,51.199999999999996,1.71
2153.0,51.400000000000006,1.52
2153.25,51.7,2.19
2153.5,54.1,4.21
2153.75,53.800000000000004,4.08
2154.0,52.3,4.48
2154.25,50.2,2.63
2154.5,36.4,0.6960000000000001
2154.75,33.16,0.742
2155.0,32.44,0.518
2155.25,30.6,0.476
2155.5,29.7,0.824
2155.75,26.36,0.9319999999999999
2156.0,15.95,2.13
2156.25,14.64,2.7
2156.5,13.420000000000002,2.7
2156.75,11.600000000000001,2.77
2157.0,5.36,1.111
2157.25,3.12,0.422
2157.5,3.11,0.43
2157.75,3.8430000000000004,0.804
2158.0,3.2590000000000003,0.61
2158.25,3.177,0.48369999999999996
2158.5,3.153,0.688
2158.75,3.147,0.375
2159.0,3.0699999999999994,0.386
2159.25,3.1279999999999997,0.44099999999999995
2159.5,3.1950000000000003,0.701
2159.75,2.876,0.515
2160.0,3.136,0.789
2160.25,2.872,0.45299999999999996
2160.5,2.758,0.26630000000000004
2160.75,2.937,0.24830000000000002
2161.0,3.0149999999999997,0.3
2161.25,2.823,0.148
2161.5,3.113,0.493
2161.75,3.096,0.622
2162.0,0.0,0.0
2162.25,2.887,0.396
2162.5,2.951,0.338
2162.75,2.798,0.27799999999999997
2163.0,2.991,0.517
2163.25,2.955,0.505
2163.5,2.796,0.298
2163.75,2.887,0.41000000000000003
2164.0,2.8449999999999998,0.33599999999999997
2164.25,2.8789999999999996,0.402
2164.5,2.7409999999999997,0.201
2164.75,3.0420000000000003,0.565
2165.0,2.7729999999999997,0.27899999999999997
2165.25,2.95,0.47200000000000003
2165.5,2.976,0.579
2165.75,2.853,0.444
2166.0,2.981,0.432
2166.25,3.0010000000000003,0.486
2166.5,2.921,0.5740000000000001
2166.75,14.41,-1.74
2167.0,33.9,-3.4299999999999997
2167.25,40.599999999999994,-2.6783
2167.5,40.1,-2.8099999999999996
2167.75,42.7,-2.2840999999999996
2168.0,42.4,-2.1267000000000005
2168.25,42.8,-2.3137000000000003
2168.5,44.4,-2.0263
2168.75,45.7,-2.219
2169.0,45.5,-2.2279999999999998
2169.25,45.5,-2.4568999999999996
2169.5,45.099999999999994,-2.5262000000000002
2169.75,45.2,-2.1950000000000003
2170.0,45.5,-2.436
2170.25,45.3,-2.455
2170.5,45.1,-2.4867
2170.75,45.5,-2.3229
2171.0,45.8,-2.4053
2171.25,45.8,-2.1567
2171.5,47.1,-2.182
2171.75,48.0,-1.8463
2172.0,46.7,-1.4458000000000002
2172.25,46.5,-1.483
2172.5,48.4,-1.6117000000000001
2172.75,48.3,-1.4420000000000002
2173.0,47.2,-0.8699999999999999
2173.25,46.7,-0.43599999999999994
2173.5,47.599999999999994,-0.0019999999999997797
2173.75,47.0,-0.6229999999999999
2174.0,47.1,-0.5180000000000001
2174.25,46.900000000000006,-1.004
2174.5,43.3,-1.7650000000000003
2174.75,41.8,-2.135
2175.0,41.900000000000006,-2.2359999999999998
2175.25,42.8,-2.007
2175.5,44.5,-1.73
2175.75,42.7,-1.9580000000000002
2176.0,42.1,-2.113
2176.25,40.8,-1.606
2176.5,41.4,-1.7644
2176.75,40.1,-1.636
2177.0,39.9,-1.4689
2177.25,37.8,-1.807
2177.5,38.3,-1.9960000000000002
2177.75,39.3,-1.8190000000000002
2178.0,35.5,-1.2859999999999998
2178.25,27.41,0.132
2178.5,25.84,0.05700000000000005
2178.75,25.080000000000002,0.06599999999999995
2179.0,24.42,-0.05499999999999994
2179.25,24.520000000000003,0.03400000000000003
2179.5,22.880000000000003,0.4229999999999998
2179.75,20.64,0.8800000000000001
2180.0,12.39,1.828
2180.25,11.68,2.14
2180.5,10.440000000000001,2.38
2180.75,10.23,2.33
2181.0,4.67,0.665
2181.25,2.8979999999999997,0.497
2181.5,2.9,0.522
2181.75,2.846,0.5429999999999999
2182.0,2.886,0.653
2182.25,2.8070000000000004,0.5439999999999999
2182.5,2.91,0.693
2182.75,2.821,0.44
2183.0,2.762,0.5429999999999999
2183.25,2.698,0.46299999999999997
2183.5,2.87,0.512
2183.75,2.827,0.5423
2184.0,2.9510000000000005,0.756
2184.25,2.8229999999999995,0.641
2184.5,2.7239999999999998,0.496
2184.75,2.899,0.599
2185.0,2.9779999999999998,0.771
2185.25,2.936,0.8
2185.5,2.726,0.521
2185.75,2.9059999999999997,0.731
2186.0,2.68,0.464
2186.25,2.843,0.6679999999999999
2186.5,2.792,0.624
2186.75,2.843,0.6809999999999999
2187.0,2.775,0.613
2187.25,2.898,0.7699999999999999
2187.5,2.8440000000000003,0.722
2187.75,2.817,0.672
2188.0,2.753,0.5960000000000001
2188.25,2.7199999999999998,0.555
2188.5,2.752,0.618
2188.75,2.815,0.647
2189.0,2.817,0.6639999999999999
2189.25,2.6870000000000003,0.569
2189.5,2.924,0.745
2189.75,2.7560000000000002,0.461
2190.0,2.874,0.7050000000000001
2190.25,2.721,0.61
2190.5,2.683,0.622
2190.75,18.48,-1.95
2191.0,39.6,0.629
2191.25,43.6,0.5369999999999999
2191.5,46.800000000000004,1.22
2191.75,45.6,1.093
2192.0,48.50000000000001,0.8599999999999999
2192.25,48.0,0.7630000000000001
2192.5,47.400000000000006,0.914
2192.75,47.8,0.7749999999999999
2193.0,47.5,0.497
2193.25,48.1,0.6039999999999999
2193.5,47.7,0.84
2193.75,49.4,0.9199999999999999
2194.0,48.9,0.626
2194.25,52.8,1.07
2194.5,53.99999999999999,0.733
2194.75,53.0,0.3560000000000001
2195.0,54.1,0.5660000000000001
2195.25,54.599999999999994,0.5630000000000002
2195.5,54.099999999999994,0.643
2195.75,56.0,1.42
2196.0,56.800000000000004,2.0700000000000003
2196.25,56.0,1.7300000000000002
2196.5,57.099999999999994,1.6199999999999999
2196.75,56.400000000000006,1.92
2197.0,54.9,1.3199999999999998
2197.25,54.400000000000006,1.2
2197.5,54.5,1.0190000000000001
2197.75,54.9,1.18
2198.0,54.1,1.53
2198.25,55.699999999999996,1.44
2198.5,55.0,1.2200000000000002
2198.75,51.3,0.77
2199.0,50.400000000000006,0.77
2199.25,49.7,0.8999999999999999
2199.5,50.3,0.622
2199.75,51.300000000000004,0.7030000000000001
2200.0,48.400000000000006,0.7430000000000001
2200.25,0.0,0.0
2200.5,0.0,0.0
2200.75,46.3,1.5
2201.0,45.3,1.3299999999999998
2201.25,47.1,1.38
2201.5,46.699999999999996,1.31
2201.75,44.3,0.5999999999999999
2202.0,31.779999999999998,-0.19300000000000006
2202.25,30.769999999999996,0.02400000000000002
2202.5,30.14,-0.04500000000000004
2202.75,28.82,-0.133
2203.0,25.35,-0.14399999999999985
2203.25,24.15,0.006000000000000005
2203.5,23.490000000000002,0.13000000000000012
2203.75,22.79,0.07799999999999985
2204.0,12.420000000000002,1.97
2204.25,10.6,2.27
2204.5,10.15,2.48
2204.75,9.52,2.52
2205.0,4.93,1.127
2205.25,3.0469999999999997,0.661
2205.5,3.061,0.6639999999999999
2205.75,2.834,0.37010000000000004
2206.0,2.8499999999999996,0.45699999999999996
2206.25,2.935,0.597
2206.5,2.7489999999999997,0.32920000000000005
2206.75,2.911,0.415
2207.0,2.824,0.443
2207.25,2.832,0.62
2207.5,3.128,1.028
2207.75,2.983,0.839
2208.0,2.7550000000000003,0.386
2208.25,2.83,0.422
2208.5,2.676,0.402
2208.75,2.853,0.531
2209.0,2.721,0.491
2209.25,2.707,0.482
2209.5,2.8480000000000003,0.6639999999999999
2209.75,2.686,0.45699999999999996
2210.0,2.771,0.5640000000000001
2210.25,2.7439999999999998,0.52
2210.5,2.689,0.486
2210.75,2.6050000000000004,0.36
2211.0,2.795,0.622
2211.25,2.807,0.501
2211.5,2.962,0.8390000000000001
2211.75,2.675,0.445
2212.0,2.546,0.301
2212.25,2.6439999999999997,0.43
2212.5,2.641,0.388
2212.75,2.686,0.4600000000000001
2213.0,2.7359999999999998,0.485
2213.25,2.651,0.41200000000000003
2213.5,2.699,0.52
2213.75,2.7569999999999997,0.5900000000000001
2214.0,2.724,0.46399999999999997
2214.25,2.6060000000000003,0.43
2214.5,2.609,0.3384
2214.75,17.1,-1.621
2215.0,39.4,0.3380000000000001
2215.25,39.2,0.3869999999999999
2215.5,43.1,0.29400000000000004
2215.75,44.4,0.6309999999999999
2216.0,48.099999999999994,1.187
2216.25,50.0,0.7959999999999999
2216.5,48.8,0.6910000000000001
2216.75,49.800000000000004,0.4600000000000001
2217.0,49.1,0.6980000000000001
2217.25,49.9,0.5670000000000001
2217.5,51.5,0.5890000000000002
2217.75,50.2,0.31000000000000005
2218.0,51.8,0.6479999999999999
2218.25,52.3,0.524
2218.5,51.699999999999996,0.5650000000000001
2218.75,52.300000000000004,0.5299999999999999
2219.0,51.1,0.20100000000000007
2219.25,53.39999999999999,0.553
2219.5,51.5,0.3890000000000001
2219.75,57.99999999999999,2.92
2220.0,57.4,3.4299999999999997
2220.25,55.1,2.91
2220.5,55.8,2.34
2220.75,54.8,0.8270000000000002
2221.0,54.2,0.479
2221.25,56.5,2.29
2221.5,54.8,1.675
2221.75,56.599999999999994,2.7199999999999998
2222.0,55.0,2.48
2222.25,54.8,2.25
2222.5,53.1,1.76
2222.75,53.2,2.33
2223.0,52.099999999999994,1.3199999999999998
2223.25,48.2,0.03299999999999992
2223.5,47.6,-0.0020000000000000018
2223.75,48.2,0.1140000000000001
2224.0,47.3,0.09899999999999998
2224.25,47.0,0.05400000000000005
2224.5,44.9,0.013000000000000012
2224.75,44.2,0.07300000000000006
2225.0,43.8,0.2789999999999999
2225.25,43.599999999999994,0.43699999999999994
2225.5,44.3,1.04
2225.75,43.3,1.0999999999999999
2226.0,41.900000000000006,0.94
2226.25,0.0,0.0
2226.5,28.529999999999998,-0.14199999999999996
2226.75,27.47,-0.2619999999999999
2227.0,25.770000000000003,0.09800000000000009
2227.25,24.83,0.17999999999999994
2227.5,21.43,0.16100000000000003
2227.75,16.48,0.867
2228.0,10.040000000000001,2.27
2228.25,9.86,2.312
2228.5,9.25,2.48
2228.75,8.690000000000001,2.61
2229.0,3.122,0.527
2229.25,3.105,0.8109999999999999
2229.5,2.495,0.512
2229.75,3.1599999999999997,0.5559999999999999
2230.0,2.88,0.3196
2230.25,2.8569999999999998,0.3552
2230.5,2.895,0.49000000000000005
2230.75,2.9060000000000006,0.568
2231.0,2.66,0.3234
2231.25,2.8869999999999996,0.585
2231.5,2.8459999999999996,0.49
2231.75,3.0279999999999996,0.558
2232.0,3.076,0.665
2232.25,2.928,0.589
2232.5,2.9350000000000005,0.628
2232.75,2.81,0.41919999999999996
2233.0,2.8970000000000002,0.514
2233.25,2.828,0.484
2233.5,2.821,0.5439999999999999
2233.75,2.738,0.508
2234.0,2.791,0.5730000000000001
2234.25,2.87,0.673
2234.5,2.858,0.6699999999999999
2234.75,2.796,0.587
2235.0,2.773,0.56
2235.25,2.6929999999999996,0.459
2235.5,2.6279999999999997,0.368
2235.75,2.863,0.6910000000000001
2236.0,2.6710000000000003,0.4103
2236.25,2.871,0.682
2236.5,2.625,0.36600000000000005
2236.75,2.827,0.6140000000000001
2237.0,2.7220000000000004,0.486
2237.25,2.728,0.494
2237.5,2.838,0.5930000000000001
2237.75,2.745,0.618
2238.0,2.771,0.606
2238.25,2.654,0.385
2238.5,2.5420000000000003,0.3479
2238.75,14.910000000000002,-1.4700000000000002
2239.0,30.08,-3.8
2239.25,33.129999999999995,-3.89
2239.5,33.39,-3.76
2239.75,33.4,-3.71
2240.0,33.47,-3.81
2240.25,33.83,-3.72
2240.5,33.33,-3.94
2240.75,33.5,-3.97
2241.0,33.92,-4.0600000000000005
2241.25,33.71,-4.140000000000001
2241.5,33.78,-3.96
2241.75,34.47,-4.23
2242.0,34.7,-4.2
2242.25,34.71,-4.09
2242.5,35.5,-3.9299999999999997
2242.75,35.4,-4.07
2243.0,34.9,-4.050000000000001
2243.25,34.6,-3.93
2243.5,34.07,-4.1000000000000005
2243.75,33.71,-3.94
2244.0,34.32,-3.88
2244.25,35.6,-3.83
2244.5,34.5,-3.79
2244.75,34.900000000000006,-3.62
2245.0,34.8,-3.92
2245.25,34.0,-3.81
2245.5,34.400000000000006,-3.67
2245.75,27.270000000000003,-2.8400000000000003
2246.0,15.02,-0.902
2246.25,15.06,-0.5880000000000001
2246.5,13.85,-0.5190000000000001
2246.75,13.129999999999999,-0.458
2247.0,12.27,-0.46900000000000003
2247.25,11.53,-0.7247
2247.5,10.95,-0.15799999999999997
2247.75,10.15,-0.17392000000000007
2248.0,9.76,-0.26
2248.25,9.67,-0.14399999999999996
2248.5,9.71,0.08699999999999997
2248.75,7.5,0.31200000000000006
2249.0,5.75,0.458
2249.25,5.62,0.30500000000000005
2249.5,5.55,0.22800000000000004
2249.75,5.52,0.35900000000000004
2250.0,5.09,0.346
2250.25,4.515000000000001,0.43299999999999994
2250.5,4.48,0.41400000000000003
2250.75,5.023,0.534
2251.0,5.109999999999999,0.35200000000000004
2251.25,5.25,0.43899999999999995
2251.5,5.16,0.284
2251.75,5.058,0.192
2252.0,5.25,0.41899999999999993
2252.25,5.21,0.445
2252.5,5.398,0.355
2252.75,5.215,0.353
2253.0,4.6499999999999995,0.5840000000000001
2253.25,3.2880000000000003,0.605
2253.5,3.227,0.565
2253.75,3.1980000000000004,0.515
2254.0,3.109,0.45099999999999996
2254.25,3.1739999999999995,0.383
2254.5,3.373,0.48
2254.75,3.383,0.433
2255.0,3.371,0.737
2255.25,3.104,0.47900000000000004
2255.5,3.1660000000000004,0.554
2255.75,3.242,0.6739999999999999
2256.0,3.179,0.548
2256.25,3.0629999999999997,0.398
2256.5,3.141,0.512
2256.75,3.1029999999999998,0.45
2257.0,3.1529999999999996,0.4
2257.25,3.292,0.5920000000000001
2257.5,3.3519999999999994,0.491
2257.75,3.252,0.666
2258.0,3.139,0.529
2258.25,3.106,0.504
2258.5,3.167,0.546
2258.75,3.1489999999999996,0.548
2259.0,3.1179999999999994,0.49
2259.25,3.0489999999999995,0.41500000000000004
2259.5,3.213,0.6240000000000001
2259.75,3.306,0.73
2260.0,3.1289999999999996,0.5449999999999999
2260.25,3.136,0.5609999999999999
2260.5,3.036,0.396
2260.75,3.1339999999999995,0.519
2261.0,3.101,0.485
2261.25,3.2809999999999997,0.678
2261.5,3.165,0.62
2261.75,3.0839999999999996,0.506
2262.0,3.124,0.575
2262.25,3.135,0.562
2262.5,3.133,0.6799999999999999
2262.75,3.2909999999999995,0.36300000000000004
2263.0,3.723,0.45499999999999996
2263.25,4.0600000000000005,0.3189
2263.5,4.151,0.55
2263.75,3.574,0.405
2264.0,3.727,0.558
2264.25,3.5860000000000003,0.43200000000000005
2264.5,3.66,0.5409999999999999
2264.75,3.591,0.46799999999999997
2265.0,3.468,0.30900000000000005
2265.25,3.612,0.509
2265.5,3.5829999999999997,0.47000000000000003
2265.75,3.526,0.395
2266.0,4.034000000000001,0.411
2266.25,3.632,0.554
2266.5,3.608,0.5349999999999999
2266.75,3.6790000000000003,0.628
2267.0,3.4749999999999996,0.33899999999999997
2267.25,3.413,0.262
2267.5,3.6020000000000003,0.4769999999999999
2267.75,3.985,0.2899999999999999
2268.0,3.735,0.6159999999999999
2268.25,3.606,0.44699999999999995
2268.5,3.654,0.524
2268.75,3.6559999999999997,0.45699999999999996
2269.0,3.861,0.541
2269.25,3.633,0.47000000000000003
2269.5,3.818,0.579
2269.75,3.677,0.363
2270.0,3.682,0.359
2270.25,3.672,0.375
2270.5,3.7380000000000004,0.472
2270.75,3.8739999999999997,0.669
2271.0,3.8710000000000004,0.546
2271.25,3.6500000000000004,0.297
2271.5,3.697,0.384
2271.75,3.7619999999999996,0.358
2272.0,3.6350000000000002,0.29499999999999993
2272.25,3.92,0.406
2272.5,4.15,0.21499999999999997
2272.75,3.814,0.528
2273.0,3.3890000000000002,0.37
2273.25,3.4680000000000004,0.542
2273.5,3.263,0.35
2273.75,3.0810000000000004,0.36900000000000005
2274.0,2.116,0.45599999999999996
2274.25,2.317,0.3372
2274.5,2.557,0.339
2274.75,2.444,0.30299999999999994
2275.0,2.685,0.465
2275.25,3.2049999999999996,0.43500000000000005
2275.5,3.428,0.563
2275.75,3.2760000000000002,0.604
2276.0,3.189,0.54
2276.25,3.105,0.5619999999999999
2276.5,2.8910000000000005,0.40700000000000003
2276.75,2.825,0.29
2277.0,2.905,0.4139999999999999
2277.25,3.2430000000000003,0.493
2277.5,2.9859999999999998,0.608
2277.75,2.8689999999999998,0.582
2278.0,2.9680000000000004,0.765
2278.25,2.779,0.49400000000000005
2278.5,3.0869999999999997,0.5770000000000001
2278.75,3.0149999999999997,0.43299999999999994
2279.0,3.092,0.503
2279.25,3.016,0.39499999999999996
2279.5,2.983,0.375
2279.75,3.13,0.502
2280.0,3.0949999999999998,0.496
2280.25,3.286,0.7430000000000001
2280.5,2.731,0.361
2280.75,2.746,0.49699999999999994
2281.0,2.651,0.31699999999999995
2281.25,2.777,0.41700000000000004
2281.5,2.864,0.503
2281.75,2.779,0.473
2282.0,2.755,0.444
2282.25,2.83,0.542
2282.5,2.867,0.597
2282.75,2.8449999999999998,0.558
2283.0,2.787,0.504
2283.25,2.674,0.32000000000000006
2283.5,2.734,0.42499999999999993
2283.75,2.783,0.446
2284.0,2.815,0.506
2284.25,2.8680000000000003,0.585
2284.5,2.974,0.777
2284.75,2.854,0.586
2285.0,2.882,0.515
2285.25,2.769,0.451
2285.5,2.817,0.583
2285.75,2.8040000000000003,0.421
2286.0,2.753,0.44599999999999995
2286.25,2.668,0.468
2286.5,2.7249999999999996,0.595
2286.75,2.815,0.742
2287.0,2.734,0.64
2287.25,2.622,0.472
2287.5,2.628,0.487
2287.75,2.71,0.5760000000000001
2288.0,2.6060000000000003,0.44499999999999995
2288.25,2.577,0.418
2288.5,2.685,0.551
2288.75,2.729,0.613
2289.0,2.6849999999999996,0.5800000000000001
2289.25,2.702,0.591
2289.5,2.6390000000000002,0.491
2289.75,2.636,0.467
2290.0,2.758,0.6499999999999999
2290.25,2.607,0.44899999999999995
2290.5,2.6109999999999998,0.441
2290.75,2.6359999999999997,0.478
2291.0,2.863,0.812
2291.25,2.7439999999999998,0.5609999999999999
2291.5,2.779,0.5609999999999999
2291.75,2.622,0.439
2292.0,2.703,0.555
2292.25,2.816,0.697
2292.5,2.5540000000000003,0.37
2292.75,2.693,0.558
2293.0,2.676,0.5519999999999999
2293.25,2.854,0.773
2293.5,2.7590000000000003,0.633
2293.75,2.8150000000000004,0.742
2294.0,2.584,0.398
2294.25,2.553,0.386
2294.5,2.673,0.518
2294.75,2.686,0.46299999999999997
2295.0,2.7,0.5409999999999999
2295.25,3.025,0.992
2295.5,2.6510000000000002,0.503
2295.75,2.8369999999999997,0.613
2296.0,2.646,0.504
2296.25,2.706,0.55
2296.5,2.653,0.485
2296.75,2.642,0.46299999999999997
2297.0,2.658,0.463
2297.25,2.576,0.37460000000000004
2297.5,2.792,0.587
2297.75,2.629,0.46499999999999997
2298.0,2.849,0.7450000000000001
2298.25,2.733,0.375
2298.5,2.848,0.463
2298.75,2.971,0.47100000000000003
2299.0,2.815,0.33899999999999997
2299.25,2.954,0.526
2299.5,2.83,0.3774
2299.75,2.803,0.367
2300.0,2.959,0.5519999999999999
2300.25,2.821,0.406
2300.5,2.911,0.506
2300.75,2.9819999999999998,0.505
2301.0,3.1189999999999998,0.443
2301.25,2.949,0.45000000000000007
2301.5,3.081,0.578
2301.75,2.9960000000000004,0.51
2302.0,2.893,0.3838
2302.25,3.0969999999999995,0.62
2302.5,2.894,0.386
2302.75,3.03,0.577
2303.0,2.9799999999999995,0.46799999999999997
2303.25,3.066,0.637
2303.5,3.084,0.598
2303.75,3.0040000000000004,0.402
2304.0,3.15,0.315
2304.25,3.167,0.347
2304.5,3.2489999999999997,0.456
2304.75,3.3099999999999996,0.507
2305.0,3.096,0.498
2305.25,3.072,0.565
2305.5,3.032,0.6319999999999999
2305.75,2.9499999999999997,0.5099999999999999
2306.0,3.054,0.641
2306.25,3.034,0.6289999999999999
2306.5,2.84,0.381
2306.75,2.864,0.428
2307.0,3.091,0.7090000000000001
2307.25,2.939,0.537
2307.5,3.043,0.656
2307.75,2.9829999999999997,0.6080000000000001
2308.0,3.0050000000000003,0.585
2308.25,2.928,0.504
2308.5,2.815,0.345
2308.75,3.088,0.702
2309.0,2.879,0.42400000000000004
2309.25,2.992,0.5660000000000001
2309.5,2.947,0.5269999999999999
2309.75,3.0450000000000004,0.6360000000000001
2310.0,3.004,0.5820000000000001
2310.25,2.892,0.534
2310.5,2.674,0.302
2310.75,15.010000000000002,-1.58
2311.0,31.450000000000003,-4.15
2311.25,32.45,-4.26
2311.5,33.8,-4.08
2311.75,35.0,-4.25
2312.0,34.7,-4.220000000000001
2312.25,34.9,-4.24
2312.5,36.3,-4.04
2312.75,35.1,-4.15
2313.0,36.0,-4.010000000000001
2313.25,35.5,-4.300000000000001
2313.5,36.900000000000006,-3.99
2313.75,35.3,-4.46
2314.0,36.4,-4.3
2314.25,35.6,-4.24
2314.5,35.599999999999994,-4.38
2314.75,35.400000000000006,-4.48
2315.0,35.4,-4.21
2315.25,35.7,-4.18
2315.5,36.2,-4.180000000000001
2315.75,36.0,-3.97
2316.0,35.7,-4.28
2316.25,35.8,-3.8
2316.5,35.2,-4.22
2316.75,35.1,-4.15
2317.0,35.8,-4.220000000000001
2317.25,35.0,-4.15
2317.5,34.9,-4.180000000000001
2317.75,35.5,-3.95
2318.0,35.2,-4.0
2318.25,34.7,-4.11
2318.5,34.7,-3.92
2318.75,35.1,-3.8600000000000003
2319.0,34.7,-3.7
2319.25,35.2,-3.9400000000000004
2319.5,35.2,-4.02
2319.75,35.7,-3.94
2320.0,35.129999999999995,-3.87
2320.25,34.7,-3.72
2320.5,33.38,-3.71
2320.75,32.44,-3.5100000000000002
2321.0,33.01,-3.51
2321.25,31.48,-3.7399999999999998
2321.5,31.4,-3.5600000000000005
2321.75,31.29,-3.68
2322.0,31.060000000000002,-3.6999999999999997
2322.25,30.83,-3.7
2322.5,31.64,-3.74
2322.75,30.18,-3.65
2323.0,23.57,-2.0300000000000002
2323.25,22.39,-2.53
2323.5,22.64,-2.26
2323.75,18.54,-1.97
2324.0,11.33,-0.7973
2324.25,9.68,-0.40800000000000003
2324.5,8.52,-0.2230000000000001
2324.75,8.32,-0.245
2325.0,5.17,0.2
2325.25,3.0060000000000002,0.514
2325.5,3.058,0.6749999999999999
2325.75,3.031,0.739
2326.0,2.8970000000000002,0.5489999999999999
2326.25,2.822,0.5409999999999999
2326.5,2.832,0.5210000000000001
2326.75,2.763,0.44589999999999996
2327.0,2.8,0.753
2327.25,2.551,0.4323
2327.5,2.721,0.665
2327.75,2.708,0.607
2328.0,2.667,0.607
2328.25,2.6919999999999997,0.6130000000000001
2328.5,2.878,0.817
2328.75,2.85,0.8520000000000001
2329.0,2.6770000000000005,0.607
2329.25,2.6220000000000003,0.5057
2329.5,2.5919999999999996,0.461
2329.75,2.6809999999999996,0.589
2330.0,2.673,0.523
2330.25,2.778,0.702
2330.5,2.69,0.5960000000000001
2330.75,2.7590000000000003,0.692
2331.0,2.721,0.605
2331.25,2.714,0.542
2331.5,2.752,0.669
2331.75,2.694,0.577
2332.0,2.7960000000000003,0.746
2332.25,2.674,0.495
2332.5,2.6250000000000004,0.5402
2332.75,2.8289999999999997,0.799
2333.0,2.6149999999999998,0.531
2333.25,2.7190000000000003,0.653
2333.5,2.7199999999999998,0.618
2333.75,2.685,0.581
2334.0,2.721,0.6501
2334.25,2.643,0.5289999999999999
2334.5,2.64,0.499
2334.75,19.23,-2.42
2335.0,30.66,-3.95
2335.25,33.160000000000004,-4.3
2335.5,33.760000000000005,-3.96
2335.75,33.8,-3.8700000000000006
2336.0,33.81,-3.8499999999999996
2336.25,35.17,-4.01
2336.5,34.2,-3.8400000000000003
2336.75,36.0,-3.6
2337.0,36.1,-3.87
2337.25,36.0,-3.89
2337.5,37.2,-3.8800000000000003
2337.75,37.199999999999996,-3.89
2338.0,36.900000000000006,-3.7
2338.25,36.5,-3.65
2338.5,37.2,-3.5200000000000005
2338.75,36.5,-3.67
2339.0,36.4,-3.4800000000000004
2339.25,36.3,-3.71
2339.5,37.7,-3.58
2339.75,37.0,-3.5300000000000002
2340.0,37.2,-3.67
2340.25,36.7,-3.62
2340.5,37.6,-3.65
2340.75,37.9,-3.54
2341.0,36.9,-3.54
2341.25,36.9,-3.4699999999999998
2341.5,37.0,-3.77
2341.75,36.7,-3.69
2342.0,36.400000000000006,-3.38
2342.25,35.9,-3.7300000000000004
2342.5,36.099999999999994,-3.79
2342.75,37.5,-3.79
2343.0,37.7,-3.87
2343.25,36.5,-3.9200000000000004
2343.5,37.099999999999994,-3.9400000000000004
2343.75,37.2,-3.79
2344.0,37.0,-3.8200000000000003
2344.25,36.400000000000006,-3.89
2344.5,34.9,-3.7700000000000005
2344.75,34.45,-3.8
2345.0,33.92,-3.56
2345.25,33.290000000000006,-3.87
2345.5,32.36,-3.8200000000000003
2345.75,31.62,-3.7100000000000004
2346.0,24.61,-2.63
2346.25,20.759999999999998,-1.704
2346.5,20.27,-1.77
2346.75,19.479999999999997,-2.08
2347.0,19.11,-2.09
2347.25,18.79,-2.2
2347.5,18.93,-2.17
2347.75,11.98,-1.009
2348.0,6.06,-0.09199999999999997
2348.25,5.56,0.03300000000000003
2348.5,5.1080000000000005,0.16200000000000003
2348.75,4.779,0.28700000000000003
2349.0,4.015000000000001,0.45499999999999996
2349.25,3.276,0.709
2349.5,3.069,0.41600000000000004
2349.75,2.9750000000000005,0.3105
2350.0,3.005,0.366
2350.25,3.093,0.297
2350.5,3.413,0.569
2350.75,3.317,0.5640000000000001
2351.0,3.141,0.591
2351.25,2.863,0.535
2351.5,2.822,0.516
2351.75,2.998,0.746
2352.0,2.974,0.726
2352.25,2.797,0.478
2352.5,2.928,0.657
2352.75,2.807,0.42029999999999995
2353.0,2.982,0.597
2353.25,2.849,0.38959999999999995
2353.5,2.882,0.615
2353.75,2.8499999999999996,0.6439999999999999
2354.0,2.845,0.633
2354.25,2.88,0.675
2354.5,2.8549999999999995,0.647
2354.75,2.87,0.615
2355.0,2.75,0.4784
2355.25,2.942,0.637
2355.5,2.71,0.3796999999999999
2355.75,2.796,0.53
2356.0,2.722,0.4386
2356.25,2.8970000000000002,0.659
2356.5,2.931,0.739
2356.75,2.909,0.6890000000000001
2357.0,2.989,0.715
2357.25,2.801,0.4296
2357.5,2.843,0.588
2357.75,2.681,0.43420000000000003
2358.0,2.925,0.622
2358.25,2.588,0.3360000000000001
2358.5,2.704,0.5329999999999999
2358.75,13.57,-1.25
2359.0,31.34,-3.71
2359.25,33.0,-3.8299999999999996
2359.5,33.7,-3.87
2359.75,33.5,-3.62
2360.0,33.870000000000005,-3.84
2360.25,33.8,-3.8
2360.5,33.8,-3.87
2360.75,34.6,-3.83
2361.0,35.3,-4.08
2361.25,35.5,-3.89
2361.5,36.1,-3.9299999999999997
2361.75,36.3,-3.68
2362.0,36.0,-3.96
2362.25,36.2,-3.6799999999999997
2362.5,36.2,-3.81
2362.75,35.8,-4.13
2363.0,35.9,-3.87
2363.25,35.900000000000006,-4.0600000000000005
2363.5,36.9,-3.8000000000000003
2363.75,35.400000000000006,-3.81
2364.0,35.8,-3.55
2364.25,37.3,-2.26
2364.5,0.0,0.0
2364.75,37.1,-3.33
2365.0,35.4,-3.83
2365.25,35.0,-3.89
2365.5,35.300000000000004,-3.7
2365.75,35.0,-3.8800000000000003
2366.0,35.0,-3.96
2366.25,35.2,-3.91
2366.5,36.2,-4.05
2366.75,35.8,-3.75
2367.0,36.2,-3.87
2367.25,35.6,-4.08
2367.5,35.78,-4.16
2367.75,35.44,-4.04
2368.0,35.16,-4.13
2368.25,35.0,-3.78
2368.5,35.0,-3.62
2368.75,34.7,-3.95
2369.0,34.5,-3.74
2369.25,34.6,-3.28
2369.5,34.4,-3.05
2369.75,33.07,-3.68
2370.0,31.529999999999998,-3.87
2370.25,31.33,-4.13
2370.5,28.57,-3.6
2370.75,27.35,-3.63
2371.0,27.08,-3.4699999999999998
2371.25,20.270000000000003,-2.42
2371.5,18.32,-2.11
2371.75,16.25,-1.8800000000000001
2372.0,7.6899999999999995,-0.481
2372.25,5.660000000000001,-0.22300000000000003
2372.5,4.364,0.11200000000000004
2372.75,4.4990000000000006,-0.012600000000000056
2373.0,3.4,0.298
2373.25,2.629,0.1883
2373.5,2.6879999999999997,0.279
2373.75,2.913,0.563
2374.0,2.785,0.42900000000000005
2374.25,2.731,0.38999999999999996
2374.5,2.6359999999999997,0.32799999999999996
2374.75,2.585,0.396
2375.0,2.358,0.23249999999999998
2375.25,2.625,0.56
2375.5,2.404,0.29530000000000006
2375.75,2.462,0.34299999999999997
2376.0,2.395,0.2714
2376.25,2.5300000000000002,0.425
2376.5,2.6310000000000002,0.569
2376.75,2.5789999999999997,0.577
2377.0,2.54,0.541
2377.25,2.467,0.3677
2377.5,2.51,0.42000000000000004
2377.75,2.364,0.21949999999999997
2378.0,2.522,0.39899999999999997
2378.25,2.47,0.3613
2378.5,2.6399999999999997,0.535
2378.75,2.4370000000000003,0.32499999999999996
2379.0,2.53,0.454
2379.25,2.524,0.47
2379.5,2.5060000000000002,0.446
2379.75,2.65,0.613
2380.0,2.412,0.3077
2380.25,2.4210000000000003,0.29900000000000004
2380.5,2.394,0.2639
2380.75,2.519,0.436
2381.0,2.466,0.365
2381.25,2.613,0.58
2381.5,2.526,0.461
2381.75,2.593,0.5449999999999999
2382.0,2.4379999999999997,0.33799999999999997
2382.25,2.5120000000000005,0.28300000000000003
2382.5,3.748,0.06280000000000002
2382.75,23.04,-1.94
2383.0,31.18,-2.342
2383.25,30.34,-2.8499999999999996
2383.5,31.09,-2.5605
2383.75,30.74,-2.662
2384.0,30.97,-2.537
2384.25,31.72,-2.6390000000000002
2384.5,32.19,-2.7140000000000004
2384.75,32.9,-2.714
2385.0,32.43,-2.781
2385.25,33.339999999999996,-2.733
2385.5,33.55,-2.55
2385.75,33.87,-2.823
2386.0,33.58,-2.492
2386.25,33.62,-2.534
2386.5,33.51,-2.302
2386.75,34.0,-2.6900000000000004
2387.0,33.59,-2.877
2387.25,33.43,-2.456
2387.5,33.9,-2.871
2387.75,34.03,-2.193
2388.0,34.32,-2.63
2388.25,34.43,-2.9200000000000004
2388.5,36.4,-1.379
2388.75,34.4,-2.462
2389.0,33.94,-2.6630000000000003
2389.25,37.6,-1.773
2389.5,37.349999999999994,-1.431
2389.75,36.3,-1.5539999999999998
2390.0,36.03,-1.8880000000000001
2390.25,34.629999999999995,-1.9749999999999999
2390.5,35.28,-1.7959999999999998
2390.75,34.93,-2.203
2391.0,34.739999999999995,-2.2590000000000003
2391.25,34.3,-2.8378
2391.5,33.16,-2.653
2391.75,33.269999999999996,-3.09
2392.0,32.910000000000004,-2.732
2392.25,32.870000000000005,-3.1900000000000004
2392.5,31.509999999999998,-2.8
2392.75,31.419999999999995,-2.5835
2393.0,30.699999999999996,-2.8200000000000003
2393.25,30.5,-2.5931
2393.5,30.299999999999997,-2.529
2393.75,29.86,-2.366
2394.0,30.099999999999998,-2.012
2394.25,22.55,-0.753
2394.5,25.18,0.1509999999999999
2394.75,24.939999999999998,0.477
2395.0,24.43,0.5800000000000001
2395.25,23.75,0.735
2395.5,22.9,0.572
2395.75,22.21,0.583
2396.0,11.43,2.52
2396.25,11.32,2.5999999999999996
2396.5,10.25,2.46
2396.75,10.21,2.79
2397.0,4.6899999999999995,1.0919999999999999
2397.25,3.545,0.364
2397.5,3.108,0.43400000000000005
2397.75,2.928,0.19810000000000005
2398.0,3.073,0.398
2398.25,3.014,0.32470000000000004
2398.5,3.338,0.5044
2398.75,3.3400000000000003,0.43410000000000004
2399.0,3.2350000000000003,0.37
2399.25,3.232,0.393
2399.5,3.0389999999999997,0.546
2399.75,3.026,0.776
2400.0,2.8240000000000003,0.482
2400.25,2.7600000000000002,0.27299999999999996
2400.5,2.815,0.328
2400.75,2.823,0.3523
2401.0,2.936,0.526
2401.25,2.792,0.4743
2401.5,2.8600000000000003,0.527
2401.75,2.8080000000000003,0.47
2402.0,2.902,0.587
2402.25,2.8200000000000003,0.517
2402.5,2.9050000000000002,0.622
2402.75,2.825,0.508
2403.0,2.7279999999999998,0.33199999999999996
2403.25,2.826,0.489
2403.5,2.7560000000000002,0.40769999999999995
2403.75,2.793,0.4610000000000001
2404.0,2.7190000000000003,0.373
2404.25,2.987,0.727
2404.5,2.8409999999999997,0.536
2404.75,2.886,0.583
2405.0,2.758,0.41900000000000004
2405.25,2.864,0.541
2405.5,2.733,0.427
2405.75,2.7439999999999998,0.35300000000000004
2406.0,2.9490000000000003,0.597
2406.25,2.8600000000000003,0.475
2406.5,5.629999999999999,1.018
2406.75,9.72,2.341
2407.0,13.11,2.1789
2407.25,15.21,3.358
2407.5,32.3,1.505
2407.75,36.400000000000006,0.22999999999999998
2408.0,36.0,0.4100000000000001
2408.25,36.04,-0.09699999999999998
2408.5,33.849999999999994,-1.2883
2408.75,34.69,-1.0867
2409.0,35.31,-1.251
2409.25,34.47,-0.97867
2409.5,34.29,-0.8540000000000001
2409.75,34.019999999999996,-1.0381
2410.0,34.68000000000001,-0.8580000000000001
2410.25,35.33,-0.7620000000000002
2410.5,35.55,-1.0960999999999999
2410.75,34.64,-1.2574999999999998
2411.0,33.839999999999996,-1.3292
2411.25,34.0,-1.1297100000000002
2411.5,33.99,-1.3418
2411.75,36.0,-0.315
2412.0,36.4,-0.9643
2412.25,37.3,-0.026000000000000023
2412.5,38.5,0.9440000000000002
2412.75,34.78,-0.31300000000000006
2413.0,35.010000000000005,-0.9414
2413.25,34.94,-1.0819999999999999
2413.5,35.38,-1.2309999999999999
2413.75,36.7,-0.9319999999999999
2414.0,37.0,-0.89
2414.25,36.7,-1.228
2414.5,36.4,-1.0570000000000002
2414.75,36.5,-1.1099999999999999
2415.0,38.1,-0.8799999999999999
2415.25,40.4,-0.7999999999999999
2415.5,40.2,-0.7230000000000001
2415.75,39.7,-0.891
2416.0,39.3,-0.806
2416.25,37.1,-1.062
2416.5,36.4,-0.8109999999999998
2416.75,35.12,-0.7
2417.0,33.62,-0.9101000000000001
2417.25,31.290000000000003,-0.9294
2417.5,33.08,0.9169999999999999
2417.75,32.59,0.4000000000000001
2418.0,34.22,1.191
2418.25,28.2,-1.6400000000000001
2418.5,25.05,-3.1500000000000004
2418.75,24.77,-3.37
2419.0,24.759999999999998,-3.19
2419.25,24.75,-3.2100000000000004
2419.5,23.97,-3.29
2419.75,9.64,-0.8885000000000001
2420.0,5.87,-0.175
2420.25,5.699999999999999,-0.2233
2420.5,4.79,-0.23899999999999993
2420.75,4.604,0.067
2421.0,2.848,0.15350000000000003
2421.25,2.8449999999999998,0.22500000000000003
2421.5,2.6799999999999997,0.12869999999999998
2421.75,2.665,0.176
2422.0,2.708,0.23420000000000002
2422.25,2.622,0.13899999999999996
2422.5,2.607,0.12199999999999994
2422.75,2.492,0.067
2423.0,2.734,0.513
2423.25,2.565,0.447
2423.5,2.524,0.44300000000000006
2423.75,2.4819999999999998,0.37
2424.0,2.51,0.275
2424.25,2.343,0.15000000000000002
2424.5,2.4170000000000003,0.2229
2424.75,2.3689999999999998,0.18883299999999997
2425.0,2.626,0.5477
2425.25,2.315,0.11100000000000004
2425.5,2.459,0.2697
2425.75,2.438,0.2394
2426.0,2.501,0.33299999999999996
2426.25,2.417,0.27799999999999997
2426.5,2.562,0.45099999999999996
2426.75,2.4290000000000003,0.25699999999999995
2427.0,2.441,0.295
2427.25,2.416,0.2803
2427.5,2.366,0.20299999999999996
2427.75,2.39,0.2397
2428.0,2.368,0.10299999999999998
2428.25,2.635,0.43300000000000005
2428.5,2.3770000000000002,0.2227
2428.75,2.686,0.625
2429.0,2.427,0.29900000000000004
2429.25,2.5290000000000004,0.43399999999999994
2429.5,2.495,0.2859999999999999
2429.75,2.487,0.3629
2430.0,2.355,0.17200000000000004
2430.25,2.277,0.07699999999999996
2430.5,2.362,0.16769999999999996
2430.75,3.165,0.27299999999999996
2431.0,7.210000000000001,2.19
2431.25,6.859999999999999,2.21
2431.5,6.75,2.14
2431.75,6.73,1.99
2432.0,6.72,1.9000000000000001
2432.25,6.84,2.0
2432.5,6.859999999999999,2.06
2432.75,6.77,1.91
2433.0,6.66,1.7530000000000001
2433.25,6.74,1.8090000000000002
2433.5,7.07,2.21
2433.75,6.92,1.96
2434.0,6.84,1.8200000000000003
2434.25,6.84,1.9
2434.5,6.859999999999999,1.95
2434.75,6.869999999999999,1.83
2435.0,6.95,1.7510000000000001
2435.25,6.82,1.799
2435.5,7.17,1.95
2435.75,6.93,1.9400000000000002
2436.0,6.96,1.9700000000000002
2436.25,6.99,2.02
2436.5,7.04,2.06
2436.75,7.210000000000001,2.04
2437.0,7.11,1.9100000000000001
2437.25,6.97,1.5459999999999998
2437.5,9.06,1.9649999999999999
2437.75,9.190000000000001,2.0260000000000002
2438.0,9.100000000000001,1.796
2438.25,9.350000000000001,2.06
2438.5,9.43,1.995
2438.75,9.34,1.963
2439.0,9.74,2.14
2439.25,10.559999999999999,1.9900000000000002
2439.5,10.74,2.2
2439.75,10.79,2.155
2440.0,10.879999999999999,2.3499999999999996
2440.25,10.52,2.143
2440.5,11.169999999999998,2.35
2440.75,10.85,1.988
2441.0,9.559999999999999,2.0380000000000003
2441.25,9.030000000000001,1.959
2441.5,9.309999999999999,2.158
2441.75,5.4799999999999995,0.539
2442.0,2.9029999999999996,0.10070000000000001
2442.25,2.9579999999999997,0.1755
2442.5,2.751,0.09999999999999998
2442.75,2.896,0.258
2443.0,2.718,0.2957
2443.25,2.588,0.1465
2443.5,2.617,0.1798
2443.75,2.561,-0.07200000000000001
2444.0,2.7769999999999997,0.068
2444.25,2.862,0.16699999999999998
2444.5,2.7279999999999998,0.023999999999999966
2444.75,2.6820000000000004,-0.01200000000000001
2445.0,2.49,0.0040000000000000036
2445.25,2.691,0.363
2445.5,2.911,0.301
2445.75,2.588,0.23700000000000002
2446.0,2.468,0.25510000000000005
2446.25,2.708,0.29500000000000004
2446.5,2.7279999999999998,0.09580000000000005
2446.75,2.72,0.062
2447.0,2.725,0.10000000000000003
2447.25,2.691,0.06799999999999995
2447.5,2.857,0.31799999999999995
2447.75,2.907,0.365
2448.0,2.67,0.04830000000000001
2448.25,2.725,0.026000000000000023
2448.5,2.955,0.226
2448.75,2.795,0.19530000000000003
2449.0,3.0200000000000005,0.42000000000000004
2449.25,2.568,0.19200000000000006
2449.5,2.69,0.379
2449.75,2.443,0.023000000000000076
2450.0,2.6770000000000005,0.379
2450.25,2.552,0.23600000000000004
2450.5,2.431,0.12
2450.75,2.4749999999999996,0.15100000000000002
2451.0,2.464,0.121
2451.25,2.5780000000000003,0.278
2451.5,2.516,0.2092
2451.75,2.713,0.45899999999999996
2452.0,2.387,0.07800000000000001
2452.25,2.726,0.525
2452.5,2.423,0.0917
2452.75,2.471,0.1521
2453.0,2.5170000000000003,0.20300000000000007
2453.25,2.456,0.15000000000000002
2453.5,2.388,0.04299999999999998
2453.75,2.556,0.31499999999999995
2454.0,2.574,0.27699999999999997
2454.25,2.502,0.186
2454.5,2.496,0.334
2454.75,2.393,0.25
2455.0,2.495,0.19690000000000002
2455.25,2.7,0.21899999999999997
2455.5,2.441,0.19100000000000006
2455.75,2.524,0.288
2456.0,2.363,0.08699999999999997
2456.25,2.3489999999999998,0.05099999999999999
2456.5,2.298,0.014999999999999958
2456.75,2.456,0.187
2457.0,2.6510000000000002,0.45200000000000007
2457.25,2.4499999999999997,0.19960000000000003
2457.5,2.511,0.258
2457.75,2.417,0.1467
2458.0,2.456,0.19199999999999995
2458.25,2.362,0.08400000000000002
2458.5,2.625,0.36219999999999997
2458.75,2.403,0.128
2459.0,2.423,0.1028
2459.25,2.295,-0.0020000000000000018
2459.5,2.493,0.22612000000000004
2459.75,2.462,0.19180000000000003
2460.0,2.609,0.35619999999999996
2460.25,2.545,0.34029999999999994
2460.5,2.447,0.18329999999999996
2460.75,2.497,0.26699999999999996
2461.0,2.41,0.1658
2461.25,2.56,0.31299999999999994
2461.5,2.375,0.10799999999999993
2461.75,2.6310000000000002,0.44799999999999995
2462.0,2.395,0.15400000000000003
2462.25,2.426,0.21490000000000004
2462.5,2.401,0.08000000000000007
2462.75,2.442,0.18570000000000003
2463.0,2.6100000000000003,0.43699999999999994
2463.25,2.478,0.28890000000000005
2463.5,2.49,0.27399999999999997
2463.75,2.405,0.16410999999999998
2464.0,2.512,0.30899999999999994
2464.25,2.409,0.15699999999999997
2464.5,2.516,0.2702
2464.75,2.435,0.15700000000000003
2465.0,2.3970000000000002,0.121
2465.25,2.257,-0.08300000000000002
2465.5,2.356,0.04799999999999993
2465.75,2.6340000000000003,0.4228
2466.0,2.477,0.26820000000000005
2466.25,2.58,0.2727
2466.5,2.657,0.238
2466.75,2.503,0.12290000000000001
2467.0,2.378,0.1547
2467.25,2.208,-0.03999999999999998
2467.5,2.49,0.21130000000000004
2467.75,2.3760000000000003,0.15999999999999998
2468.0,2.431,0.22590000000000005
2468.25,2.347,0.169
2468.5,2.419,0.137
2468.75,2.477,0.305
2469.0,2.431,0.2698
2469.25,2.491,0.35100000000000003
2469.5,2.483,0.3580999999999999
2469.75,2.383,0.224
2470.0,2.326,0.039000000000000035
2470.25,2.461,0.277
2470.5,2.29,0.09900000000000003
2470.75,2.554,0.4398
2471.0,2.283,0.11399999999999999
2471.25,2.417,0.27099999999999996
2471.5,2.494,0.33899999999999997
2471.75,2.406,0.239
2472.0,2.498,0.38510000000000005
2472.25,2.459,0.35200000000000004
2472.5,2.5250000000000004,0.436
2472.75,2.23,0.04300000000000004
2473.0,2.4000000000000004,0.24270000000000003
2473.25,2.458,0.269
2473.5,2.426,0.29810000000000003
2473.75,2.425,0.3123
2474.0,2.3689999999999998,0.22860000000000003
2474.25,2.315,0.14957000000000004
2474.5,2.5490000000000004,0.448
2474.75,2.472,0.34140000000000004
2475.0,2.4699999999999998,0.35729999999999995
2475.25,2.495,0.38899999999999996
2475.5,2.2830000000000004,0.10199999999999998
2475.75,2.417,0.26080000000000003
2476.0,2.343,0.14999999999999997
2476.25,2.388,0.2107
2476.5,2.351,0.15100000000000002
2476.75,2.565,0.288
2477.0,2.371,0.21199999999999997
2477.25,2.558,0.38
2477.5,2.435,0.27590000000000003
2477.75,2.409,0.2967
2478.0,2.4290000000000003,0.27069999999999994
2478.25,2.41,0.2404
2478.5,5.46,0.8320000000000001
2478.75,8.76,1.779
2479.0,12.96,1.048
2479.25,22.78,-0.09200000000000019
2479.5,31.11,-1.054
2479.75,31.1,-1.1360000000000001
2480.0,30.029999999999998,-1.272
2480.25,31.73,-1.4400000000000002
2480.5,32.29,-1.3359999999999999
2480.75,32.81,-1.409
2481.0,32.61,-1.4469999999999998
2481.25,33.19,-1.5849999999999997
2481.5,37.6,0.8459999999999999
2481.75,36.7,0.8300000000000001
2482.0,37.0,0.9209999999999999
2482.25,38.8,0.8699999999999999
2482.5,38.5,0.75
2482.75,37.9,0.77
2483.0,38.0,0.9400000000000002
2483.25,38.3,0.988
2483.5,37.5,0.678
2483.75,37.6,0.76
2484.0,37.2,1.2200000000000002
2484.25,37.3,1.125
2484.5,38.7,1.35
2484.75,41.0,1.29
2485.0,40.300000000000004,1.14
2485.25,41.0,0.9069999999999999
2485.5,39.400000000000006,0.8799999999999999
2485.75,40.5,0.7879999999999999
2486.0,39.9,0.8259999999999998
2486.25,39.2,0.7709999999999999
2486.5,37.900000000000006,0.42200000000000004
2486.75,38.8,0.724
2487.0,40.0,0.6950000000000001
2487.25,39.6,0.5349999999999999
2487.5,38.5,0.494
2487.75,39.0,0.3879999999999999
2488.0,38.6,0.27400000000000013
2488.25,37.7,0.43999999999999995
2488.5,37.9,0.41700000000000004
2488.75,36.8,0.598
2489.0,35.2,0.5080000000000001
2489.25,35.6,0.74
2489.5,34.9,0.6859999999999999
2489.75,33.8,0.2460000000000001
2490.0,29.46,-1.4998000000000002
2490.25,26.310000000000002,-0.7539999999999999
2490.5,24.95,-0.5719999999999998
2490.75,25.58,-0.46299999999999997
2491.0,24.89,-0.544
2491.25,24.880000000000003,-0.4999999999999999
2491.5,23.64,-0.1369999999999999
2491.75,14.57,1.017
2492.0,8.04,2.12
2492.25,8.04,2.33
2492.5,7.95,2.19
2492.75,7.4,1.89
2493.0,3.6020000000000003,0.31300000000000006
2493.25,3.06,0.367
2493.5,2.973,0.24900000000000005
2493.75,3.2110000000000003,0.30190000000000006
2494.0,3.229,0.2187
2494.25,3.29,0.21089999999999998
2494.5,3.239,0.07120000000000004
2494.75,3.2279999999999998,0.14300000000000007
2495.0,3.3400000000000003,0.383
2495.25,3.2300000000000004,0.34940000000000004
2495.5,2.9579999999999997,0.486
2495.75,2.869,0.36069999999999997
2496.0,2.9360000000000004,0.4159999999999999
2496.25,2.6799999999999997,0.138
2496.5,2.816,0.32099999999999995
2496.75,2.713,0.16899999999999993
2497.0,2.884,0.387
2497.25,2.685,0.16100000000000003
2497.5,2.9,0.5050000000000001
2497.75,2.819,0.396
2498.0,2.81,0.414
2498.25,2.871,0.48499999999999993
2498.5,2.799,0.4000000000000001
2498.75,2.695,0.2574000000000001
2499.0,2.6919999999999997,0.2672999999999999
2499.25,2.766,0.335
2499.5,2.665,0.21579999999999994
2499.75,2.863,0.45300000000000007
2500.0,2.637,0.19700000000000006
2500.25,2.834,0.44000000000000006
2500.5,2.774,0.38399999999999995
2500.75,2.8640000000000003,0.503
2501.0,2.765,0.371
2501.25,2.926,0.537
2501.5,2.69,0.02799999999999997
2501.75,2.852,0.21599999999999997
2502.0,2.956,0.29750000000000004
2502.25,2.784,0.2825000000000001
2502.5,8.03,1.49
2502.75,11.959999999999999,4.528
2503.0,17.29,3.8259999999999996
2503.25,25.58,2.3499999999999996
2503.5,35.9,0.858
2503.75,40.4,0.5750000000000001
2504.0,40.5,0.6650000000000001
2504.25,40.4,0.31100000000000005
2504.5,41.9,0.54
2504.75,41.7,0.386
2505.0,41.6,0.536
2505.25,41.7,0.5740000000000001
2505.5,43.099999999999994,0.6990000000000001
2505.75,43.6,0.518
2506.0,42.9,0.7210000000000001
2506.25,42.4,0.547
2506.5,42.3,0.529
2506.75,42.300000000000004,0.402
2507.0,42.2,0.46799999999999997
2507.25,41.6,0.4940000000000001
2507.5,42.6,0.388
2507.75,42.6,0.663
2508.0,43.8,0.837
2508.25,44.599999999999994,1.1069999999999998
2508.5,44.800000000000004,0.9850000000000001
2508.75,45.7,1.28
2509.0,44.3,1.146
2509.25,45.0,1.0830000000000002
2509.5,45.0,1.3399999999999999
2509.75,46.9,1.73
2510.0,46.900000000000006,1.447
2510.25,47.099999999999994,1.401
2510.5,45.900000000000006,0.872
2510.75,46.0,1.0799999999999998
2511.0,46.0,0.738
2511.25,44.9,0.7649999999999999
2511.5,45.0,0.30200000000000016
2511.75,44.7,0.29700000000000015
2512.0,44.1,0.1399999999999999
2512.25,45.2,0.2280000000000001
2512.5,44.5,0.1509999999999999
2512.75,42.6,0.07800000000000007
2513.0,42.2,0.44700000000000006
2513.25,42.4,0.727
2513.5,42.3,0.9179999999999998
2513.75,40.1,0.2500000000000001
2514.0,37.0,-1.4040000000000001
2514.25,33.97,-1.7056
2514.5,24.369999999999997,-0.633
2514.75,23.9,-0.819
2515.0,23.82,-0.48599999999999993
2515.25,23.86,-0.30799999999999994
2515.5,23.58,-0.38600000000000007
2515.75,23.58,-0.3259999999999999
2516.0,10.56,1.85
2516.25,9.2,2.11
2516.5,8.45,2.2
2516.75,8.49,2.16
2517.0,4.869999999999999,0.7989999999999999
2517.25,3.337,0.3195
2517.5,3.433,0.45899999999999996
2517.75,2.68,0.43499999999999994
2518.0,2.7649999999999997,0.6559999999999999
2518.25,2.515,0.339
2518.5,2.689,0.629
2518.75,2.552,0.4580000000000001
2519.0,2.653,0.561
2519.25,2.582,0.602
2519.5,2.606,0.616
2519.75,2.719,0.775
2520.0,2.5589999999999997,0.5564
2520.25,2.537,0.499
2520.5,2.457,0.3902
2520.75,2.57,0.538
2521.0,2.535,0.523
2521.25,2.561,0.647
2521.5,2.316,0.35500000000000004
2521.75,2.586,0.6439999999999999
2522.0,2.46,0.5214
2522.25,2.645,0.766
2522.5,2.573,0.6819999999999999
2522.75,2.593,0.712
2523.0,2.452,0.5271
2523.25,2.4250000000000003,0.45880000000000004
2523.5,2.394,0.3938
2523.75,2.442,0.44400000000000006
2524.0,2.5620000000000003,0.5672
2524.25,2.27,0.214
2524.5,2.511,0.479
2524.75,2.4539999999999997,0.43610000000000004
2525.0,2.535,0.532
2525.25,2.481,0.45899999999999996
2525.5,2.516,0.478
2525.75,2.396,0.22899999999999995
2526.0,2.447,0.32499999999999996
2526.25,2.261,0.21100000000000002
2526.5,5.8,0.467
2526.75,28.77,-3.0600000000000005
2527.0,31.759999999999998,-3.0
2527.25,33.83,-3.5100000000000002
2527.5,34.65,-3.37
2527.75,34.6,-3.45
2528.0,35.8,-3.6500000000000004
2528.25,35.1,-3.15
2528.5,35.1,-3.4600000000000004
2528.75,35.2,-3.2600000000000002
2529.0,35.4,-3.6
2529.25,37.0,-3.51
2529.5,39.0,-3.2399999999999998
2529.75,39.2,-3.3600000000000003
2530.0,38.7,-3.33
2530.25,37.8,-2.97
2530.5,38.0,-3.24
2530.75,38.3,-3.0700000000000003
2531.0,37.8,-3.12
2531.25,37.9,-3.28
2531.5,37.7,-3.24
2531.75,39.1,-2.91
2532.0,37.1,-2.83
2532.25,40.5,-0.9772999999999998
2532.5,39.9,-1.159
2532.75,39.8,-1.81
2533.0,38.1,-2.59828
2533.25,37.099999999999994,-2.95
2533.5,36.8,-2.74
2533.75,36.4,-2.82
2534.0,37.9,-2.97
2534.25,42.5,-2.2188999999999997
2534.5,42.5,-2.043
2534.75,41.7,-1.789
2535.0,42.0,-1.8660000000000003
2535.25,41.7,-1.8010000000000002
2535.5,41.7,-2.13
2535.75,42.4,-2.163
2536.0,43.5,-2.33
2536.25,41.8,-1.841
2536.5,39.6,-1.8209999999999997
2536.75,38.7,-1.6899999999999997
2537.0,39.0,-1.6070000000000002
2537.25,39.4,-1.395
2537.5,40.7,-1.396
2537.75,39.9,-1.4920000000000002
2538.0,39.1,-1.534
2538.25,36.900000000000006,-1.6830000000000003
2538.5,36.4,-1.5594999999999999
2538.75,35.67,-1.724
2539.0,32.41,-0.765
2539.25,32.019999999999996,-0.6329999999999999
2539.5,31.29,-0.8030000000000002
2539.75,30.830000000000002,-0.747
2540.0,13.82,2.27
2540.25,10.07,2.62
2540.5,9.84,2.7199999999999998
2540.75,7.35,1.8849999999999998
2541.0,3.287,0.641
2541.25,3.2279999999999998,0.598
2541.5,3.0050000000000003,0.347
2541.75,3.3350000000000004,0.45199999999999996
2542.0,3.0,0.035999999999999976
2542.25,3.205,0.35100000000000003
2542.5,3.103,0.25
2542.75,3.237,0.43599999999999994
2543.0,3.038,0.17099999999999999
2543.25,3.1050000000000004,0.2618
2543.5,3.218,0.3293
2543.75,3.2399999999999998,0.47
2544.0,3.326,0.5589999999999999
2544.25,3.2540000000000004,0.503
2544.5,3.134,0.3457
2544.75,3.0709999999999997,0.20899999999999996
2545.0,3.141,0.3163
2545.25,3.085,0.22700000000000004
2545.5,3.2220000000000004,0.402
2545.75,3.0,0.121
2546.0,3.182,0.295
2546.25,3.115,0.23451000000000002
2546.5,3.447,0.548
2546.75,3.106,0.2264
2547.0,3.282,0.461
2547.25,3.1300000000000003,0.253
2547.5,3.07,0.18775
2547.75,3.0300000000000002,0.125
2548.0,3.153,0.272
2548.25,3.13,0.2674
2548.5,3.096,0.21899999999999997
2548.75,3.242,0.384
2549.0,3.3040000000000003,0.477
2549.25,3.156,0.311
2549.5,3.17,0.29079999999999995
2549.75,3.144,0.382
2550.0,2.5620000000000003,0.15699999999999997
2550.25,2.396,0.3234
2550.5,7.930000000000001,0.966
2550.75,14.579999999999998,1.004
2551.0,19.41,0.01000000000000012
2551.25,26.630000000000003,-0.9939999999999999
2551.5,37.7,-2.79
2551.75,38.2,-2.25
2552.0,38.2,-2.1575
2552.25,37.400000000000006,-2.3676999999999997
2552.5,37.099999999999994,-2.487
2552.75,36.900000000000006,-2.7809999999999997
2553.0,37.4,-2.5711999999999997
2553.25,37.2,-2.5250000000000004
2553.5,37.6,-2.346
2553.75,37.5,-2.3553
2554.0,37.3,-2.092
2554.25,37.5,-2.2313
2554.5,37.8,-2.206
2554.75,37.7,-2.2156000000000002
2555.0,37.1,-1.983
2555.25,37.599999999999994,-2.134
2555.5,37.8,-2.053
2555.75,38.3,-2.1103
2556.0,37.4,-1.9159999999999997
2556.25,36.8,-2.0210000000000004
2556.5,37.4,-2.088
2556.75,37.2,-1.973
2557.0,37.5,-1.5469999999999997
2557.25,38.0,-1.51
2557.5,38.0,-2.2103
2557.75,37.400000000000006,-2.9400000000000004
2558.0,40.0,-1.8010000000000002
2558.25,39.400000000000006,-1.8359999999999999
2558.5,39.400000000000006,-1.7223
2558.75,38.1,-2.67
2559.0,40.400000000000006,-2.0086999999999997
2559.25,41.7,-1.3131
2559.5,39.1,-2.1586000000000003
2559.75,38.0,-2.213
2560.0,37.7,-2.23
2560.25,36.510000000000005,-2.85
2560.5,37.4,-2.0791
2560.75,36.85,-1.943
2561.0,37.5,-1.7968000000000002
2561.25,35.69,-1.8699999999999999
2561.5,35.3,-1.8279999999999998
2561.75,32.32,-1.457
2562.0,29.45,-1.068
2562.25,28.07,-1.288
2562.5,26.700000000000003,-1.5333999999999999
2562.75,22.16,-0.567
2563.0,22.36,-0.5740000000000001
2563.25,22.259999999999998,-0.09700000000000009
2563.5,19.67,-0.382
2563.75,18.119999999999997,0.0019999999999998908
2564.0,8.32,1.6280000000000001
2564.25,8.07,2.002
2564.5,6.45,1.548
2564.75,3.455,0.462
2565.0,3.713,0.512
2565.25,3.089,0.6759999999999999
2565.5,2.7030000000000003,0.628
2565.75,2.6239999999999997,0.5950000000000001
2566.0,2.654,0.6420000000000001
2566.25,2.513,0.44948
2566.5,2.5309999999999997,0.45099999999999996
2566.75,2.411,0.4719
2567.0,2.455,0.574
2567.25,2.4040000000000004,0.514
2567.5,2.594,0.734
2567.75,2.5679999999999996,0.6990000000000001
2568.0,2.684,0.8420000000000001
2568.25,2.441,0.527
2568.5,2.5060000000000002,0.578
2568.75,2.4779999999999998,0.46599999999999997
2569.0,2.5740000000000003,0.5646
2569.25,2.496,0.49829999999999997
2569.5,2.377,0.33540000000000003
2569.75,2.291,0.39899999999999997
2570.0,2.39,0.5167
2570.25,2.394,0.5489
2570.5,2.561,0.746
2570.75,2.4330000000000003,0.585
2571.0,2.348,0.478
2571.25,2.518,0.617
2571.5,2.4130000000000003,0.4640000000000001
2571.75,2.351,0.4716
2572.0,2.474,0.6314000000000001
2572.25,2.4050000000000002,0.5205
2572.5,2.412,0.5305000000000001
2572.75,2.3049999999999997,0.4291
2573.0,2.391,0.5299999999999999
2573.25,2.486,0.6599999999999999
2573.5,2.542,0.69
2573.75,2.423,0.572
2574.0,2.433,0.522
2574.25,2.4730000000000003,0.613
2574.5,2.192,0.385
2574.75,2.475,0.69
2575.0,2.17,0.392
2575.25,2.3920000000000003,0.643
2575.5,2.213,0.4552
2575.75,2.357,0.602
2576.0,2.272,0.5115000000000001
2576.25,2.4840000000000004,0.774
2576.5,2.235,0.47400000000000003
2576.75,2.319,0.602
2577.0,2.327,0.621
2577.25,2.29,0.5402
2577.5,2.284,0.5097
2577.75,2.257,0.48650000000000004
2578.0,2.346,0.5589999999999999
2578.25,2.299,0.4503
2578.5,2.33,0.533
2578.75,2.333,0.552
2579.0,2.48,0.764
2579.25,2.427,0.7240000000000001
2579.5,2.387,0.639
2579.75,2.262,0.496
2580.0,2.25,0.478
2580.25,2.2510000000000003,0.47238
2580.5,2.4850000000000003,0.756
2580.75,2.2399999999999998,0.47509999999999997
2581.0,2.281,0.498
2581.25,2.264,0.5073000000000001
2581.5,2.448,0.7020000000000001
2581.75,2.306,0.563
2582.0,2.3810000000000002,0.625
2582.25,2.169,0.402
2582.5,2.2840000000000003,0.521
2582.75,2.3440000000000003,0.6117
2583.0,2.4539999999999997,0.735
2583.25,2.24,0.4725
2583.5,2.211,0.40280000000000005
2583.75,2.235,0.43499999999999994
2584.0,2.2920000000000003,0.5065
2584.25,2.35,0.507
2584.5,2.247,0.3708
2584.75,2.411,0.6010000000000001
2585.0,2.349,0.5524
2585.25,2.455,0.6529999999999999
2585.5,2.355,0.63
2585.75,2.383,0.63
2586.0,2.257,0.516
2586.25,2.319,0.5345
2586.5,2.214,0.37260000000000004
2586.75,2.292,0.44159999999999994
2587.0,2.406,0.593
2587.25,2.3369999999999997,0.524
2587.5,2.363,0.5589999999999999
2587.75,2.2840000000000003,0.48000000000000004
2588.0,2.49,0.719
2588.25,2.3390000000000004,0.55
2588.5,2.31,0.527
2588.75,2.269,0.4625
2589.0,2.311,0.5353000000000001
2589.25,2.268,0.45399999999999996
2589.5,2.242,0.43679999999999997
2589.75,2.414,0.6683
2590.0,2.334,0.5609999999999999
2590.25,2.361,0.613
2590.5,2.344,0.646
2590.75,2.425,0.736
2591.0,2.547,0.887
2591.25,2.325,0.6041
2591.5,2.217,0.43479999999999996
2591.75,2.2190000000000003,0.40459999999999996
2592.0,2.444,0.626
2592.25,2.325,0.5757
2592.5,2.477,0.738
2592.75,2.354,0.589
2593.0,2.449,0.7030000000000001
2593.25,2.3770000000000002,0.627
2593.5,2.4290000000000003,0.682
2593.75,2.309,0.5403
2594.0,2.3840000000000003,0.638
2594.25,2.192,0.37593
2594.5,2.327,0.5645
2594.75,2.3259999999999996,0.5691999999999999
2595.0,2.3249999999999997,0.5286
2595.25,2.32,0.5509999999999999
2595.5,2.3920000000000003,0.669
2595.75,2.335,0.5740000000000001
2596.0,2.373,0.624
2596.25,2.365,0.613
2596.5,2.388,0.649
2596.75,2.3890000000000002,0.6699999999999999
2597.0,2.266,0.48640000000000005
2597.25,2.27,0.4814
2597.5,2.2969999999999997,0.4503
2597.75,2.368,0.602
2598.0,2.297,0.51318
2598.25,2.355,0.554
2598.5,2.261,0.386
2598.75,2.434,0.552
2599.0,2.286,0.4893
2599.25,2.549,0.804
2599.5,2.345,0.611
2599.75,2.394,0.61
2600.0,2.092,0.2769999999999999
2600.25,2.388,0.604
2600.5,2.385,0.5821999999999999
2600.75,2.36,0.5740999999999999
2601.0,2.136,0.31023000000000006
2601.25,2.249,0.42900000000000005
2601.5,2.366,0.5539999999999999
2601.75,2.355,0.5870000000000001
2602.0,2.4400000000000004,0.715
2602.25,2.258,0.399
2602.5,2.414,0.5650000000000001
2602.75,2.323,0.4604
2603.0,2.407,0.5429999999999999
2603.25,2.406,0.5573
2603.5,2.356,0.503
2603.75,2.302,0.43720000000000003
2604.0,2.278,0.41190000000000004
2604.25,2.345,0.493
2604.5,2.473,0.6679999999999999
2604.75,2.518,0.728
2605.0,2.421,0.593
2605.25,2.422,0.5980000000000001
2605.5,2.418,0.464
2605.75,2.365,0.5021
2606.0,2.544,0.7210000000000001
2606.25,2.34,0.4898
2606.5,2.322,0.46020000000000005
2606.75,2.2880000000000003,0.44210000000000005
2607.0,2.395,0.545
2607.25,2.489,0.704
2607.5,2.363,0.5149999999999999
2607.75,2.382,0.571
2608.0,2.44,0.624
2608.25,2.36,0.476
2608.5,2.441,0.5688000000000001
2608.75,2.3569999999999998,0.44519999999999993
2609.0,2.261,0.348
2609.25,2.2649999999999997,0.3177
2609.5,2.25,0.34340000000000004
2609.75,2.6959999999999997,0.595
2610.0,2.804,0.5409999999999999
2610.25,2.8409999999999997,0.666
2610.5,2.62,0.472
2610.75,2.648,0.487
2611.0,2.703,0.561
2611.25,2.5749999999999997,0.37779999999999997
2611.5,2.6100000000000003,0.3741
2611.75,2.62,0.44939999999999997
2612.0,2.6799999999999997,0.41179999999999994
2612.25,2.772,0.4927
2612.5,2.677,0.6007
2612.75,2.98,0.7290000000000001
2613.0,2.7630000000000003,0.762
2613.25,2.7270000000000003,0.663
2613.5,2.731,0.4067
2613.75,2.935,0.661
2614.0,2.6470000000000002,0.287
2614.25,2.813,0.492
2614.5,2.678,0.36933000000000005
2614.75,2.903,0.615
2615.0,2.7790000000000004,0.5401
2615.25,2.8100000000000005,0.567
2615.5,2.8679999999999994,0.582
2615.75,2.8360000000000003,0.575
2616.0,2.727,0.499
2616.25,2.8369999999999997,0.614
2616.5,2.8499999999999996,0.6169999999999999
2616.75,2.659,0.3643
2617.0,2.725,0.44000000000000006
2617.25,2.3810000000000002,0.36419999999999997
2617.5,2.454,0.45799999999999996
2617.75,2.4770000000000003,0.5401
2618.0,2.491,0.523
2618.25,2.5100000000000002,0.5509999999999999
2618.5,2.5300000000000002,0.568
2618.75,2.5660000000000003,0.624
2619.0,2.6420000000000003,0.647
2619.25,2.55,0.601
2619.5,2.584,0.6779999999999999
2619.75,2.4459999999999997,0.4747
2620.0,2.434,0.49129999999999996
2620.25,2.43,0.46599999999999997
2620.5,2.428,0.49318999999999996
2620.75,2.467,0.511
2621.0,2.53,0.632
2621.25,2.6,0.734
2621.5,2.5040000000000004,0.626
2621.75,2.6100000000000003,0.757
2622.0,2.576,0.5953
2622.25,2.478,0.565
2622.5,2.3009999999999997,0.48150000000000004
2622.75,2.288,0.46229999999999993
2623.0,2.261,0.3922999999999999
2623.25,2.343,0.5141
2623.5,2.388,0.581
2623.75,2.387,0.577
2624.0,2.514,0.759
2624.25,2.33,0.5189999999999999
2624.5,2.36,0.557
2624.75,2.41,0.5972
2625.0,2.263,0.4286
2625.25,2.346,0.51
2625.5,2.233,0.3943
2625.75,2.3680000000000003,0.5101
2626.0,2.282,0.4762
2626.25,2.532,0.738
2626.5,2.341,0.5589999999999999
2626.75,2.4890000000000003,0.739
2627.0,2.393,0.6299999999999999
2627.25,2.347,0.523
2627.5,2.21,0.35000000000000003
2627.75,2.3890000000000002,0.544
2628.0,2.329,0.488
2628.25,2.387,0.569
2628.5,2.2670000000000003,0.40219999999999995
2628.75,2.3770000000000002,0.539
2629.0,2.3329999999999997,0.491
2629.25,2.535,0.783
2629.5,2.393,0.607
2629.75,2.3320000000000003,0.512
2630.0,2.2350000000000003,0.36876
2630.25,2.392,0.589
2630.5,2.345,0.5053000000000001
2630.75,2.3209999999999997,0.47409999999999997
2631.0,2.238,0.36629
2631.25,2.431,0.569
2631.5,2.325,0.502
2631.75,2.468,0.666
2632.0,2.475,0.73
2632.25,2.4000000000000004,0.571
2632.5,2.251,0.3742
2632.75,2.284,0.383
2633.0,2.235,0.32420000000000004
2633.25,2.401,0.4975
2633.5,2.222,0.3318
2633.75,2.2910000000000004,0.375
2634.0,2.297,0.3746
2634.25,2.441,0.5599999999999999
2634.5,2.4539999999999997,0.605
2634.75,2.434,0.587
2635.0,2.224,0.30208999999999997
2635.25,2.341,0.442
2635.5,2.276,0.37099999999999994
2635.75,2.395,0.493
2636.0,2.258,0.35
2636.25,2.285,0.3946
2636.5,2.391,0.526
2636.75,2.4939999999999998,0.673
2637.0,2.346,0.5189999999999999
2637.25,2.509,0.7090000000000001
2637.5,2.376,0.5927
2637.75,2.351,0.49349999999999994
2638.0,2.2550000000000003,0.33959999999999996
2638.25,2.354,0.4255
2638.5,2.3770000000000002,0.549
2638.75,2.45,0.636
2639.0,2.361,0.5419999999999999
2639.25,2.488,0.658
2639.5,2.3680000000000003,0.5660000000000001
2639.75,2.416,0.621
2640.0,2.415,0.631
2640.25,2.4109999999999996,0.593
2640.5,2.269,0.42503
2640.75,2.398,0.5700000000000001
2641.0,2.308,0.4794
2641.25,2.395,0.557
2641.5,2.308,0.4691
2641.75,2.563,0.806
2642.0,2.384,0.5169999999999999
2642.25,2.403,0.603
2642.5,2.3810000000000002,0.5750000000000001
2642.75,2.428,0.6499999999999999
2643.0,2.3449999999999998,0.523
2643.25,2.34,0.5418000000000001
2643.5,2.326,0.474
2643.75,2.345,0.5363
2644.0,2.4730000000000003,0.683
2644.25,2.347,0.536
2644.5,2.4650000000000003,0.682
2644.75,2.295,0.48
2645.0,2.593,0.865
2645.25,2.334,0.514
2645.5,2.4379999999999997,0.653
2645.75,2.242,0.398
2646.0,2.4059999999999997,0.613
2646.25,2.356,0.42199999999999993
2646.5,2.349,0.46599999999999997
2646.75,2.443,0.623
2647.0,2.532,0.809
2647.25,2.428,0.689
2647.5,2.348,0.575
2647.75,2.273,0.4527
2648.0,2.356,0.5597
2648.25,2.415,0.661
2648.5,2.2960000000000003,0.4808
2648.75,2.269,0.4593
2649.0,2.3129999999999997,0.5124
2649.25,2.4560000000000004,0.717
2649.5,2.508,0.742
2649.75,2.427,0.6659999999999999
2650.0,2.363,0.581
2650.25,2.309,0.52
2650.5,2.305,0.5093000000000001
2650.75,2.3,0.5011
2651.0,2.373,0.599
2651.25,2.2960000000000003,0.48939999999999995
2651.5,2.274,0.46030000000000004
2651.75,2.409,0.6379999999999999
2652.0,2.4979999999999998,0.7739999999999999
2652.25,2.432,0.696
2652.5,2.351,0.5850000000000001
2652.75,2.387,0.629
2653.0,2.306,0.5166000000000001
2653.25,2.47,0.576
2653.5,2.311,0.5169999999999999
2653.75,2.4210000000000003,0.647
2654.0,2.359,0.531
2654.25,2.4370000000000003,0.648
2654.5,2.311,0.52
2654.75,2.6839999999999997,0.993
2655.0,2.329,0.554
2655.25,2.4290000000000003,0.637
2655.5,2.183,0.32899999999999996
2655.75,2.31,0.44359999999999994
2656.0,2.221,0.3705
2656.25,2.398,0.5461
2656.5,2.234,0.35040000000000004
2656.75,2.388,0.512
2657.0,2.354,0.4840000000000001
2657.25,2.38,0.52
2657.5,2.4779999999999998,0.652
2657.75,2.25,0.347
2658.0,2.3179999999999996,0.27790000000000004
2658.25,2.498,0.24880000000000002
2658.5,2.8899999999999997,0.36719999999999997
2658.75,2.796,0.35929999999999995
2659.0,2.8040000000000003,0.3781
2659.25,2.682,0.496
2659.5,2.754,0.545
2659.75,2.7,0.5229999999999999
2660.0,2.609,0.41779999999999995
2660.25,2.728,0.5780000000000001
2660.5,2.574,0.34479999999999994
2660.75,3.143,0.43599999999999994
2661.0,2.521,0.22462
2661.25,2.767,0.5790000000000001
2661.5,2.7720000000000002,0.33320000000000005
2661.75,2.834,0.40219999999999995
2662.0,2.812,0.381
2662.25,2.886,0.45699999999999996
2662.5,2.963,0.554
2662.75,2.838,0.439
2663.0,2.8579999999999997,0.4535
2663.25,2.665,0.133
2663.5,2.9179999999999997,0.45300000000000007
2663.75,2.657,0.15599999999999997
2664.0,2.973,0.3990000000000001
2664.25,2.6239999999999997,0.09299999999999997
2664.5,2.8899999999999997,0.37
2664.75,2.731,0.23369999999999996
2665.0,2.894,0.287
2665.25,2.714,0.2868
2665.5,2.638,0.452
2665.75,2.41,0.18070000000000003
2666.0,2.572,0.352
2666.25,2.4699999999999998,0.2671
2666.5,2.56,0.361
2666.75,2.466,0.25589999999999996
2667.0,2.569,0.41500000000000004
2667.25,2.504,0.383
2667.5,2.568,0.475
2667.75,2.526,0.43500000000000005
2668.0,2.415,0.2724
2668.25,2.4959999999999996,0.3611
2668.5,2.495,0.3722
2668.75,2.499,0.35640000000000005
2669.0,2.407,0.27088999999999996
2669.25,2.572,0.416
2669.5,2.467,0.33
2669.75,2.6189999999999998,0.48400000000000004
2670.0,2.546,0.4402
2670.25,2.665,0.485
2670.5,5.6,0.342
2670.75,10.790000000000001,0.062000000000000055
2671.0,15.01,-0.3089
2671.25,29.790000000000003,-2.42
2671.5,35.1,-3.6399999999999997
2671.75,34.7,-3.289
2672.0,34.2,-3.2800000000000002
2672.25,34.5,-2.8658
2672.5,35.0,-2.8499999999999996
2672.75,36.3,-2.7209000000000003
2673.0,35.3,-2.863
2673.25,35.5,-3.0981
2673.5,36.0,-3.002
2673.75,36.699999999999996,-2.8103999999999996
2674.0,36.6,-3.00063
2674.25,37.2,-2.8164000000000002
2674.5,36.599999999999994,-2.7656
2674.75,37.0,-2.66
2675.0,36.7,-2.769
2675.25,36.0,-2.845
2675.5,36.1,-2.687
2675.75,36.1,-2.6239999999999997
2676.0,35.8,-3.0650000000000004
2676.25,38.4,-2.153
2676.5,40.9,-1.878
2676.75,41.5,-1.374
2677.0,41.300000000000004,-1.5819999999999999
2677.25,41.6,-1.3020000000000005
2677.5,42.0,-1.619
2677.75,42.099999999999994,-1.74811
2678.0,42.099999999999994,-1.9050000000000002
2678.25,42.400000000000006,-1.9980000000000002
2678.5,41.6,-2.1180000000000003
2678.75,42.2,-1.909
2679.0,42.099999999999994,-2.2980000000000005
2679.25,41.9,-2.1350000000000002
2679.5,41.7,-2.104
2679.75,41.6,-2.3120000000000003
2680.0,41.8,-1.5553000000000001
2680.25,40.599999999999994,-1.9620000000000002
2680.5,40.8,-1.6297
2680.75,39.599999999999994,-2.0410000000000004
2681.0,39.300000000000004,-2.007
2681.25,38.5,-2.013
2681.5,38.1,-2.114
2681.75,38.2,-1.4396
2682.0,35.8,-1.7133
2682.25,34.8,-1.8854
2682.5,34.7,-1.9707999999999999
2682.75,34.230000000000004,-2.043
2683.0,31.0,-1.912
2683.25,28.869999999999997,-1.5679999999999998
2683.5,21.44,-0.31899999999999995
2683.75,16.38,0.67
2684.0,10.3,1.9500000000000002
2684.25,10.42,1.9900000000000002
2684.5,10.33,1.8290000000000002
2684.75,8.7,1.577
2685.0,3.3510000000000004,0.18610000000000002
2685.25,3.4979999999999998,0.35700000000000004
2685.5,3.2750000000000004,0.14499999999999996
2685.75,3.668,0.6019999999999999
2686.0,3.0829999999999997,0.29879999999999995
2686.25,2.793,0.34229999999999994
2686.5,2.6350000000000002,0.19499999999999995
2686.75,2.6479999999999997,0.277
2687.0,2.545,0.29350000000000004
2687.25,2.635,0.3583
2687.5,2.7430000000000003,0.53
2687.75,2.806,0.537
2688.0,2.747,0.442
2688.25,2.729,0.436
2688.5,2.707,0.468
2688.75,2.742,0.43500000000000005
2689.0,2.48,0.14200000000000002
2689.25,2.605,0.2902
2689.5,2.538,0.15500000000000003
2689.75,2.677,0.325
2690.0,2.566,0.20399999999999996
2690.25,2.73,0.372
2690.5,2.719,0.39699999999999996
2690.75,2.769,0.477
2691.0,2.7510000000000003,0.46799999999999997
2691.25,2.6109999999999998,0.1824
2691.5,2.6069999999999998,0.2123
2691.75,2.574,0.08700000000000002
2692.0,2.6639999999999997,0.22933000000000003
2692.25,2.67,0.2819999999999999
2692.5,2.624,0.22400000000000003
2692.75,2.541,0.13988
2693.0,2.715,0.33599999999999997
2693.25,2.5749999999999997,0.194
2693.5,2.794,0.43499999999999994
2693.75,2.576,0.19299999999999995
2694.0,2.6870000000000003,0.35200000000000004
2694.25,2.276,0.178
2694.5,7.720000000000001,0.36400000000000005
2694.75,13.63,0.356
2695.0,18.92,0.269
2695.25,26.48,-0.8600000000000001
2695.5,35.0,-1.7702
2695.75,34.4,-1.8331
2696.0,35.099999999999994,-1.7000000000000002
2696.25,34.4,-1.7919
2696.5,35.900000000000006,-1.9240000000000002
2696.75,35.6,-1.9936
2697.0,35.9,-2.0665
2697.25,36.2,-1.9062
2697.5,34.879999999999995,-3.3810000000000002
2697.75,37.3,-2.1500000000000004
2698.0,36.4,-1.585
2698.25,37.7,-0.676
2698.5,36.07,-2.978
2698.75,38.0,-0.8500000000000001
2699.0,38.0,-0.5879999999999999
2699.25,38.5,-0.585
2699.5,37.3,-1.9529999999999998
2699.75,38.5,-0.2789999999999999
2700.0,40.2,-0.11699999999999999
2700.25,41.4,0.523
2700.5,39.7,-0.7409999999999998
2700.75,40.7,0.608
2701.0,40.7,0.44499999999999995
2701.25,42.2,0.4059999999999999
2701.5,40.1,0.4179999999999999
2701.75,40.3,0.732
2702.0,38.2,-1.585
2702.25,40.0,-1.8866
2702.5,39.099999999999994,-2.0636
2702.75,39.3,-1.931
2703.0,39.5,-2.0566
2703.25,38.7,-1.918
2703.5,39.2,-2.1540000000000004
2703.75,38.8,-2.27
2704.0,38.9,-2.5200000000000005
2704.25,38.400000000000006,-2.189
2704.5,38.2,-2.0711
2704.75,38.0,-2.0968999999999998
2705.0,36.9,-2.0592
2705.25,36.0,-2.0820000000000003
2705.5,35.2,-1.6235
2705.75,35.1,-1.67
2706.0,34.2,-1.3969999999999998
2706.25,25.169999999999998,-0.4989999999999999
2706.5,23.57,-0.9561000000000001
2706.75,23.270000000000003,-1.0394999999999999
2707.0,22.169999999999998,-0.7449999999999999
2707.25,22.11,-0.726
2707.5,22.16,-0.46199999999999997
2707.75,15.33,0.581
2708.0,8.71,1.67
2708.25,8.04,1.7200000000000002
2708.5,8.11,1.84
2708.75,7.23,1.7100000000000002
2709.0,3.122,0.503
2709.25,2.969,0.26
2709.5,2.845,0.21350000000000005
2709.75,3.098,0.552
2710.0,2.851,0.35939999999999994
2710.25,3.258,0.537
2710.5,3.048,0.3176
2710.75,3.0949999999999998,0.35500000000000004
2711.0,3.0229999999999997,0.29000000000000004
2711.25,3.1590000000000003,0.48700000000000004
2711.5,2.9439999999999995,0.43400000000000005
2711.75,3.004,0.72
2712.0,2.907,0.554
2712.25,2.923,0.28800000000000003
2712.5,2.9,0.22450000000000003
2712.75,2.94,0.3151
2713.0,2.886,0.265
2713.25,3.0620000000000003,0.44199999999999995
2713.5,2.8689999999999998,0.2637
2713.75,2.8009999999999997,0.423
2714.0,2.8000000000000003,0.45099999999999996
2714.25,2.753,0.371
2714.5,2.7929999999999997,0.45799999999999996
2714.75,2.907,0.5489999999999999
2715.0,2.735,0.35749999999999993
2715.25,2.81,0.4179999999999999
2715.5,2.659,0.2629
2715.75,2.776,0.386
2716.0,2.7349999999999994,0.35200000000000004
2716.25,2.945,0.46299999999999997
2716.5,2.722,0.336
2716.75,2.9640000000000004,0.637
2717.0,2.776,0.43999999999999995
2717.25,2.82,0.441
2717.5,2.62,0.22990000000000005
2717.75,2.856,0.552
2718.0,2.606,0.2163
2718.25,2.7680000000000002,0.454
2718.5,4.85,0.32500000000000007
2718.75,12.84,0.675
2719.0,16.910000000000004,-0.062000000000000166
2719.25,21.8,-0.44599999999999995
2719.5,34.3,-2.403
2719.75,34.7,-2.31
2720.0,34.9,-2.3
2720.25,35.4,-2.306
2720.5,35.4,-2.55
2720.75,36.5,-2.23
2721.0,37.0,-2.59
2721.25,37.8,-2.6000000000000005
2721.5,38.2,-2.62
2721.75,38.5,-2.2630000000000003
2722.0,37.900000000000006,-2.3400000000000003
2722.25,37.4,-2.432
2722.5,37.400000000000006,-2.42
2722.75,38.0,-2.54
2723.0,37.400000000000006,-2.64
2723.25,37.1,-2.62
2723.5,38.1,-2.69
2723.75,37.9,-2.43222
2724.0,37.7,-2.1899
2724.25,37.1,-2.3800000000000003
2724.5,36.3,-2.8841
2724.75,37.0,-2.1963999999999997
2725.0,37.7,-2.2415000000000003
2725.25,37.2,-2.47
2725.5,39.599999999999994,-2.54
2725.75,39.6,-2.721
2726.0,39.2,-2.2971
2726.25,38.9,-2.483
2726.5,39.3,-2.58
2726.75,38.3,-2.5700000000000003
2727.0,40.3,-0.9170000000000001
2727.25,40.3,-1.036
2727.5,38.4,-1.4
2727.75,38.7,-1.648
2728.0,37.1,-2.5500000000000003
2728.25,37.2,-2.68
2728.5,36.7,-2.558
2728.75,37.099999999999994,-2.7900000000000005
2729.0,37.1,-3.0
2729.25,36.5,-2.585
2729.5,35.4,-2.53
2729.75,34.8,-2.363
2730.0,34.0,-2.2752
2730.25,33.9,-2.42
2730.5,34.3,-2.5500000000000003
2730.75,32.68,-2.048
2731.0,32.4,-2.2014
2731.25,32.18,-1.7100000000000002
2731.5,30.82,-1.63
2731.75,17.12,0.10299999999999998
2732.0,8.18,1.92
2732.25,7.6,2.0999999999999996
2732.5,7.51,2.3
2732.75,5.61,1.009
2733.0,3.3760000000000003,0.403
2733.25,3.418,0.19699999999999995
2733.5,3.381,0.491
2733.75,3.24,0.1931
2734.0,3.347,0.401
2734.25,3.197,0.2738
2734.5,3.21,0.25
2734.75,3.085,0.12394
2735.0,3.2079999999999997,0.309
2735.25,3.0940000000000003,0.216
2735.5,3.401,0.5559999999999999
2735.75,3.191,0.31699999999999995
2736.0,3.247,0.386
2736.25,3.105,0.24000000000000002
2736.5,3.193,0.278
2736.75,3.0940000000000003,0.22069999999999995
2737.0,3.378,0.608
2737.25,3.1050000000000004,0.237
2737.5,3.1819999999999995,0.29760000000000003
2737.75,3.0970000000000004,0.21499999999999997
2738.0,3.165,0.24399999999999994
2738.25,3.176,0.267
2738.5,3.255,0.37
2738.75,3.1430000000000002,0.252
2739.0,3.142,0.22899999999999995
2739.25,3.066,0.14900000000000002
2739.5,3.227,0.337
2739.75,3.225,0.33830000000000005
2740.0,3.198,0.305
2740.25,3.101,0.18600000000000005
2740.5,3.151,0.227
2740.75,3.144,0.22699999999999998
2741.0,3.2059999999999995,0.325
2741.25,3.2439999999999998,0.372
2741.5,3.1390000000000002,0.254
2741.75,3.166,0.284
2742.0,3.059,0.11060000000000003
2742.25,2.594,0.26699999999999996
2742.5,6.91,1.0010000000000001
2742.75,11.120000000000001,1.211
2743.0,16.47,0.07599999999999996
2743.25,28.8,-1.4689999999999999
2743.5,33.0,-2.23
2743.75,35.4,-2.165
2744.0,33.8,-2.2110000000000003
2744.25,34.7,-2.238
2744.5,35.099999999999994,-2.102
2744.75,35.2,-2.142
2745.0,35.8,-2.289
2745.25,36.4,-2.25
2745.5,37.2,-2.261
2745.75,36.5,-2.36
2746.0,36.5,-2.121
2746.25,36.5,-2.274
2746.5,37.4,-2.292
2746.75,38.4,-2.292
2747.0,37.7,-2.365
2747.25,36.4,-2.5
2747.5,36.5,-2.4200000000000004
2747.75,36.2,-2.306
2748.0,36.5,-2.0185999999999997
2748.25,37.2,-1.999
2748.5,37.4,-2.2
2748.75,36.699999999999996,-1.8900000000000001
2749.0,36.3,-1.892
2749.25,36.1,-1.93338
2749.5,36.0,-2.183
2749.75,35.800000000000004,-2.2258
2750.0,36.400000000000006,-2.3689999999999998
2750.25,36.400000000000006,-2.57
2750.5,36.6,-2.64
2750.75,36.1,-2.74
2751.0,37.6,-2.2191
2751.25,35.9,-2.56
2751.5,35.7,-2.2140000000000004
2751.75,37.599999999999994,-2.0959999999999996
2752.0,37.3,-2.1635
2752.25,37.7,-2.21
2752.5,38.8,-2.4859999999999998
2752.75,39.2,-2.6616000000000004
2753.0,38.8,-2.4654
2753.25,37.3,-2.2666999999999997
2753.5,36.5,-2.1961999999999997
2753.75,36.5,-1.901
2754.0,34.7,-1.607
2754.25,31.799999999999997,-1.099
2754.5,32.1,-1.6174
2754.75,30.799999999999997,-1.207
2755.0,30.41,-1.153
2755.25,30.8,-0.9910000000000001
2755.5,24.3,0.11499999999999999
2755.75,15.04,1.8199999999999998
2756.0,10.99,2.42
2756.25,9.98,2.45
2756.5,7.31,2.0999999999999996
2756.75,5.467,1.059
2757.0,3.2150000000000003,0.7
2757.25,3.193,0.647
2757.5,3.1019999999999994,0.516
2757.75,3.141,0.559
2758.0,3.056,0.492
2758.25,2.9130000000000003,0.425
2758.5,3.0109999999999997,0.386
2758.75,3.192,0.515
2759.0,3.141,0.4789999999999999
2759.25,2.9219999999999997,0.442
2759.5,2.8040000000000003,0.38
2759.75,2.881,0.46299999999999997
2760.0,2.9389999999999996,0.5700000000000001
2760.25,3.0100000000000002,0.635
2760.5,2.86,0.457
2760.75,2.936,0.5349999999999999
2761.0,2.848,0.45100000000000007
2761.25,2.8869999999999996,0.5309999999999999
2761.5,2.492,0.35
2761.75,2.798,0.5900000000000001
2762.0,2.585,0.44599999999999995
2762.25,2.717,0.6100000000000001
2762.5,2.582,0.464
2762.75,2.847,0.797
2763.0,2.559,0.448
2763.25,2.8659999999999997,0.844
2763.5,2.649,0.566
2763.75,2.663,0.576
2764.0,2.504,0.3693
2764.25,2.704,0.5780000000000001
2764.5,2.5730000000000004,0.45
2764.75,2.716,0.6199999999999999
2765.0,2.572,0.47
2765.25,2.607,0.504
2765.5,2.769,0.758
2765.75,2.593,0.488
2766.0,2.7720000000000002,0.7859999999999999
2766.25,2.5170000000000003,0.533
2766.5,2.5669999999999997,0.614
2766.75,2.546,0.28049999999999997
2767.0,3.082,0.46399999999999997
2767.25,3.341,0.40559999999999996
2767.5,3.582,0.647
2767.75,2.824,0.32599999999999996
2768.0,3.2640000000000002,0.42500000000000004
2768.25,3.346,0.566
2768.5,3.351,0.543
2768.75,3.4879999999999995,0.649
2769.0,3.4890000000000003,0.535
2769.25,3.408,0.508
2769.5,3.3499999999999996,0.46
2769.75,4.08,0.37900000000000006
2770.0,3.4549999999999996,0.23099999999999998
2770.25,3.729,0.659
2770.5,3.5199999999999996,0.354
2770.75,3.723,0.529
2771.0,3.67,0.42400000000000004
2771.25,3.749,0.499
2771.5,3.706,0.511
2771.75,3.705,0.546
2772.0,3.538,0.319
2772.25,3.6020000000000003,0.348
2772.5,3.505,0.197
2772.75,3.691,0.379
2773.0,6.82,1.926
2773.25,8.809999999999999,2.91
2773.5,9.17,3.1100000000000003
2773.75,9.280000000000001,3.11
2774.0,7.78,2.0490000000000004
2774.25,8.33,1.795
2774.5,8.55,2.255
2774.75,8.73,2.53
2775.0,7.77,1.9020000000000001
2775.25,8.620000000000001,2.4000000000000004
2775.5,8.0,1.596
2775.75,8.8,2.349
2776.0,8.99,2.4899999999999998
2776.25,8.96,2.4899999999999998
2776.5,9.04,2.5
2776.75,9.42,2.45
2777.0,8.940000000000001,2.37
2777.25,8.940000000000001,2.3200000000000003
2777.5,9.41,2.065
2777.75,7.02,1.245
2778.0,2.919,0.354
2778.25,2.732,0.29500000000000004
2778.5,2.564,0.512
2778.75,2.465,0.5960000000000001
2779.0,2.506,0.663
2779.25,2.453,0.64
2779.5,2.604,0.805
2779.75,2.4709999999999996,0.511
2780.0,2.586,0.7649999999999999
2780.25,2.375,0.507
2780.5,2.417,0.5569999999999999
2780.75,2.3680000000000003,0.492
2781.0,2.506,0.683
2781.25,2.403,0.5359999999999999
2781.5,2.5909999999999997,0.8099999999999999
2781.75,2.408,0.5529999999999999
2782.0,2.5069999999999997,0.687
2782.25,2.456,0.597
2782.5,2.418,0.6040000000000001
2782.75,2.452,0.617
2783.0,2.4939999999999998,0.7
2783.25,2.422,0.558
2783.5,2.436,0.619
2783.75,2.4579999999999997,0.594
2784.0,2.333,0.4308
2784.25,2.481,0.6080000000000001
2784.5,2.3550000000000004,0.45710000000000006
2784.75,2.5220000000000002,0.639
2785.0,2.376,0.503
2785.25,2.4879999999999995,0.66
2785.5,2.393,0.547
2785.75,2.621,0.7889999999999999
2786.0,2.417,0.5664
2786.25,2.503,0.642
2786.5,2.252,0.35440000000000005
2786.75,2.415,0.5409999999999999
2787.0,2.347,0.47339999999999993
2787.25,2.492,0.656
2787.5,2.301,0.4153
2787.75,2.62,0.7839999999999999
2788.0,2.3609999999999998,0.492
2788.25,2.4979999999999998,0.652
2788.5,2.4880000000000004,0.648
2788.75,2.526,0.7190000000000001
2789.0,2.323,0.446
2789.25,2.404,0.531
2789.5,2.406,0.536
2789.75,2.39,0.5025999999999999
2790.0,2.478,0.609
2790.25,2.338,0.41590000000000005
2790.5,2.528,0.673
2790.75,2.519,0.447
2791.0,2.6420000000000003,0.589
2791.25,2.597,0.5599999999999999
2791.5,2.8120000000000003,0.829
2791.75,2.491,0.41129999999999994
2792.0,2.616,0.5529999999999999
2792.25,2.446,0.3271
2792.5,2.586,0.442
2792.75,2.604,0.485
2793.0,2.609,0.5159999999999999
2793.25,2.493,0.355
2793.5,2.608,0.519
2793.75,2.6449999999999996,0.543
2794.0,2.63,0.538
2794.25,2.6820000000000004,0.5870000000000001
2794.5,2.484,0.32999999999999996
2794.75,2.55,0.38
2795.0,2.906,0.36419999999999997
2795.25,2.542,0.388
2795.5,2.495,0.3221
2795.75,2.6580000000000004,0.5650000000000001
2796.0,2.463,0.24
2796.25,2.656,0.41500000000000004
2796.5,2.6390000000000002,0.459
2796.75,2.723,0.621
2797.0,2.6470000000000002,0.5349999999999999
2797.25,2.619,0.5449999999999999
2797.5,2.51,0.36700000000000005
2797.75,2.5839999999999996,0.47500000000000003
2798.0,2.454,0.379
2798.25,2.4539999999999997,0.39
2798.5,2.583,0.55
2798.75,2.347,0.264
2799.0,2.541,0.479
2799.25,3.338,0.38239999999999996
2799.5,4.2490000000000006,0.3782
2799.75,4.303,0.247
2800.0,4.281000000000001,0.33430000000000004
2800.25,4.082,0.04999999999999999
2800.5,4.197,0.22399999999999998
2800.75,4.048,0.034999999999999976
2801.0,4.210999999999999,0.15299999999999997
2801.25,2.695,0.40040000000000003
2801.5,2.516,0.476
2801.75,2.512,0.49910000000000004
2802.0,2.7190000000000003,0.576
2802.25,2.633,0.492
2802.5,2.629,0.472
2802.75,2.647,0.516
2803.0,2.558,0.40900000000000003
2803.25,2.628,0.46099999999999997
2803.5,2.4730000000000003,0.364
2803.75,2.604,0.575
2804.0,2.62,0.604
2804.25,2.638,0.625
2804.5,2.381,0.31930000000000003
2804.75,2.4579999999999997,0.42700000000000005
2805.0,2.734,0.28759999999999997
2805.25,2.6710000000000003,0.5700000000000001
2805.5,2.5170000000000003,0.492
2805.75,2.581,0.618
2806.0,2.539,0.5539999999999999
2806.25,2.787,0.536
2806.5,2.7180000000000004,0.356
2806.75,2.825,0.44399999999999995
2807.0,2.8709999999999996,0.5379999999999999
2807.25,2.7350000000000003,0.386
2807.5,2.635,0.386
2807.75,2.625,0.327
2808.0,2.7649999999999997,0.497
2808.25,2.8259999999999996,0.5800000000000001
2808.5,2.824,0.673
2808.75,2.694,0.5
2809.0,2.589,0.45499999999999996
2809.25,2.443,0.41100000000000003
2809.5,2.496,0.461
2809.75,2.51,0.48300000000000004
2810.0,2.591,0.593
2810.25,2.52,0.46900000000000003
2810.5,2.47,0.31899999999999995
2810.75,2.579,0.494
2811.0,2.575,0.579
2811.25,2.6879999999999997,0.694
2811.5,2.567,0.58
2811.75,2.596,0.594
2812.0,2.387,0.33519999999999994
2812.25,2.564,0.5469999999999999
2812.5,2.446,0.42800000000000005
2812.75,2.62,0.609
2813.0,2.456,0.4337000000000001
2813.25,2.462,0.40800000000000003
2813.5,2.523,0.494
2813.75,2.53,0.562
2814.0,2.4899999999999998,0.45299999999999996
2814.25,2.449,0.515
2814.5,6.36,1.208
2814.75,9.99,1.103
2815.0,14.88,0.48
2815.25,30.36,-1.469
2815.5,35.9,-2.252
2815.75,34.599999999999994,-2.4699999999999998
2816.0,36.2,-2.1069
2816.25,37.6,-2.39
2816.5,37.6,-2.157
2816.75,37.7,-2.3800000000000003
2817.0,38.8,-1.95293
2817.25,37.900000000000006,-2.0913
2817.5,39.099999999999994,-2.037
2817.75,38.6,-2.324
2818.0,39.4,-1.9277499999999999
2818.25,38.9,-2.66
2818.5,38.8,-3.31
2818.75,36.9,-4.11
2819.0,38.9,-3.1550000000000002
2819.25,39.400000000000006,-2.96
2819.5,38.3,-2.715
2819.75,36.8,-3.5900000000000003
2820.0,37.4,-3.79
2820.25,36.2,-2.99
2820.5,35.260000000000005,-2.921
2820.75,34.44,-3.79
2821.0,34.19,-3.5300000000000002
2821.25,33.97,-2.9675000000000002
2821.5,36.3,-2.8297000000000003
2821.75,37.2,-3.37
2822.0,37.5,-3.39
2822.25,37.3,-2.814
2822.5,36.67,-3.06
2822.75,37.0,-3.24
2823.0,35.19,-4.15
2823.25,35.6,-3.2199999999999998
2823.5,35.7,-3.44
2823.75,35.9,-3.259512
2824.0,35.3,-4.13
2824.25,35.8,-3.3499999999999996
2824.5,35.6,-3.0799999999999996
2824.75,34.599999999999994,-3.04
2825.0,34.19,-3.4
2825.25,32.94,-3.2199999999999998
2825.5,31.78,-3.16
2825.75,31.78,-2.9713000000000003
2826.0,31.75,-2.657
2826.25,32.32,-2.9024
2826.5,32.2,-2.8924000000000003
2826.75,30.67,-2.599
2827.0,27.79,-2.136
2827.25,25.349999999999998,-1.4729999999999999
2827.5,21.71,-1.246
2827.75,13.23,-0.441
2828.0,8.58,0.637
2828.25,7.5600000000000005,0.5369999999999999
2828.5,7.65,0.8290000000000001
2828.75,6.739,0.589
2829.0,4.617,0.22999999999999998
2829.25,4.008,0.35600000000000004
2829.5,3.985,0.371
2829.75,3.795,0.1699
2830.0,3.774,0.15819999999999995
2830.25,3.7339999999999995,0.1271
2830.5,3.775,0.19740000000000008
2830.75,3.8039999999999994,0.11349999999999999
2831.0,3.686,0.10059999999999997
2831.25,3.7359999999999998,0.24000000000000002
2831.5,3.811,0.36
2831.75,3.936,0.515
2832.0,3.698,0.20290000000000008
2832.25,3.812,0.322
2832.5,3.664,0.1632
2832.75,3.64,0.1129
2833.0,3.5909999999999997,0.02200000000000002
2833.25,3.797,0.25789999999999996
2833.5,3.7929999999999997,0.1598
2833.75,3.6609999999999996,0.139
2834.0,3.7899999999999996,0.269
2834.25,3.625,0.11409999999999998
2834.5,3.8629999999999995,0.35
2834.75,3.6289999999999996,0.10499999999999998
2835.0,3.721,0.179
2835.25,3.558,-0.0010000000000000009
2835.5,3.7760000000000002,0.29499999999999993
2835.75,3.62,0.08410000000000001
2836.0,3.709,0.18910000000000005
2836.25,3.814,0.30299999999999994
2836.5,3.7199999999999998,0.2
2836.75,3.7479999999999998,0.239
2837.0,3.646,0.1396
2837.25,3.736,0.22199999999999998
2837.5,3.6240000000000006,0.08600000000000002
2837.75,3.7649999999999997,0.21819999999999995
2838.0,3.5119999999999996,0.06636999999999998
2838.25,3.004,0.13829999999999998
2838.5,3.0260000000000002,0.1479
2838.75,3.105,0.26
2839.0,3.243,0.45
2839.25,3.2199999999999998,0.455
2839.5,10.899999999999999,-0.736
2839.75,34.6,-3.9000000000000004
2840.0,34.2,-3.84
2840.25,33.9,-3.8
2840.5,34.8,-3.5500000000000003
2840.75,38.2,-2.7019999999999995
2841.0,39.7,-2.6050000000000004
2841.25,39.3,-2.6130000000000004
2841.5,38.7,-2.8240000000000003
2841.75,38.0,-3.5300000000000002
2842.0,38.8,-2.8640000000000003
2842.25,39.0,-2.967
2842.5,39.4,-3.66
2842.75,37.6,-3.383
2843.0,38.699999999999996,-3.0260000000000002
2843.25,38.3,-3.37
2843.5,38.5,-3.351
2843.75,38.3,-3.1697
2844.0,38.1,-3.5500000000000003
2844.25,36.8,-3.9400000000000004
2844.5,37.0,-3.3390000000000004
2844.75,36.400000000000006,-3.3379999999999996
2845.0,35.9,-3.66
2845.25,35.8,-3.8099999999999996
2845.5,37.0,-3.4400000000000004
2845.75,36.8,-3.5599999999999996
2846.0,36.8,-3.6400000000000006
2846.25,36.7,-3.9000000000000004
2846.5,37.7,-3.2590000000000003
2846.75,37.3,-3.65
2847.0,36.9,-4.2
2847.25,36.900000000000006,-3.7800000000000002
2847.5,37.300000000000004,-3.54
2847.75,37.1,-3.67
2848.0,35.8,-4.46
2848.25,36.099999999999994,-3.91
2848.5,35.5,-3.6700000000000004
2848.75,35.7,-3.5100000000000002
2849.0,35.199999999999996,-3.3600000000000003
2849.25,35.3,-3.1330000000000005
2849.5,35.2,-3.185
2849.75,33.7,-3.75
2850.0,34.09,-3.09
2850.25,26.089999999999996,-1.632
2850.5,24.090000000000003,-1.287
2850.75,23.48,-1.4389999999999998
2851.0,22.36,-1.811
2851.25,22.38,-0.8029999999999998
2851.5,21.43,-0.8409999999999999
2851.75,12.82,-0.10899999999999999
2852.0,7.87,0.7120000000000001
2852.25,8.59,1.514
2852.5,8.0,1.3797
2852.75,7.17,0.5459999999999999
2853.0,3.5679999999999996,0.23419999999999996
2853.25,3.3970000000000002,0.399
2853.5,3.4630000000000005,0.29499999999999993
2853.75,3.446,0.382
2854.0,3.301,0.486
2854.25,3.3890000000000002,0.654
2854.5,3.322,0.557
2854.75,3.066,0.3402
2855.0,3.1270000000000002,0.405
2855.25,2.966,0.23660000000000003
2855.5,3.183,0.5049999999999999
2855.75,3.809,0.19640000000000002
2856.0,3.173,0.5640000000000001
2856.25,3.259,0.695
2856.5,3.023,0.528
2856.75,3.046,0.5990000000000001
2857.0,3.0140000000000002,0.572
2857.25,3.051,0.592
2857.5,2.825,0.2684
2857.75,3.003,0.47500000000000003
2858.0,2.8440000000000003,0.32059999999999994
2858.25,2.903,0.468
2858.5,2.6310000000000002,0.467
2858.75,2.626,0.454
2859.0,2.6239999999999997,0.481
2859.25,2.703,0.5469999999999999
2859.5,2.619,0.468
2859.75,2.507,0.30200000000000005
2860.0,2.602,0.43999999999999995
2860.25,2.6149999999999998,0.381
2860.5,2.621,0.367
2860.75,2.653,0.49
2861.0,2.617,0.45699999999999996
2861.25,2.6350000000000002,0.482
2861.5,2.685,0.514
2861.75,2.617,0.47700000000000004
2862.0,2.657,0.45000000000000007
2862.25,2.472,0.2929
2862.5,2.497,0.325
2862.75,3.421,0.14700000000000002
2863.0,7.51,-0.239
2863.25,13.7,-1.0026000000000002
2863.5,29.299999999999997,-3.5999999999999996
2863.75,30.63,-3.36
2864.0,30.45,-3.4
2864.25,31.32,-3.41
2864.5,30.61,-4.04
2864.75,31.32,-3.9000000000000004
2865.0,30.950000000000003,-3.9800000000000004
2865.25,32.28,-4.19
2865.5,32.4,-4.13
2865.75,31.520000000000003,-4.03
2866.0,31.880000000000003,-3.81
2866.25,31.84,-4.06
2866.5,31.990000000000002,-3.8200000000000003
2866.75,31.65,-4.11
2867.0,31.78,-4.15
2867.25,32.69,-4.0200000000000005
2867.5,32.79,-3.89
2867.75,34.3,-3.96
2868.0,32.83,-3.77
2868.25,32.85,-4.03
2868.5,31.92,-3.93
2868.75,32.04,-3.91
2869.0,32.91,-3.8200000000000003
2869.25,32.47,-3.73
2869.5,31.68,-3.55
2869.75,32.93,-4.01
2870.0,33.5,-3.91
2870.25,33.71,-4.029999999999999
2870.5,33.66,-3.79
2870.75,34.730000000000004,-3.98
2871.0,34.92,-3.73
2871.25,33.9,-3.83
2871.5,32.3,-3.82
2871.75,30.99,-4.05
2872.0,30.919999999999998,-3.79
2872.25,31.93,-3.71
2872.5,31.669999999999998,-3.39
2872.75,30.939999999999998,-3.67
2873.0,30.160000000000004,-3.55
2873.25,28.689999999999998,-4.0
2873.5,27.72,-3.7900000000000005
2873.75,28.37,-3.79
2874.0,28.740000000000002,-3.41
2874.25,27.88,-3.34
2874.5,27.380000000000003,-3.1599999999999997
2874.75,26.93,-3.51
2875.0,26.52,-3.3
2875.25,25.019999999999996,-3.3600000000000003
2875.5,24.590000000000003,-3.25
2875.75,22.409999999999997,-3.16
2876.0,8.0,-0.3788000000000001
2876.25,4.7700000000000005,0.238
2876.5,4.66,0.16599999999999998
2876.75,4.004,0.349
2877.0,3.435,0.402
2877.25,3.4109999999999996,0.346
2877.5,3.177,0.311
2877.75,3.096,0.434
2878.0,2.941,0.26739999999999997
2878.25,3.153,0.49300000000000005
2878.5,3.0890000000000004,0.433
2878.75,3.2239999999999998,0.579
2879.0,3.013,0.41400000000000003
2879.25,3.1069999999999998,0.516
2879.5,2.968,0.404
2879.75,3.0690000000000004,0.487
2880.0,3.051,0.388
2880.25,3.0050000000000003,0.4121
2880.5,3.034,0.455
2880.75,2.992,0.441
2881.0,3.154,0.601
2881.25,3.077,0.561
2881.5,2.969,0.39999999999999997
2881.75,3.056,0.524
2882.0,2.899,0.291
2882.25,2.9720000000000004,0.377
2882.5,2.934,0.34567000000000003
2882.75,3.085,0.515
2883.0,2.818,0.21789999999999998
2883.25,3.0989999999999998,0.5619999999999999
2883.5,3.045,0.5129999999999999
2883.75,3.026,0.48
2884.0,3.0380000000000003,0.495
2884.25,3.0349999999999997,0.509
2884.5,2.997,0.40800000000000003
2884.75,2.8609999999999998,0.269345
2885.0,3.0760000000000005,0.53
2885.25,2.933,0.36500000000000005
2885.5,3.013,0.41800000000000004
2885.75,2.972,0.38650000000000007
2886.0,3.1159999999999997,0.44399999999999995
2886.25,2.718,0.537
2886.5,2.356,0.397
2886.75,2.624,0.716
2887.0,2.4010000000000002,0.4704
2887.25,2.6189999999999998,0.5650000000000001
2887.5,2.414,0.41779999999999995
2887.75,2.4859999999999998,0.5429999999999999
2888.0,2.359,0.3794
2888.25,2.34,0.3741
2888.5,2.547,0.599
2888.75,2.54,0.61
2889.0,2.7159999999999997,0.756
2889.25,2.5140000000000002,0.39399999999999996
2889.5,2.644,0.5389999999999999
2889.75,2.557,0.41580000000000006
2890.0,2.674,0.47740000000000005
2890.25,2.7860000000000005,0.562
2890.5,2.822,0.6930000000000001
2890.75,2.704,0.522
2891.0,2.689,0.523
2891.25,2.7249999999999996,0.5529999999999999
2891.5,2.699,0.5579999999999999
2891.75,2.63,0.46799999999999997
2892.0,2.766,0.628
2892.25,2.5730000000000004,0.38439999999999996
2892.5,2.6210000000000004,0.549
2892.75,2.423,0.4866
2893.0,2.4979999999999998,0.548
2893.25,2.38,0.41300000000000003
2893.5,2.594,0.641
2893.75,2.533,0.593
2894.0,2.4779999999999998,0.528
2894.25,2.518,0.5720000000000001
2894.5,2.437,0.42100000000000004
2894.75,2.495,0.49300000000000005
2895.0,2.471,0.48529999999999995
2895.25,2.473,0.48200000000000004
2895.5,2.4139999999999997,0.435
2895.75,2.4619999999999997,0.449
2896.0,2.456,0.474
2896.25,2.52,0.519
2896.5,2.51,0.538
2896.75,2.437,0.41800000000000004
2897.0,2.466,0.437
2897.25,2.359,0.31010000000000004
2897.5,2.567,0.603
2897.75,2.45,0.45230000000000004
2898.0,2.441,0.37
2898.25,2.5120000000000005,0.3926
2898.5,2.569,0.382
2898.75,2.6820000000000004,0.6
2899.0,2.5060000000000002,0.498
2899.25,2.721,0.696
2899.5,2.507,0.47400000000000003
2899.75,2.718,0.773
2900.0,2.4850000000000003,0.4889
2900.25,2.623,0.665
2900.5,2.527,0.474
2900.75,3.08,0.603
2901.0,2.6079999999999997,0.525
2901.25,2.67,0.551
2901.5,2.8970000000000002,0.611
2901.75,2.831,0.47
2902.0,2.88,0.54
2902.25,2.7590000000000003,0.36040000000000005
2902.5,2.8080000000000003,0.412
2902.75,2.71,0.313
2903.0,2.8,0.408
2903.25,2.8120000000000003,0.34500000000000003
2903.5,2.863,0.374
2903.75,2.997,0.6629999999999999
2904.0,2.814,0.454
2904.25,2.9210000000000003,0.5569999999999999
2904.5,2.786,0.434
2904.75,2.728,0.43300000000000005
2905.0,2.523,0.376
2905.25,2.624,0.467
2905.5,2.592,0.454
2905.75,2.51,0.352
2906.0,2.665,0.5599999999999999
2906.25,2.674,0.589
2906.5,2.7430000000000003,0.659
2906.75,2.693,0.605
2907.0,2.663,0.575
2907.25,2.54,0.389
2907.5,2.601,0.41200000000000003
2907.75,2.572,0.32599999999999996
2908.0,2.644,0.49000000000000005
2908.25,2.6950000000000003,0.586
2908.5,2.6530000000000005,0.5499999999999999
2908.75,2.567,0.40900000000000003
2909.0,2.69,0.592
2909.25,2.667,0.508
2909.5,2.705,0.619
2909.75,2.759,0.618
2910.0,2.645,0.44
2910.25,2.513,0.33799999999999997
2910.5,2.377,0.25680000000000003
2910.75,2.555,0.472
2911.0,2.393,0.26089999999999997
2911.25,2.562,0.49
2911.5,2.713,0.636
2911.75,2.598,0.527
2912.0,2.474,0.377
2912.25,2.4939999999999998,0.383
2912.5,2.503,0.387
2912.75,2.492,0.3715
2913.0,2.635,0.5900000000000001
2913.25,2.544,0.4507999999999999
2913.5,2.492,0.40499999999999997
2913.75,2.475,0.30979999999999996
2914.0,2.594,0.488
2914.25,2.64,0.47
2914.5,2.589,0.511
2914.75,2.633,0.569
2915.0,2.437,0.3208
2915.25,2.4930000000000003,0.376
2915.5,2.4619999999999997,0.34099999999999997
2915.75,2.508,0.411
2916.0,2.561,0.47800000000000004
2916.25,2.5220000000000002,0.468
2916.5,2.625,0.577
2916.75,2.622,0.633
2917.0,2.604,0.58
2917.25,2.53,0.45099999999999996
2917.5,2.687,0.527
2917.75,2.5810000000000004,0.526
2918.0,2.583,0.546
2918.25,2.5969999999999995,0.569
2918.5,2.571,0.5539999999999999
2918.75,2.653,0.649
2919.0,2.5620000000000003,0.5509999999999999
2919.25,2.6999999999999997,0.6990000000000001
2919.5,2.572,0.583
2919.75,2.602,0.6160000000000001
2920.0,2.581,0.542
2920.25,2.497,0.40750000000000003
2920.5,2.608,0.5609999999999999
2920.75,2.464,0.39320000000000005
2921.0,2.5629999999999997,0.465
2921.25,2.484,0.4212
2921.5,2.525,0.44499999999999995
2921.75,2.589,0.526
2922.0,2.633,0.5830000000000001
2922.25,2.681,0.658
2922.5,2.4730000000000003,0.41500000000000004
2922.75,2.5919999999999996,0.532
2923.0,2.41,0.3234
2923.25,3.098,0.461
2923.5,2.95,0.30099999999999993
2923.75,3.217,0.643
2924.0,3.2010000000000005,0.3057
2924.25,3.103,0.483
2924.5,3.104,0.46599999999999997
2924.75,3.053,0.371
2925.0,3.173,0.484
2925.25,3.057,0.2734
2925.5,3.136,0.442
2925.75,3.029,0.4071
2926.0,3.2459999999999996,0.588
2926.25,2.942,0.2677
2926.5,2.907,0.2515
2926.75,3.037,0.376
2927.0,3.025,0.38
2927.25,3.1750000000000003,0.568
2927.5,2.975,0.348
2927.75,3.109,0.481
2928.0,2.836,0.175
2928.25,3.0089999999999995,0.376
2928.5,3.02,0.37499999999999994
2928.75,2.931,0.2585
2929.0,2.918,0.21399999999999997
2929.25,2.998,0.348
2929.5,3.111,0.447
2929.75,2.976,0.33099999999999996
2930.0,3.199,0.509
2930.25,2.9059999999999997,0.24200000000000005
2930.5,2.982,0.30400000000000005
2930.75,2.9589999999999996,0.26799999999999996
2931.0,2.894,0.16199999999999998
2931.25,3.014,0.30469999999999997
2931.5,2.9560000000000004,0.26380000000000003
2931.75,2.964,0.25399999999999995
2932.0,2.9479999999999995,0.2588
2932.25,2.9770000000000003,0.27
2932.5,2.987,0.29000000000000004
2932.75,3.01,0.34299999999999997
2933.0,3.088,0.40700000000000003
2933.25,2.93,0.27986
2933.5,2.9269999999999996,0.22700000000000004
2933.75,2.879,0.20079999999999998
2934.0,2.957,0.2389
2934.25,2.7039999999999997,0.389
2934.5,2.571,0.47300000000000003
2934.75,2.722,0.594
2935.0,2.529,0.33299999999999996
2935.25,2.6550000000000002,0.524
2935.5,2.535,0.46199999999999997
2935.75,2.593,0.51
2936.0,2.5229999999999997,0.449
2936.25,2.4779999999999998,0.3624
2936.5,2.645,0.5870000000000001
2936.75,2.387,0.2645
2937.0,2.629,0.542
2937.25,2.472,0.389
2937.5,2.679,0.621
2937.75,2.5429999999999997,0.497
2938.0,2.491,0.403
2938.25,2.575,0.512
2938.5,2.472,0.3874
2938.75,2.5389999999999997,0.42999999999999994
2939.0,2.344,0.23099999999999998
2939.25,2.5479999999999996,0.459
2939.5,2.538,0.48000000000000004
2939.75,2.661,0.614
2940.0,2.6069999999999998,0.5670000000000001
2940.25,2.634,0.551
2940.5,2.5050000000000003,0.406
2940.75,2.466,0.3671
2941.0,2.578,0.374
2941.25,2.472,0.3741
2941.5,2.633,0.54
2941.75,2.475,0.3732
2942.0,2.6270000000000002,0.528
2942.25,2.5989999999999998,0.514
2942.5,2.5469999999999997,0.46099999999999997
2942.75,2.552,0.471
2943.0,2.7630000000000003,0.528
2943.25,2.613,0.41700000000000004
2943.5,2.466,0.3347
2943.75,2.49,0.33099999999999996
2944.0,2.4779999999999998,0.28369999999999995
2944.25,2.544,0.31499999999999995
2944.5,2.509,0.394
2944.75,2.655,0.5830000000000001
2945.0,2.731,0.665
2945.25,2.6289999999999996,0.5770000000000001
2945.5,2.6759999999999997,0.605
2945.75,2.455,0.3352
2946.0,2.5780000000000003,0.44899999999999995
2946.25,2.524,0.22899999999999998
2946.5,2.5140000000000002,0.21499999999999997
2946.75,2.656,0.406
2947.0,2.605,0.33940000000000003
2947.25,2.7729999999999997,0.551
2947.5,2.645,0.312
2947.75,2.8249999999999997,0.398
2948.0,2.851,0.509
2948.25,2.716,0.286
2948.5,3.221,0.233
2948.75,3.027,0.5063
2949.0,2.979,0.543
2949.25,2.694,0.2635
2949.5,2.83,0.44000000000000006
2949.75,2.771,0.37
2950.0,2.9669999999999996,0.625
2950.25,2.725,0.378
2950.5,2.681,0.59
2950.75,2.611,0.509
2951.0,2.495,0.3415
2951.25,2.5909999999999997,0.43300000000000005
2951.5,2.524,0.3218
2951.75,2.6100000000000003,0.399
2952.0,2.579,0.391
2952.25,2.727,0.622
2952.5,2.782,0.722
2952.75,2.777,0.747
2953.0,2.657,0.585
2953.25,2.526,0.363
2953.5,2.556,0.388
2953.75,2.466,0.273
2954.0,2.6319999999999997,0.494
2954.25,2.566,0.41200000000000003
2954.5,2.6399999999999997,0.49100000000000005
2954.75,2.5180000000000002,0.349
2955.0,2.651,0.52
2955.25,2.779,0.717
2955.5,2.679,0.592
2955.75,2.658,0.536
2956.0,2.537,0.35400000000000004
2956.25,2.591,0.44199999999999995
2956.5,2.633,0.523
2956.75,2.48,0.3242
2957.0,2.569,0.42799999999999994
2957.25,2.5869999999999997,0.44099999999999995
2957.5,2.726,0.509
2957.75,2.738,0.567
2958.0,2.715,0.591
2958.25,2.627,0.573
2958.5,2.437,0.3492
2958.75,2.537,0.48
2959.0,2.4779999999999998,0.4189
2959.25,2.4930000000000003,0.419
2959.5,2.668,0.662
2959.75,2.495,0.41700000000000004
2960.0,2.638,0.589
2960.25,2.508,0.471
2960.5,2.694,0.7090000000000001
2960.75,2.502,0.46900000000000003
2961.0,2.686,0.6829999999999999
2961.25,2.476,0.42050000000000004
2961.5,2.5860000000000003,0.553
2961.75,2.596,0.455
2962.0,2.471,0.3884
2962.25,2.633,0.611
2962.5,2.654,0.6439999999999999
2962.75,2.7929999999999997,0.821
2963.0,2.561,0.54
2963.25,2.74,0.752
2963.5,2.523,0.45199999999999996
2963.75,2.4979999999999998,0.43300000000000005
2964.0,2.6439999999999997,0.597
2964.25,2.4989999999999997,0.43900000000000006
2964.5,2.588,0.522
2964.75,2.551,0.541
2965.0,2.613,0.567
2965.25,2.6069999999999998,0.589
2965.5,2.6609999999999996,0.6579999999999999
2965.75,2.592,0.566
2966.0,2.485,0.438
2966.25,2.57,0.499
2966.5,2.494,0.45
2966.75,2.671,0.615
2967.0,2.611,0.576
2967.25,2.569,0.487
2967.5,2.489,0.409
2967.75,2.5989999999999998,0.522
2968.0,2.681,0.55
2968.25,2.512,0.42700000000000005
2968.5,2.743,0.706
2968.75,2.468,0.3755
2969.0,2.5629999999999997,0.418
2969.25,2.507,0.3022
2969.5,2.545,0.414
2969.75,2.561,0.47459999999999997
2970.0,2.649,0.559
2970.25,2.624,0.518
2970.5,2.5,0.386
2970.75,2.613,0.527
2971.0,2.508,0.412
2971.25,2.727,0.665
2971.5,2.44,0.34880000000000005
2971.75,2.577,0.487
2972.0,2.387,0.2968
2972.25,2.6,0.532
2972.5,2.544,0.4769999999999999
2972.75,2.4429999999999996,0.375
2973.0,2.672,0.619
2973.25,2.513,0.44499999999999995
2973.5,2.6470000000000002,0.601
2973.75,2.567,0.499
2974.0,2.7,0.618
2974.25,2.417,0.3248
2974.5,2.481,0.403
2974.75,2.5300000000000002,0.44200000000000006
2975.0,2.4930000000000003,0.4243
2975.25,2.5309999999999997,0.441
2975.5,2.6229999999999998,0.5830000000000001
2975.75,2.6630000000000003,0.64
2976.0,2.572,0.573
2976.25,2.7030000000000003,0.675
2976.5,2.479,0.3987
2976.75,2.644,0.485
2977.0,2.694,0.572
2977.25,2.5890000000000004,0.572
2977.5,2.668,0.6120000000000001
2977.75,2.5149999999999997,0.468
2978.0,2.583,0.503
2978.25,2.6039999999999996,0.579
2978.5,2.743,0.764
2978.75,2.5949999999999998,0.588
2979.0,2.515,0.489
2979.25,2.508,0.446
2979.5,2.548,0.5319999999999999
2979.75,2.612,0.552
2980.0,2.556,0.4986
2980.25,2.57,0.527
2980.5,2.4539999999999997,0.414
2980.75,2.573,0.52
2981.0,2.662,0.672
2981.25,2.689,0.7010000000000001
2981.5,2.6550000000000002,0.65
2981.75,2.529,0.4697
2982.0,2.589,0.522
2982.25,2.441,0.34099999999999997
2982.5,2.575,0.45
2982.75,2.443,0.3432
2983.0,5.6499999999999995,-0.3500000000000001
2983.25,9.35,-0.7875
2983.5,10.59,-0.627
2983.75,10.61,-0.30699999999999994
2984.0,12.059999999999999,-0.934
2984.25,13.05,-0.9517
2984.5,13.04,-1.3333000000000002
2984.75,13.54,-0.9369999999999998
2985.0,13.45,-1.103
2985.25,13.57,-0.981
2985.5,14.03,-1.0499999999999998
2985.75,13.8,-1.3012000000000001
2986.0,16.22,-0.874
2986.25,15.94,-1.0270000000000001
2986.5,16.23,-0.6970000000000001
2986.75,15.82,-0.8760000000000001
2987.0,14.34,-1.145
2987.25,14.07,-1.185
2987.5,14.42,-1.241
2987.75,14.209999999999999,-1.001
2988.0,14.02,-1.0770000000000002
2988.25,13.72,-0.9970000000000001
2988.5,13.02,-0.963
2988.75,12.94,-0.808
2989.0,13.88,-0.9540000000000001
2989.25,18.29,0.891
2989.5,19.32,1.427
2989.75,19.5,1.0579999999999998
2990.0,19.89,1.0499999999999998
2990.25,20.39,0.95
2990.5,19.97,1.064
2990.75,20.29,1.058
2991.0,20.62,1.03
2991.25,20.330000000000002,1.1660000000000001
2991.5,20.11,0.7979999999999999
2991.75,20.14,1.055
2992.0,19.93,1.3010000000000002
2992.25,19.75,1.38
2992.5,19.54,1.08
2992.75,18.4,1.347
2993.0,18.04,1.119
2993.25,18.380000000000003,1.5459999999999998
2993.5,17.55,1.355
2993.75,17.15,1.335
2994.0,16.63,1.362
2994.25,16.4,1.0619999999999998
2994.5,11.95,1.775
2994.75,10.07,2.3200000000000003
2995.0,10.05,2.3200000000000003
2995.25,9.3,2.2600000000000002
2995.5,9.45,2.56
2995.75,9.23,2.33
2996.0,9.29,2.4299999999999997
2996.25,9.24,2.45
2996.5,9.46,2.55
2996.75,9.55,2.66
2997.0,4.859999999999999,1.12
2997.25,2.9370000000000003,0.614
2997.5,2.575,0.459
2997.75,2.7279999999999998,0.6179999999999999
2998.0,2.527,0.3406
2998.25,2.6590000000000003,0.533
2998.5,2.739,0.4426
2998.75,2.8339999999999996,0.5810000000000001
2999.0,2.7059999999999995,0.5006
2999.25,2.644,0.686
2999.5,2.694,0.6319999999999999
2999.75,2.73,0.666
3000.0,2.801,0.695
3000.25,2.768,0.607
3000.5,2.7520000000000002,0.5619999999999999
3000.75,2.645,0.42600000000000005
3001.0,2.777,0.614
3001.25,2.713,0.491
3001.5,2.508,0.613
3001.75,2.416,0.5630000000000001
3002.0,2.554,0.749
3002.25,2.473,0.6679999999999999
3002.5,2.516,0.74
3002.75,2.537,0.7649999999999999
3003.0,2.53,0.6829999999999999
3003.25,2.546,0.6559999999999999
3003.5,2.5039999999999996,0.597
3003.75,2.441,0.5539999999999999
3004.0,2.5519999999999996,0.687
3004.25,2.449,0.5529999999999999
3004.5,2.5780000000000003,0.678
3004.75,2.6029999999999998,0.74
3005.0,2.58,0.6809999999999999
3005.25,2.544,0.543
3005.5,2.635,0.7949999999999999
3005.75,2.54,0.661
3006.0,2.54,0.6499999999999999
3006.25,2.488,0.592
3006.5,2.277,0.476
3006.75,17.59,-2.0
3007.0,30.65,-4.15
3007.25,33.9,-3.62
3007.5,35.1,-3.0010000000000003
3007.75,36.5,-2.5460000000000003
3008.0,39.099999999999994,-2.657
3008.25,37.7,-2.5340000000000003
3008.5,37.800000000000004,-2.901
3008.75,38.2,-2.463
3009.0,39.3,-1.853
3009.25,39.0,-2.568
3009.5,39.4,-2.3369999999999997
3009.75,40.0,-1.858
3010.0,40.7,-1.6669999999999998
3010.25,40.3,-1.8899999999999997
3010.5,40.4,-2.754
3010.75,40.9,-2.1682
3011.0,41.2,-2.078
3011.25,41.3,-2.028
3011.5,41.7,-1.9850999999999999
3011.75,42.5,-2.856
3012.0,43.8,-2.1100000000000003
3012.25,42.8,-2.5109999999999997
3012.5,43.8,-1.8770000000000002
3012.75,42.0,-1.878
3013.0,40.900000000000006,-2.3080000000000003
3013.25,42.2,-2.14
3013.5,45.400000000000006,0.05400000000000027
3013.75,46.199999999999996,-0.13399999999999979
3014.0,44.1,-1.9709999999999999
3014.25,44.7,-1.1520000000000001
3014.5,44.1,-2.274
3014.75,43.5,-2.343
3015.0,44.6,-2.2184
3015.25,44.6,-2.1807
3015.5,44.4,-2.2424
3015.75,44.0,-2.2939999999999996
3016.0,43.3,-2.141
3016.25,44.2,-1.9980000000000002
3016.5,43.8,-1.97
3016.75,42.4,-2.3888
3017.0,41.1,-2.3804
3017.25,40.5,-2.156
3017.5,40.599999999999994,-2.1380000000000003
3017.75,41.5,-1.889
3018.0,42.1,-2.104
3018.25,40.2,-1.9969999999999999
3018.5,36.5,-1.201
3018.75,35.7,-0.949
3019.0,35.1,-0.7800000000000001
3019.25,33.0,-0.6909999999999998
3019.5,32.19,-0.662
3019.75,29.610000000000003,-2.5900000000000003
3020.0,16.669999999999998,0.853
3020.25,11.84,2.63
3020.5,10.89,2.88
3020.75,9.07,1.5
3021.0,4.9799999999999995,0.784
3021.25,3.558,0.49679999999999996
3021.5,3.808,0.7450000000000001
3021.75,3.6290000000000004,0.49100000000000005
3022.0,3.7030000000000003,0.701
3022.25,3.7379999999999995,0.761
3022.5,3.6679999999999997,0.666
3022.75,3.596,0.585
3023.0,3.496,0.6345000000000001
3023.25,3.476,0.5569999999999999
3023.5,3.449,0.5223
3023.75,3.691,0.659
3024.0,3.565,0.5489999999999999
3024.25,3.687,0.705
3024.5,3.494,0.43999999999999995
3024.75,3.5109999999999997,0.49200000000000005
3025.0,3.532,0.542
3025.25,3.488,0.46499999999999997
3025.5,3.661,0.672
3025.75,3.402,0.38
3026.0,3.516,0.475
3026.25,3.352,0.304
3026.5,3.5669999999999997,0.543
3026.75,3.542,0.49539999999999995
3027.0,3.674,0.6339999999999999
3027.25,3.5919999999999996,0.607
3027.5,3.542,0.57
3027.75,3.519,0.543
3028.0,3.427,0.44
3028.25,3.628,0.639
3028.5,3.453,0.44300000000000006
3028.75,3.5410000000000004,0.538
3029.0,3.303,0.262
3029.25,3.646,0.662
3029.5,3.513,0.41900000000000004
3029.75,3.571,0.603
3030.0,3.4029999999999996,0.45300000000000007
3030.25,2.948,0.737
3030.5,2.824,0.5980000000000001
3030.75,3.276,0.621
3031.0,12.809999999999999,-0.9054
3031.25,20.7,-2.2
3031.5,35.0,-2.72
3031.75,36.2,-2.3499999999999996
3032.0,36.3,-2.1
3032.25,36.5,-1.998
3032.5,37.0,-2.04
3032.75,38.3,-2.5
3033.0,38.4,-2.29
3033.25,43.5,0.2759999999999999
3033.5,44.0,0.473
3033.75,43.400000000000006,-0.394
3034.0,43.0,0.3739999999999999
3034.25,41.5,-0.7650000000000001
3034.5,39.2,-2.513
3034.75,38.8,-2.7500000000000004
3035.0,38.6,-2.475
3035.25,38.9,-2.6327000000000003
3035.5,40.1,-2.32781
3035.75,39.2,-2.4569999999999994
3036.0,39.3,-2.519
3036.25,39.7,-2.126
3036.5,40.599999999999994,-1.9370000000000003
3036.75,39.9,-2.2580000000000005
3037.0,39.3,-2.4455999999999998
3037.25,39.3,-2.6326
3037.5,41.3,-1.907
3037.75,39.3,-3.1481999999999997
3038.0,40.7,-2.1479999999999997
3038.25,39.9,-1.8559999999999999
3038.5,39.1,-1.53
3038.75,38.3,-2.1570000000000005
3039.0,37.5,-2.7849999999999997
3039.25,37.900000000000006,-1.8607000000000002
3039.5,37.400000000000006,-1.7730000000000001
3039.75,37.5,-1.733
3040.0,36.9,-2.5490000000000004
3040.25,38.9,-2.5825
3040.5,39.099999999999994,-1.9317000000000002
3040.75,37.0,-1.7140000000000002
3041.0,36.8,-1.5410000000000001
3041.25,36.3,-2.2620000000000005
3041.5,36.9,-1.6591
3041.75,36.3,-1.45
3042.0,36.0,-1.433
3042.25,27.79,-0.546
3042.5,25.909999999999997,-0.15999999999999992
3042.75,24.55,-0.14700000000000008
3043.0,22.85,-0.7179999999999999
3043.25,23.14,-0.29399999999999993
3043.5,22.939999999999998,0.04300000000000015
3043.75,17.19,0.665
3044.0,10.17,1.843
3044.25,8.5,1.2375
3044.5,8.559999999999999,2.44
3044.75,8.52,2.54
3045.0,3.848,0.7969999999999999
3045.25,3.6210000000000004,0.725
3045.5,3.6340000000000003,0.763
3045.75,3.604,0.702
3046.0,3.6100000000000003,0.759
3046.25,3.432,0.596
3046.5,3.021,0.7999999999999999
3046.75,2.971,0.5565
3047.0,3.1529999999999996,0.7729999999999999
3047.25,2.8890000000000002,0.792
3047.5,2.792,0.806
3047.75,2.848,0.7829999999999999
3048.0,2.894,0.66
3048.25,2.9619999999999997,0.7070000000000001
3048.5,2.938,0.579
3048.75,3.056,0.6849999999999999
3049.0,2.8440000000000003,0.525
3049.25,2.8950000000000005,0.5980000000000001
3049.5,2.497,0.411
3049.75,2.697,0.5640000000000001
3050.0,2.622,0.52
3050.25,2.858,0.8089999999999999
3050.5,2.759,0.6880000000000001
3050.75,2.62,0.548
3051.0,2.761,0.667
3051.25,2.669,0.597
3051.5,2.8019999999999996,0.714
3051.75,2.604,0.52
3052.0,2.664,0.5519999999999999
3052.25,2.626,0.529
3052.5,2.6750000000000003,0.571
3052.75,2.6029999999999998,0.497
3053.0,2.701,0.633
3053.25,2.771,0.744
3053.5,2.693,0.685
3053.75,2.8040000000000003,0.802
3054.0,2.601,0.496
3054.25,2.81,0.7449999999999999
3054.5,2.5149999999999997,0.495
3054.75,7.0600000000000005,1.177
3055.0,19.3,0.811
3055.25,31.76,-0.3500000000000002
3055.5,39.5,-1.2304
3055.75,41.5,-1.0989999999999998
3056.0,39.8,-2.102
3056.25,39.5,-1.676
3056.5,39.9,-1.7149999999999999
3056.75,40.9,-1.6936000000000002
3057.0,40.8,-1.518
3057.25,40.5,-2.514
3057.5,41.0,-1.96
3057.75,42.300000000000004,-1.9023000000000003
3058.0,41.8,-2.1555
3058.25,42.3,-2.1376
3058.5,41.9,-2.02
3058.75,42.400000000000006,-2.9475000000000002
3059.0,43.5,-2.162
3059.25,44.2,-1.8589000000000002
3059.5,45.0,-1.576
3059.75,44.9,-1.7020000000000002
3060.0,41.8,-2.559
3060.25,44.099999999999994,-0.765
3060.5,43.5,-0.9400000000000002
3060.75,43.1,-0.9430000000000001
3061.0,40.8,-2.406
3061.25,41.2,-1.505
3061.5,41.9,-1.2609999999999997
3061.75,40.7,-1.5
3062.0,40.3,-2.3419999999999996
3062.25,39.6,-1.783
3062.5,38.699999999999996,-1.3699999999999997
3062.75,38.8,-1.6905999999999997
3063.0,38.4,-2.5569999999999995
3063.25,37.3,-1.7618999999999996
3063.5,39.5,-1.304
3063.75,40.0,-1.6379999999999997
3064.0,39.2,-2.557
3064.25,39.6,-1.541
3064.5,39.5,-1.5909999999999997
3064.75,39.900000000000006,-1.6630000000000003
3065.0,39.2,-2.684
3065.25,37.7,-1.084
3065.5,37.5,-0.948
3065.75,37.5,-0.6950000000000001
3066.0,35.79,-1.969
3066.25,35.5,-1.15
3066.5,35.7,-0.8729999999999999
3066.75,35.199999999999996,-0.653
3067.0,30.23,-0.492
3067.25,25.31,-1.053
3067.5,22.47,0.7609999999999999
3067.75,18.15,1.4169999999999998
3068.0,9.760000000000002,2.784
3068.25,9.77,2.326
3068.5,10.27,3.0
3068.75,9.93,2.96
3069.0,3.9929999999999994,0.788
3069.25,3.642,0.76
3069.5,3.5220000000000002,0.6113
3069.75,3.6660000000000004,0.781
3070.0,3.5360000000000005,0.7180000000000001
3070.25,3.49,0.6739
3070.5,3.547,0.6903
3070.75,3.499,0.6236900000000001
3071.0,3.47,0.768
3071.25,3.4699999999999998,0.7210000000000001
3071.5,3.5250000000000004,0.812
3071.75,3.472,0.736
3072.0,3.404,0.675
3072.25,3.396,0.6539999999999999
3072.5,3.424,0.677
3072.75,3.393,0.627
3073.0,3.489,0.7358
3073.25,3.319,0.5183
3073.5,3.37,0.4575
3073.75,3.349,0.507
3074.0,3.493,0.7315999999999999
3074.25,3.6710000000000003,0.9850000000000001
3074.5,3.4080000000000004,0.6713
3074.75,3.4459999999999997,0.7060000000000001
3075.0,3.352,0.6002
3075.25,3.489,0.6990000000000001
3075.5,3.474,0.5625
3075.75,3.364,0.5555
3076.0,3.436,0.644
3076.25,3.2809999999999997,0.501
3076.5,3.44,0.6
3076.75,3.313,0.5048999999999999
3077.0,3.527,0.763
3077.25,3.409,0.6319
3077.5,3.373,0.638
3077.75,3.284,0.5264
3078.0,3.322,0.695
3078.25,2.9,0.8320000000000001
3078.5,2.646,0.5642999999999999
3078.75,3.156,0.4509
3079.0,14.99,-0.538
3079.25,25.43,-0.25
3079.5,34.5,-1.737
3079.75,35.4,-1.6769999999999998
3080.0,35.900000000000006,-1.6840000000000002
3080.25,35.9,-1.626
3080.5,34.7,-2.35
3080.75,35.7,-2.10676
3081.0,36.7,-1.8979999999999997
3081.25,37.0,-2.021
3081.5,37.2,-1.9951999999999999
3081.75,37.0,-2.84
3082.0,38.2,-2.1503
3082.25,37.4,-2.2985
3082.5,37.300000000000004,-2.23
3082.75,37.3,-2.1848
3083.0,36.8,-2.151
3083.25,37.0,-2.109
3083.5,37.7,-2.439
3083.75,38.8,-2.229706
3084.0,37.1,-2.99
3084.25,37.099999999999994,-2.4910000000000005
3084.5,37.9,-2.2450000000000006
3084.75,38.4,-2.419
3085.0,38.3,-2.074
3085.25,37.7,-2.95
3085.5,37.6,-2.23
3085.75,38.3,-2.0420000000000003
3086.0,38.0,-1.8256999999999999
3086.25,37.7,-2.3374
3086.5,37.6,-2.5339
3086.75,37.900000000000006,-2.4170000000000003
3087.0,39.3,-1.79
3087.25,39.2,-2.103
3087.5,38.7,-2.0054000000000003
3087.75,38.0,-2.4210000000000003
3088.0,37.7,-2.6010999999999997
3088.25,38.0,-2.0859
3088.5,37.9,-1.7310000000000003
3088.75,37.1,-2.1615
3089.0,36.9,-1.8506000000000002
3089.25,36.400000000000006,-2.0177
3089.5,34.13,-1.9829999999999999
3089.75,33.09,-2.327
3090.0,32.96,-1.941
3090.25,26.86,-0.41300000000000003
3090.5,25.79,-0.10100000000000009
3090.75,24.189999999999998,-0.581
3091.0,24.92,0.08499999999999996
3091.25,25.22,0.22399999999999998
3091.5,25.03,0.16699999999999993
3091.75,23.31,0.531
3092.0,5.9399999999999995,0.31299999999999994
3092.25,5.869999999999999,0.6859999999999999
3092.5,5.49,0.597
3092.75,4.297,0.8690000000000001
3093.0,3.375,0.9359999999999999
3093.25,3.377,0.987
3093.5,3.4879999999999995,1.151
3093.75,3.459,1.1560000000000001
3094.0,3.481,1.189
3094.25,3.3040000000000003,1.0110000000000001
3094.5,3.38,1.21
3094.75,3.281,1.0150000000000001
3095.0,3.243,1.1
3095.25,2.8529999999999998,1.108
3095.5,3.1009999999999995,1.153
3095.75,2.977,1.067
3096.0,3.013,1.0379999999999998
3096.25,3.086,1.064
3096.5,3.184,1.2069999999999999
3096.75,3.291,1.354
3097.0,3.0870000000000006,1.13
3097.25,3.106,1.221
3097.5,2.858,1.09
3097.75,2.828,1.03
3098.0,3.0730000000000004,1.206
3098.25,2.958,1.15
3098.5,3.0509999999999997,1.27
3098.75,2.964,1.1440000000000001
3099.0,2.9139999999999997,1.076
3099.25,3.042,1.255
3099.5,2.985,1.206
3099.75,3.2350000000000003,1.509
3100.0,2.9669999999999996,1.142
3100.25,3.045,1.144
3100.5,2.919,1.062
3100.75,3.002,1.1749999999999998
3101.0,3.053,1.262
3101.25,2.943,1.112
3101.5,3.037,1.3050000000000002
3101.75,2.948,1.1720000000000002
3102.0,3.118,1.3900000000000001
3102.25,2.833,1.1179999999999999
3102.5,3.17,1.494
3102.75,3.811,1.0350000000000001
3103.0,4.208,0.7509999999999999
3103.25,4.647,0.832
3103.5,3.5080000000000005,0.9279999999999999
3103.75,3.6559999999999997,1.0819999999999999
3104.0,3.624,1.013
3104.25,3.502,0.933
3104.5,4.067,1.198
3104.75,3.543,1.036
3105.0,3.6470000000000002,1.052
3105.25,3.525,1.0290000000000001
3105.5,3.4979999999999998,0.988
3105.75,3.6229999999999998,1.108
3106.0,3.394,0.862
3106.25,3.4659999999999997,0.97
3106.5,3.479,0.976
3106.75,3.5540000000000003,1.063
3107.0,3.65,1.242
3107.25,3.713,1.201
3107.5,3.568,1.018
3107.75,3.774,1.156
3108.0,3.986,1.189
3108.25,4.084,1.124
3108.5,3.729,1.067
3108.75,3.672,1.028
3109.0,3.5729999999999995,0.962
3109.25,3.633,1.028
3109.5,3.684,0.827
3109.75,4.09,1.2850000000000001
3110.0,3.8959999999999995,0.985
3110.25,3.9450000000000003,0.994
3110.5,3.9389999999999996,0.9590000000000001
3110.75,4.036,1.052
3111.0,4.0760000000000005,1.139
3111.25,3.8369999999999997,0.825
3111.5,3.8960000000000004,0.972
3111.75,3.8999999999999995,0.841
3112.0,4.251,0.9299999999999999
3112.25,3.613,0.735
3112.5,3.992,1.06
3112.75,3.971,1.002
3113.0,3.8770000000000002,0.97
3113.25,3.8249999999999997,0.881
3113.5,3.756,0.764
3113.75,3.707,0.734
3114.0,4.43,0.723
3114.25,3.231,0.7849999999999999
3114.5,3.1950000000000003,0.78
3114.75,3.044,0.667
3115.0,3.262,1.13
3115.25,3.226,1.1019999999999999
3115.5,3.311,1.23
3115.75,3.0789999999999997,1.012
3116.0,3.0149999999999997,0.9380000000000001
3116.25,3.2030000000000003,1.1110000000000002
3116.5,2.9879999999999995,0.863
3116.75,3.223,1.115
3117.0,3.076,0.963
3117.25,3.08,1.0
3117.5,3.094,0.95
3117.75,3.229,1.141
3118.0,3.181,1.143
3118.25,3.282,1.255
3118.5,3.191,1.186
3118.75,3.124,1.0779999999999998
3119.0,3.0580000000000003,1.002
3119.25,3.123,1.0859999999999999
3119.5,3.239,1.222
3119.75,3.146,1.1029999999999998
3120.0,3.0589999999999997,1.025
3120.25,3.145,1.1099999999999999
3120.5,3.144,1.0430000000000001
3120.75,3.034,0.887
3121.0,3.3640000000000003,1.322
3121.25,3.1430000000000002,1.0899999999999999
3121.5,3.247,1.194
3121.75,2.992,0.891
3122.0,3.137,0.881
3122.25,3.1189999999999998,0.955
3122.5,3.169,1.111
3122.75,3.257,1.1749999999999998
3123.0,3.11,1.045
3123.25,3.157,1.0979999999999999
3123.5,3.19,1.134
3123.75,3.17,1.1480000000000001
3124.0,3.322,1.3479999999999999
3124.25,3.122,1.0899999999999999
3124.5,2.9939999999999998,0.89
3124.75,3.1450000000000005,1.0579999999999998
3125.0,3.0170000000000003,0.911
3125.25,3.283,1.271
3125.5,3.03,0.907
3125.75,3.203,1.146
3126.0,3.172,1.1099999999999999
3126.25,3.0949999999999998,1.002
3126.5,3.1479999999999997,1.04
3126.75,4.123,1.1039999999999999
3127.0,3.16,0.884
3127.25,3.261,1.02
3127.5,3.1740000000000004,0.907
3127.75,3.2260000000000004,0.963
3128.0,3.204,0.914
3128.25,3.1940000000000004,1.014
3128.5,3.125,1.108
3128.75,3.06,1.0099999999999998
3129.0,3.2560000000000002,1.205
3129.25,3.108,0.9369999999999999
3129.5,3.306,1.23
3129.75,3.0540000000000003,0.877
3130.0,3.165,1.127
3130.25,3.164,1.119
3130.5,3.126,0.959
3130.75,3.2870000000000004,1.085
3131.0,3.215,1.026
3131.25,3.209,1.02
3131.5,3.2030000000000003,1.0090000000000001
3131.75,3.157,0.9780000000000001
3132.0,3.246,1.057
3132.25,3.128,0.9450000000000001
3132.5,3.151,0.956
3132.75,3.2600000000000002,1.099
3133.0,3.06,0.865
3133.25,3.322,1.182
3133.5,3.1,0.915
3133.75,3.291,1.141
3134.0,3.27,1.096
3134.25,3.195,1.036
3134.5,3.3009999999999997,1.1560000000000001
3134.75,3.1329999999999996,0.954
3135.0,3.146,0.94
3135.25,3.16,0.948
3135.5,3.183,0.9989999999999999
3135.75,3.192,0.985
3136.0,3.076,0.828
3136.25,3.254,1.053
3136.5,3.2510000000000003,1.048
3136.75,3.124,0.9099999999999999
3137.0,3.37,1.1360000000000001
3137.25,3.302,0.99
3137.5,3.1479999999999997,0.9049999999999999
3137.75,3.136,0.864
3138.0,3.2399999999999998,0.8530000000000001
3138.25,3.109,0.677
3138.5,3.283,0.751
3138.75,3.436,0.919
3139.0,3.294,0.7890000000000001
3139.25,3.317,0.9219999999999999
3139.5,3.2830000000000004,1.017
3139.75,3.261,0.74
3140.0,3.4509999999999996,0.859
3140.25,3.408,0.833
3140.5,3.4499999999999997,0.834
3140.75,3.18,0.67
3141.0,3.443,0.865
3141.25,3.244,0.9139999999999999
3141.5,3.158,0.827
3141.75,3.51,1.186
3142.0,3.296,1.052
3142.25,3.299,1.041
3142.5,3.4670000000000005,0.9359999999999999
3142.75,3.374,0.78
3143.0,3.558,0.8939999999999999
3143.25,3.5069999999999997,0.869
3143.5,3.398,0.77
3143.75,3.59,1.023
3144.0,3.467,0.879
3144.25,3.511,0.94
3144.5,3.656,1.092
3144.75,3.679,1.13
3145.0,3.4989999999999997,0.964
3145.25,3.39,0.9530000000000001
3145.5,3.51,1.193
3145.75,3.2169999999999996,0.8119999999999999
3146.0,3.266,0.873
3146.25,3.2760000000000002,0.898
3146.5,3.436,1.072
3146.75,3.343,0.9670000000000001
3147.0,3.507,1.209
3147.25,3.4880000000000004,1.179
3147.5,3.306,0.969
3147.75,3.398,1.0379999999999998
3148.0,3.368,1.0139999999999998
3148.25,3.2460000000000004,0.867
3148.5,3.287,0.893
3148.75,3.4189999999999996,1.1
3149.0,3.297,0.894
3149.25,3.472,1.108
3149.5,3.419,1.0910000000000002
3149.75,3.347,1.002
3150.0,3.269,0.837
3150.25,3.136,0.804
3150.5,3.3019999999999996,0.998
3150.75,4.033,0.506
3151.0,5.92,0.339
3151.25,6.709999999999999,0.208
3151.5,7.960000000000001,0.19799999999999995
3151.75,8.75,0.40499999999999997
3152.0,9.55,0.10900000000000001
3152.25,9.530000000000001,0.024999999999999994
3152.5,9.91,0.10899999999999999
3152.75,9.42,-0.24939999999999993
3153.0,9.54,-0.06900000000000003
3153.25,9.620000000000001,-0.23499999999999996
3153.5,10.15,-0.2890000000000001
3153.75,10.120000000000001,0.08200000000000007
3154.0,10.18,-0.08439999999999998
3154.25,11.09,0.177
3154.5,10.530000000000001,-0.10999999999999993
3154.75,10.41,-0.138
3155.0,10.32,-0.099
3155.25,10.21,-0.38370000000000004
3155.5,10.309999999999999,-0.24500000000000005
3155.75,10.780000000000001,-0.10820000000000002
3156.0,10.35,-0.286
3156.25,10.21,-0.09700000000000003
3156.5,9.46,0.011999999999999955
3156.75,9.5,0.08500000000000002
3157.0,10.05,-0.03800000000000009
3157.25,9.84,0.10899999999999999
3157.5,10.95,-0.21699999999999994
3157.75,13.120000000000001,-0.4978
3158.0,13.379999999999999,-0.4109999999999999
3158.25,12.21,-0.49629999999999996
3158.5,11.34,-0.5476
3158.75,11.02,-0.4050000000000001
3159.0,12.409999999999998,-0.677
3159.25,12.02,-0.7155
3159.5,11.870000000000001,-0.6244000000000001
3159.75,11.659999999999998,-0.523
3160.0,11.84,-0.6495
3160.25,11.570000000000002,-0.6032000000000001
3160.5,11.629999999999999,-0.4488
3160.75,11.28,-0.5359999999999999
3161.0,11.120000000000001,-0.48230000000000006
3161.25,11.13,-0.634
3161.5,11.16,-0.5740000000000001
3161.75,11.15,-0.4357999999999999
3162.0,10.87,-0.623
3162.25,10.83,-0.4514
3162.5,10.72,-0.5248999999999999
3162.75,10.85,-0.5036999999999999
3163.0,9.39,-0.3069
3163.25,8.98,-0.2204
3163.5,9.07,-0.08400000000000002
3163.75,8.06,-0.40800000000000003
3164.0,6.77,-0.15200000000000002
3164.25,2.7649999999999997,0.41500000000000004
3164.5,2.917,0.559
3164.75,2.998,0.7070000000000001
3165.0,3.01,0.7180000000000001
3165.25,2.9299999999999997,0.627
3165.5,2.939,0.706
3165.75,2.878,0.635
3166.0,2.84,0.55
3166.25,2.724,0.43600000000000005
3166.5,2.846,0.552
3166.75,2.8579999999999997,0.5670000000000001
3167.0,2.625,0.422
3167.25,2.971,0.913
3167.5,2.8099999999999996,0.7010000000000001
3167.75,2.9739999999999998,0.822
3168.0,2.7420000000000004,0.656
3168.25,2.846,0.7979999999999999
3168.5,2.8080000000000003,0.6829999999999999
3168.75,2.602,0.44799999999999995
3169.0,2.781,0.647
3169.25,2.642,0.491
3169.5,2.5949999999999998,0.42000000000000004
3169.75,2.9109999999999996,0.781
3170.0,2.775,0.6799999999999999
3170.25,2.7640000000000002,0.645
3170.5,2.824,0.705
3170.75,2.7640000000000002,0.673
3171.0,2.8440000000000003,0.729
3171.25,2.679,0.5121
3171.5,2.71,0.5640000000000001
3171.75,2.719,0.5519999999999999
3172.0,2.5869999999999997,0.42800000000000005
3172.25,2.742,0.625
3172.5,2.774,0.668
3172.75,2.803,0.686
3173.0,2.8480000000000003,0.7250000000000001
3173.25,2.69,0.556
3173.5,2.689,0.531
3173.75,2.717,0.5409999999999999
3174.0,2.708,0.544
3174.25,2.513,0.5389999999999999
3174.5,2.537,0.5389999999999999
3174.75,2.604,0.635
3175.0,2.5629999999999997,0.5750000000000001
3175.25,20.86,-2.19
3175.5,31.61,-3.66
3175.75,32.81,-3.52
3176.0,32.489999999999995,-3.5999999999999996
3176.25,32.56,-3.65
3176.5,35.1,-3.26
3176.75,33.8,-4.11
3177.0,34.1,-4.2
3177.25,34.519999999999996,-4.140000000000001
3177.5,33.17,-3.9800000000000004
3177.75,33.3,-3.8400000000000003
3178.0,33.96,-3.95
3178.25,33.3,-3.8200000000000003
3178.5,32.98,-4.2
3178.75,33.9,-3.93
3179.0,33.85,-4.1
3179.25,33.47,-4.08
3179.5,32.81,-4.2
3179.75,33.05,-3.9099999999999997
3180.0,33.0,-3.83
3180.25,32.4,-3.87
3180.5,32.44,-3.93
3180.75,32.46,-3.92
3181.0,32.01,-3.98
3181.25,31.97,-4.03
3181.5,32.7,-4.08
3181.75,33.66,-4.24
3182.0,34.11,-3.86
3182.25,34.32,-3.8099999999999996
3182.5,33.9,-4.08
3182.75,33.099999999999994,-3.9
3183.0,33.0,-4.1899999999999995
3183.25,32.769999999999996,-3.8000000000000003
3183.5,32.17,-3.8100000000000005
3183.75,32.53,-4.0
3184.0,31.840000000000003,-4.13
3184.25,32.1,-3.93
3184.5,31.009999999999998,-4.09
3184.75,31.48,-3.79
3185.0,30.849999999999998,-3.8
3185.25,30.6,-3.58
3185.5,30.019999999999996,-3.73
3185.75,29.66,-3.38
3186.0,29.930000000000003,-3.39
3186.25,26.209999999999997,-2.87
3186.5,21.38,-1.9732
3186.75,21.700000000000003,-2.45
3187.0,21.68,-2.19
3187.25,21.39,-1.9100000000000001
3187.5,20.23,-1.7340000000000002
3187.75,13.67,-1.0089000000000001
3188.0,6.23,0.396
3188.25,5.58,0.567
3188.5,5.148,0.6900000000000002
3188.75,4.546,0.44900000000000007
3189.0,3.6020000000000003,0.7
3189.25,3.029,0.753
3189.5,3.0469999999999997,0.7629999999999999
3189.75,3.043,0.642
3190.0,3.057,0.637
3190.25,2.8729999999999998,0.41590000000000005
3190.5,3.05,0.6459999999999999
3190.75,2.8790000000000004,0.3877999999999999
3191.0,3.226,0.738
3191.25,3.067,0.638
3191.5,3.014,0.642
3191.75,3.173,0.806
3192.0,2.92,0.49400000000000005
3192.25,3.0820000000000003,0.716
3192.5,2.981,0.5499999999999999
3192.75,3.047,0.666
3193.0,2.878,0.42800000000000005
3193.25,3.0540000000000003,0.6159999999999999
3193.5,3.018,0.6649999999999999
3193.75,2.989,0.758
3194.0,2.934,0.622
3194.25,2.941,0.679
3194.5,2.907,0.716
3194.75,3.007,0.748
3195.0,2.759,0.5279999999999999
3195.25,2.934,0.731
3195.5,2.824,0.6449999999999999
3195.75,2.8469999999999995,0.6359999999999999
3196.0,3.0549999999999997,0.925
3196.25,2.711,0.476
3196.5,3.0,0.7959999999999999
3196.75,2.8339999999999996,0.646
3197.0,2.942,0.768
3197.25,2.963,0.817
3197.5,2.786,0.64
3197.75,2.824,0.6170000000000001
3198.0,2.762,0.49319999999999997
3198.25,2.8680000000000003,0.747
3198.5,2.755,0.63
3198.75,21.23,-2.51
3199.0,30.060000000000002,-3.5100000000000002
3199.25,32.05,-3.56
3199.5,32.69,-3.6300000000000003
3199.75,32.839999999999996,-3.74
3200.0,33.9,-3.46
3200.25,33.71,-3.91
3200.5,34.0,-3.7600000000000002
3200.75,35.26,-3.99
3201.0,36.1,-4.01
3201.25,35.1,-4.08
3201.5,36.4,-3.8600000000000003
3201.75,36.0,-4.21
3202.0,36.3,-4.04
3202.25,35.7,-4.22
3202.5,36.9,-4.16
3202.75,36.6,-4.2299999999999995
3203.0,35.8,-4.28
3203.25,34.5,-4.33
3203.5,35.2,-4.31
3203.75,35.4,-4.15
3204.0,35.4,-3.0
3204.25,36.3,-3.94
3204.5,36.7,-4.04
3204.75,38.6,-4.3
3205.0,38.5,-3.9799999999999995
3205.25,37.8,-3.72
3205.5,37.2,-3.9699999999999998
3205.75,37.3,-4.07
3206.0,38.099999999999994,-4.17
3206.25,36.2,-4.19
3206.5,37.5,-4.15
3206.75,37.4,-4.180000000000001
3207.0,37.0,-4.09
3207.25,34.400000000000006,-3.7800000000000002
3207.5,34.55,-3.9899999999999998
3207.75,35.1,-3.7
3208.0,36.0,-3.58
3208.25,38.8,-2.2090000000000005
3208.5,38.5,-2.306
3208.75,38.4,-2.3209999999999997
3209.0,37.9,-2.1390000000000002
3209.25,37.099999999999994,-1.6400000000000001
3209.5,37.0,-1.97
3209.75,36.099999999999994,-1.634
3210.0,36.3,-1.7475
3210.25,35.599999999999994,-1.549
3210.5,36.3,-1.389
3210.75,32.28,-1.282
3211.0,31.11,-0.9369999999999998
3211.25,30.57,-1.0499999999999998
3211.5,30.689999999999998,-1.0670000000000002
3211.75,30.57,-1.137
3212.0,18.040000000000003,1.298
3212.25,10.780000000000001,2.3259999999999996
3212.5,10.18,2.78
3212.75,8.27,2.272
3213.0,3.6449999999999996,0.5389999999999999
3213.25,3.71,0.5469999999999999
3213.5,3.486,0.479
3213.75,3.61,0.652
3214.0,3.56,0.6081000000000001
3214.25,3.5140000000000002,0.564
3214.5,3.552,0.5890000000000001
3214.75,3.447,0.5467
3215.0,3.4050000000000002,0.47500000000000003
3215.25,3.468,0.639
3215.5,3.464,0.624
3215.75,3.714,0.92
3216.0,3.3469999999999995,0.456
3216.25,3.565,0.73
3216.5,3.363,0.483
3216.75,3.499,0.526
3217.0,3.388,0.48020000000000007
3217.25,3.412,0.5340999999999999
3217.5,3.452,0.5057
3217.75,3.343,0.43499999999999994
3218.0,3.399,0.53
3218.25,3.4090000000000003,0.5860000000000001
3218.5,3.629,0.819
3218.75,3.557,0.7949999999999999
3219.0,3.3659999999999997,0.51
3219.25,3.507,0.641
3219.5,3.3819999999999997,0.49949999999999994
3219.75,3.41,0.513
3220.0,3.425,0.5286000000000001
3220.25,3.284,0.28
3220.5,3.504,0.6280000000000001
3220.75,3.51,0.673
3221.0,3.5810000000000004,0.738
3221.25,3.378,0.488
3221.5,3.501,0.626
3221.75,3.4560000000000004,0.647
3222.0,3.369,0.5850000000000001
3222.25,2.92,0.588
3222.5,2.71,0.493
3222.75,4.83,0.3
3223.0,12.27,-0.8489
3223.25,13.419999999999998,-0.7894
3223.5,32.9,-3.48
3223.75,32.5,-3.5700000000000003
3224.0,33.1,-3.5999999999999996
3224.25,32.1,-3.46
3224.5,32.3,-3.54
3224.75,32.01,-3.45
3225.0,32.93,-4.04
3225.25,33.8,-4.07
3225.5,33.4,-4.17
3225.75,34.0,-3.9000000000000004
3226.0,33.27,-3.9400000000000004
3226.25,32.94,-3.8600000000000003
3226.5,32.95,-3.93
3226.75,33.09,-3.85
3227.0,32.92,-3.8800000000000003
3227.25,33.8,-3.94
3227.5,34.1,-3.7
3227.75,33.199999999999996,-3.8800000000000003
3228.0,33.1,-3.52
3228.25,34.0,-4.11
3228.5,35.8,-3.65
3228.75,36.0,-3.97
3229.0,34.45,-3.67
3229.25,35.2,-3.79
3229.5,35.3,-3.69
3229.75,36.099999999999994,-3.76
3230.0,36.400000000000006,-3.7
3230.25,35.6,-3.83
3230.5,35.3,-3.8
3230.75,35.67,-3.83
3231.0,35.05,-3.99
3231.25,35.8,-3.8000000000000003
3231.5,34.7,-3.9800000000000004
3231.75,34.16,-4.07
3232.0,33.73,-3.95
3232.25,33.76,-3.9699999999999998
3232.5,33.010000000000005,-3.47
3232.75,31.53,-3.79
3233.0,31.540000000000003,-3.34
3233.25,32.26,-3.7300000000000004
3233.5,30.799999999999997,-3.2600000000000002
3233.75,30.689999999999998,-3.36
3234.0,30.92,-3.52
3234.25,30.31,-3.62
3234.5,27.75,-3.47
3234.75,25.259999999999998,-3.0
3235.0,20.06,-2.14
3235.25,19.83,-1.81
3235.5,19.69,-1.91
3235.75,19.31,-1.81
3236.0,10.02,-0.651
3236.25,5.65,-0.038300000000000056
3236.5,5.216,0.0685
3236.75,4.751,0.11239999999999994
3237.0,4.739,0.11199999999999993
3237.25,3.362,0.20229999999999998
3237.5,3.087,0.424
3237.75,3.1340000000000003,0.5269999999999999
3238.0,3.065,0.43100000000000005
3238.25,3.207,0.673
3238.5,3.106,0.44399999999999995
3238.75,3.158,0.495
3239.0,2.931,0.36160000000000003
3239.25,2.999,0.511
3239.5,2.8869999999999996,0.351
3239.75,3.0700000000000003,0.5229999999999999
3240.0,2.9130000000000003,0.405
3240.25,2.891,0.36000000000000004
3240.5,3.083,0.631
3240.75,2.9,0.395
3241.0,3.008,0.505
3241.25,2.9709999999999996,0.511
3241.5,2.8569999999999998,0.393
3241.75,2.91,0.517
3242.0,2.638,0.3043
3242.25,2.845,0.526
3242.5,2.8209999999999997,0.493
3242.75,2.846,0.5319999999999999
3243.0,2.757,0.374
3243.25,2.7920000000000003,0.449
3243.5,2.834,0.466
3243.75,2.7969999999999997,0.379
3244.0,2.888,0.606
3244.25,2.767,0.455
3244.5,2.918,0.604
3244.75,2.766,0.34299999999999997
3245.0,2.8449999999999998,0.4019999999999999
3245.25,2.7270000000000003,0.352
3245.5,2.779,0.43689999999999996
3245.75,2.904,0.382
3246.0,2.917,0.538
3246.25,2.6670000000000003,0.45199999999999996
3246.5,2.819,0.633
3246.75,17.38,-2.11
3247.0,30.659999999999997,-3.42
3247.25,32.6,-3.76
3247.5,33.599999999999994,-3.9
3247.75,33.3,-4.0
3248.0,33.900000000000006,-3.8
3248.25,33.5,-3.87
3248.5,35.1,-4.1
3248.75,34.3,-3.87
3249.0,34.29,-4.1
3249.25,34.8,-3.99
3249.5,35.0,-4.08
3249.75,36.0,-4.300000000000001
3250.0,35.8,-4.25
3250.25,36.1,-3.99
3250.5,35.1,-4.300000000000001
3250.75,35.2,-4.4
3251.0,34.5,-4.4
3251.25,34.1,-4.4
3251.5,35.300000000000004,-3.87
3251.75,36.2,-2.8
3252.0,35.5,-3.91
3252.25,36.5,-3.22
3252.5,36.5,-3.85
3252.75,37.4,-3.85
3253.0,36.2,-3.93
3253.25,35.900000000000006,-3.72
3253.5,36.099999999999994,-3.84
3253.75,36.400000000000006,-3.89
3254.0,36.7,-3.61
3254.25,35.9,-3.98
3254.5,36.9,-3.71
3254.75,36.0,-3.83
3255.0,36.4,-3.72
3255.25,36.7,-3.93
3255.5,35.7,-3.8200000000000003
3255.75,36.7,-3.8600000000000003
3256.0,36.2,-3.79
3256.25,34.4,-3.8
3256.5,34.5,-3.63
3256.75,34.6,-3.6500000000000004
3257.0,32.03,-3.4899999999999998
3257.25,34.91,-2.142
3257.5,32.75,-3.61
3257.75,33.9,-3.74
3258.0,31.96,-3.8
3258.25,32.05,-3.68
3258.5,27.54,-3.4499999999999997
3258.75,26.85,-3.19
3259.0,25.919999999999998,-3.37
3259.25,26.199999999999996,-3.23
3259.5,24.919999999999998,-3.27
3259.75,24.97,-3.13
3260.0,14.360000000000001,-1.07
3260.25,5.82,0.041000000000000036
3260.5,5.6259999999999994,0.40900000000000003
3260.75,4.681,0.21549999999999997
3261.0,3.608,0.354
3261.25,3.4779999999999998,0.19774999999999998
3261.5,3.5109999999999997,0.2385
3261.75,3.627,0.373
3262.0,3.537,0.2667
3262.25,3.6719999999999997,0.444
3262.5,3.6879999999999997,0.473
3262.75,3.686,0.516
3263.0,3.508,0.521
3263.25,3.427,0.437
3263.5,3.5220000000000002,0.53
3263.75,3.4159999999999995,0.3014
3264.0,3.585,0.5920000000000001
3264.25,3.438,0.4542
3264.5,3.3390000000000004,0.30111000000000004
3264.75,3.506,0.527
3265.0,3.343,0.34700000000000003
3265.25,3.683,0.674
3265.5,3.46,0.486
3265.75,3.4669999999999996,0.509
3266.0,3.4930000000000003,0.513
3266.25,3.5329999999999995,0.651
3266.5,3.428,0.44199999999999995
3266.75,3.391,0.339
3267.0,3.446,0.40320000000000006
3267.25,3.378,0.32849999999999996
3267.5,3.332,0.26170000000000004
3267.75,3.389,0.3077
3268.0,3.3409999999999997,0.27
3268.25,3.52,0.485
3268.5,3.4080000000000004,0.385
3268.75,3.621,0.634
3269.0,3.489,0.5029999999999999
3269.25,3.3379999999999996,0.31
3269.5,3.4509999999999996,0.382
3269.75,3.3150000000000004,0.268
3270.0,3.3869999999999996,0.352
3270.25,3.1159999999999997,0.488
3270.5,2.86,0.3166
3270.75,2.935,0.45699999999999996
3271.0,3.003,0.673
3271.25,2.9690000000000003,0.653
3271.5,2.739,0.393
3271.75,2.925,0.614
3272.0,2.79,0.44399999999999995
3272.25,2.7960000000000003,0.43
3272.5,2.8000000000000003,0.45
3272.75,2.691,0.3166
3273.0,2.806,0.432
3273.25,2.7729999999999997,0.406
3273.5,3.603,0.5269999999999999
3273.75,4.21,0.66
3274.0,3.514,0.375
3274.25,3.74,0.509
3274.5,4.0440000000000005,0.715
3274.75,3.848,0.405
3275.0,4.257,0.7330000000000001
3275.25,4.083,0.425
3275.5,3.8689999999999998,0.46199999999999997
3275.75,3.88,0.393
3276.0,4.014,0.40199999999999997
3276.25,4.046,0.435
3276.5,4.058,0.6819999999999999
3276.75,4.111,0.603
3277.0,4.061,0.651
3277.25,4.159,0.513
3277.5,4.179,0.489
3277.75,3.9859999999999998,0.571
3278.0,3.984,0.793
3278.25,4.0680000000000005,0.245
3278.5,4.065,0.668
3278.75,3.788,0.33849999999999997
3279.0,4.213,0.504
3279.25,4.1049999999999995,0.8160000000000001
3279.5,3.562,0.556
3279.75,4.204000000000001,0.651
3280.0,4.498,0.615
3280.25,4.224,0.627
3280.5,4.087,0.486
3280.75,4.398,0.632
3281.0,3.91,0.49999999999999994
3281.25,3.864,0.503
3281.5,4.023,0.5680000000000001
3281.75,3.8970000000000002,0.382
3282.0,4.734999999999999,0.7070000000000001
3282.25,4.753,0.681
3282.5,4.509,0.534
3282.75,4.5840000000000005,0.5780000000000001
3283.0,3.966,0.432
3283.25,4.543,0.5900000000000001
3283.5,3.93,0.704
3283.75,3.534,0.5519999999999999
3284.0,3.278,0.402
3284.25,3.0919999999999996,0.37109999999999993
3284.5,3.3689999999999998,0.61
3284.75,3.0549999999999997,0.41100000000000003
3285.0,3.264,0.6799999999999999
3285.25,3.0629999999999997,0.5509999999999999
3285.5,3.3810000000000002,0.575
3285.75,3.207,0.364
3286.0,3.266,0.41200000000000003
3286.25,3.546,0.741
3286.5,3.204,0.3591000000000001
3286.75,3.346,0.547
3287.0,3.1069999999999998,0.27310000000000006
3287.25,3.215,0.4121
3287.5,3.2620000000000005,0.45500000000000007
3287.75,3.1919999999999997,0.4
3288.0,3.355,0.58
3288.25,3.4450000000000003,0.716
3288.5,3.0780000000000003,0.40199999999999997
3288.75,3.061,0.49000000000000005
3289.0,2.894,0.372
3289.25,3.0890000000000004,0.608
3289.5,2.889,0.3357
3289.75,3.1,0.587
3290.0,2.814,0.2722
3290.25,3.081,0.5499999999999999
3290.5,2.858,0.3001
3290.75,2.86,0.3028
3291.0,2.974,0.40800000000000003
3291.25,3.074,0.55
3291.5,3.1660000000000004,0.627
3291.75,2.9850000000000003,0.455
3292.0,3.02,0.526
3292.25,3.06,0.55
3292.5,2.951,0.42699999999999994
3292.75,3.0300000000000002,0.489
3293.0,2.9610000000000003,0.42800000000000005
3293.25,3.018,0.516
3293.5,2.838,0.3368
3293.75,2.876,0.3701
3294.0,3.128,0.40499999999999997
3294.25,3.013,0.618
3294.5,3.0329999999999995,0.6579999999999999
3294.75,2.937,0.593
3295.0,3.0540000000000003,0.645
3295.25,2.9120000000000004,0.555
3295.5,2.872,0.533
3295.75,3.041,0.674
3296.0,2.783,0.41679999999999995
3296.25,2.925,0.545
3296.5,2.7190000000000003,0.29869999999999997
3296.75,2.811,0.348
3297.0,2.852,0.339
3297.25,2.9939999999999998,0.476
3297.5,3.164,0.633
3297.75,3.0380000000000003,0.5840000000000001
3298.0,2.981,0.525
3298.25,2.927,0.46499999999999997
3298.5,2.9350000000000005,0.43499999999999994
3298.75,2.947,0.44900000000000007
3299.0,2.813,0.2893
3299.25,2.928,0.38799999999999996
3299.5,2.877,0.383
3299.75,2.961,0.4620000000000001
3300.0,2.8819999999999997,0.37
3300.25,2.8550000000000004,0.3626999999999999
3300.5,3.159,0.654
3300.75,2.864,0.35200000000000004
3301.0,2.977,0.526
3301.25,2.8960000000000004,0.398
3301.5,2.951,0.472
3301.75,2.911,0.43609999999999993
3302.0,3.0919999999999996,0.628
3302.25,2.855,0.359
3302.5,2.8169999999999997,0.2999
3302.75,2.952,0.44699999999999995
3303.0,2.799,0.3067
3303.25,2.985,0.486
3303.5,3.024,0.539
3303.75,2.933,0.45699999999999996
3304.0,3.074,0.6100000000000001
3304.25,3.02,0.5940000000000001
3304.5,2.891,0.402
3304.75,2.964,0.45899999999999996
3305.0,2.862,0.378
3305.25,2.904,0.403
3305.5,2.79,0.2625
3305.75,2.861,0.331
3306.0,2.936,0.4159
3306.25,2.932,0.381
3306.5,3.1160000000000005,0.6320000000000001
3306.75,2.9400000000000004,0.39299999999999996
3307.0,3.0,0.504
3307.25,2.7840000000000003,0.2613
3307.5,2.951,0.40900000000000003
3307.75,2.8480000000000003,0.31599999999999995
3308.0,2.9789999999999996,0.4669
3308.25,3.02,0.488
3308.5,2.784,0.24069999999999997
3308.75,2.9819999999999998,0.48
3309.0,2.933,0.442
3309.25,2.932,0.426
3309.5,3.0479999999999996,0.55
3309.75,2.888,0.367
3310.0,2.9859999999999998,0.491
3310.25,3.02,0.5499999999999999
3310.5,2.824,0.313
3310.75,2.898,0.401
3311.0,2.962,0.45339999999999997
3311.25,3.0540000000000003,0.495
3311.5,2.868,0.3175
3311.75,2.98,0.483
3312.0,2.928,0.42300000000000004
3312.25,3.1550000000000002,0.7469999999999999
3312.5,3.058,0.5780000000000001
3312.75,2.986,0.5329999999999999
3313.0,2.955,0.43300000000000005
3313.25,2.9459999999999997,0.46399999999999997
3313.5,2.754,0.2
3313.75,3.048,0.5309999999999999
3314.0,2.815,0.273
3314.25,3.049,0.589
3314.5,2.905,0.37829999999999997
3314.75,2.825,0.29100000000000004
3315.0,2.9879999999999995,0.481
3315.25,2.9570000000000003,0.448
3315.5,3.0599999999999996,0.587
3315.75,2.899,0.401
3316.0,2.9619999999999997,0.485
3316.25,2.9330000000000003,0.43500000000000005
3316.5,2.9589999999999996,0.46719999999999995
3316.75,2.8409999999999997,0.308
3317.0,2.8810000000000002,0.3587
3317.25,2.9659999999999997,0.43300000000000005
3317.5,2.8289999999999997,0.2914
3317.75,2.713,0.15599999999999997
3318.0,3.134,0.605
3318.25,2.842,0.19930000000000003
3318.5,3.182,0.7080000000000001
3318.75,4.65,0.26599999999999996
3319.0,11.86,-0.8608
3319.25,18.0,-1.79
3319.5,32.650000000000006,-3.9399999999999995
3319.75,32.21,-3.62
3320.0,30.8,-3.6799999999999997
3320.25,31.36,-3.5999999999999996
3320.5,33.03,-3.81
3320.75,33.660000000000004,-3.8200000000000003
3321.0,33.42,-3.9400000000000004
3321.25,33.86,-4.17
3321.5,33.93000000000001,-3.9299999999999997
3321.75,34.3,-3.8600000000000003
3322.0,35.6,-4.050000000000001
3322.25,37.7,-4.04
3322.5,36.150000000000006,-4.33
3322.75,36.8,-4.25
3323.0,35.2,-4.21
3323.25,35.2,-4.36
3323.5,35.6,-4.11
3323.75,35.3,-4.11
3324.0,34.7,-3.92
3324.25,33.66,-4.04
3324.5,33.36,-4.13
3324.75,34.5,-3.92
3325.0,34.1,-3.93
3325.25,33.620000000000005,-4.1000000000000005
3325.5,33.489999999999995,-4.24
3325.75,34.480000000000004,-3.9600000000000004
3326.0,33.92,-4.05
3326.25,34.1,-3.9
3326.5,34.91,-3.87
3326.75,35.67,-3.98
3327.0,34.75,-3.8400000000000003
3327.25,35.46,-3.96
3327.5,34.8,-3.9400000000000004
3327.75,34.32,-4.2
3328.0,35.9,-3.8600000000000003
3328.25,35.0,-4.0200000000000005
3328.5,33.86,-4.0200000000000005
3328.75,33.9,-3.9600000000000004
3329.0,32.72,-3.82
3329.25,32.709999999999994,-4.18
3329.5,32.3,-3.51
3329.75,31.79,-3.71
3330.0,31.61,-3.4799999999999995
3330.25,30.900000000000002,-3.74
3330.5,28.740000000000002,-3.41
3330.75,26.479999999999997,-3.02
3331.0,26.04,-2.9600000000000004
3331.25,25.630000000000003,-2.95
3331.5,25.39,-3.0900000000000003
3331.75,25.53,-2.8899999999999997
3332.0,12.32,-1.035
3332.25,7.42,0.11099999999999999
3332.5,5.64,0.29000000000000004
3332.75,5.35,0.357
3333.0,4.57,0.663
3333.25,4.38,0.42300000000000004
3333.5,4.299,0.424
3333.75,4.266,0.402
3334.0,4.374,0.525
3334.25,4.19,0.41800000000000004
3334.5,4.4270000000000005,0.716
3334.75,4.39,0.6910000000000001
3335.0,4.1579999999999995,0.487
3335.25,4.269,0.6
3335.5,4.241,0.575
3335.75,4.114,0.422
3336.0,4.245,0.596
3336.25,4.206,0.5650000000000001
3336.5,4.255,0.601
3336.75,4.116,0.43599999999999994
3337.0,4.016,0.323
3337.25,4.168,0.479
3337.5,4.126,0.43
3337.75,4.245,0.584
3338.0,4.298,0.657
3338.25,4.176,0.516
3338.5,4.2509999999999994,0.623
3338.75,4.239,0.615
3339.0,4.169,0.46799999999999997
3339.25,4.145,0.46799999999999997
3339.5,4.242,0.563
3339.75,4.2780000000000005,0.622
3340.0,4.052,0.36100000000000004
3340.25,4.191,0.46599999999999997
3340.5,4.185,0.45699999999999996
3340.75,4.178,0.512
3341.0,4.386,0.751
3341.25,4.193,0.518
3341.5,4.218,0.542
3341.75,4.156,0.477
3342.0,4.032,0.475
3342.25,3.648,0.583
3342.5,3.5389999999999997,0.414
3342.75,5.56,0.09960000000000002
3343.0,11.67,-0.6793
3343.25,20.13,-1.95
3343.5,31.11,-3.45
3343.75,32.08,-3.86
3344.0,33.5,-3.2600000000000002
3344.25,32.97,-3.51
3344.5,34.65,-3.5399999999999996
3344.75,34.7,-3.4
3345.0,35.0,-3.47
3345.25,35.4,-3.5900000000000003
3345.5,34.99,-3.7800000000000002
3345.75,34.86,-3.58
3346.0,35.75,-3.8300000000000005
3346.25,34.46,-3.59
3346.5,34.599999999999994,-3.56
3346.75,33.9,-3.66
3347.0,33.79,-3.37
3347.25,33.67,-3.66
3347.5,34.379999999999995,-3.72
3347.75,34.97,-3.87
3348.0,33.599999999999994,-3.41
3348.25,33.849999999999994,-3.45
3348.5,33.8,-3.9200000000000004
3348.75,34.2,-3.54
3349.0,34.400000000000006,-3.7300000000000004
3349.25,34.4,-3.35
3349.5,33.7,-3.74
3349.75,33.5,-3.4699999999999998
3350.0,32.879999999999995,-3.6900000000000004
3350.25,33.89,-3.8099999999999996
3350.5,33.67,-3.94
3350.75,34.150000000000006,-3.88
3351.0,34.980000000000004,-3.8200000000000003
3351.25,34.7,-3.7600000000000002
3351.5,34.8,-4.119999999999999
3351.75,34.4,-3.62
3352.0,33.879999999999995,-3.59
3352.25,33.75,-3.35
3352.5,33.129999999999995,-3.3499999999999996
3352.75,33.629999999999995,-3.8200000000000003
3353.0,33.53,-3.54
3353.25,33.29,-3.79
3353.5,33.010000000000005,-3.58
3353.75,31.560000000000002,-3.58
3354.0,22.86,-2.2
3354.25,21.189999999999998,-2.06
3354.5,20.93,-2.11
3354.75,20.419999999999998,-1.7675
3355.0,20.47,-1.7100000000000002
3355.25,20.52,-1.5289000000000001
3355.5,19.84,-1.775
3355.75,19.16,-1.62
3356.0,12.069999999999999,-0.705
3356.25,6.18,0.07674999999999998
3356.5,5.609999999999999,0.15599999999999997
3356.75,4.977,0.31599999999999995
3357.0,3.3339999999999996,0.45799999999999996
3357.25,3.223,0.734
3357.5,3.2800000000000002,0.765
3357.75,3.358,0.863
3358.0,3.125,0.567
3358.25,3.281,0.486
3358.5,3.435,0.557
3358.75,3.336,0.583
3359.0,3.327,0.779
3359.25,3.178,0.6799999999999999
3359.5,3.226,0.7649999999999999
3359.75,3.0749999999999997,0.579
3360.0,3.247,0.779
3360.25,3.072,0.5459999999999999
3360.5,3.12,0.623
3360.75,3.2289999999999996,0.751
3361.0,3.302,0.86
3361.25,3.093,0.627
3361.5,3.2949999999999995,0.925
3361.75,2.9560000000000004,0.638
3362.0,2.9319999999999995,0.644
3362.25,3.086,0.761
3362.5,2.799,0.405
3362.75,2.992,0.627
3363.0,2.9690000000000003,0.607
3363.25,2.9669999999999996,0.598
3363.5,3.0,0.654
3363.75,2.9800000000000004,0.6240000000000001
3364.0,3.128,0.812
3364.25,2.9690000000000003,0.6309999999999999
3364.5,3.107,0.788
3364.75,2.8549999999999995,0.46399999999999997
3365.0,2.885,0.49600000000000005
3365.25,2.905,0.49300000000000005
3365.5,3.0519999999999996,0.658
3365.75,3.035,0.5700000000000001
3366.0,3.0620000000000003,0.768
3366.25,2.918,0.6
3366.5,3.042,0.808
3366.75,5.32,0.262
3367.0,10.040000000000001,-0.49600000000000005
3367.25,16.43,-1.082
3367.5,30.84,-3.81
3367.75,32.620000000000005,-3.6999999999999997
3368.0,31.259999999999998,-3.93
3368.25,32.53,-4.03
3368.5,32.46,-3.98
3368.75,32.66,-4.300000000000001
3369.0,34.099999999999994,-3.96
3369.25,33.94,-4.12
3369.5,34.85,-4.11
3369.75,34.76,-3.93
3370.0,34.5,-4.04
3370.25,34.8,-4.2
3370.5,35.099999999999994,-4.1
3370.75,34.7,-4.49
3371.0,34.8,-4.36
3371.25,35.9,-4.300000000000001
3371.5,37.9,-4.29
3371.75,36.8,-4.25
3372.0,38.6,-4.0600000000000005
3372.25,38.8,-4.02
3372.5,36.9,-4.0600000000000005
3372.75,35.699999999999996,-3.9200000000000004
3373.0,36.2,-3.93
3373.25,35.599999999999994,-4.029999999999999
3373.5,35.900000000000006,-3.98
3373.75,35.400000000000006,-4.1899999999999995
3374.0,36.5,-3.91
3374.25,36.9,-3.91
3374.5,36.28,-3.9800000000000004
3374.75,35.5,-3.66
3375.0,36.9,-3.81
3375.25,35.8,-3.7600000000000002
3375.5,36.0,-3.96
3375.75,34.599999999999994,-4.03
3376.0,34.099999999999994,-3.8999999999999995
3376.25,35.3,-3.8100000000000005
3376.5,33.9,-3.86
3376.75,33.5,-4.08
3377.0,33.3,-4.0
3377.25,32.75,-3.8
3377.5,31.939999999999998,-3.62
3377.75,31.28,-3.89
3378.0,27.299999999999997,-3.1399999999999997
3378.25,20.73,-2.42
3378.5,20.78,-2.34
3378.75,20.330000000000002,-2.12
3379.0,19.509999999999998,-2.38
3379.25,19.1,-2.25
3379.5,18.87,-2.2399999999999998
3379.75,18.259999999999998,-1.92
3380.0,6.76,-0.15300000000000008
3380.25,6.109999999999999,0.21500000000000002
3380.5,5.214,0.328
3380.75,4.664000000000001,0.19799999999999995
3381.0,3.944,0.556
3381.25,3.3569999999999998,0.476
3381.5,3.374,0.523
3381.75,3.317,0.43
3382.0,3.352,0.4690000000000001
3382.25,3.3499999999999996,0.548
3382.5,3.459,0.45500000000000007
3382.75,3.5,0.42200000000000004
3383.0,3.307,0.48600000000000004
3383.25,3.2270000000000003,0.5289999999999999
3383.5,3.3770000000000002,0.7130000000000001
3383.75,3.192,0.532
3384.0,3.219,0.575
3384.25,3.349,0.745
3384.5,3.021,0.325
3384.75,3.478,0.9169999999999999
3385.0,3.199,0.5209999999999999
3385.25,3.243,0.504
3385.5,3.1719999999999997,0.566
3385.75,2.9599999999999995,0.5
3386.0,3.0249999999999995,0.595
3386.25,2.973,0.534
3386.5,3.0909999999999997,0.711
3386.75,3.1579999999999995,0.794
3387.0,3.1149999999999998,0.7
3387.25,3.128,0.607
3387.5,3.0010000000000003,0.6110000000000001
3387.75,2.992,0.577
3388.0,3.149,0.732
3388.25,2.886,0.43500000000000005
3388.5,2.95,0.515
3388.75,3.178,0.777
3389.0,2.984,0.586
3389.25,3.2110000000000003,0.7390000000000001
3389.5,3.1069999999999998,0.664
3389.75,2.942,0.48300000000000004
3390.0,3.032,0.558
3390.25,2.9640000000000004,0.5109999999999999
3390.5,3.0,0.5890000000000001
3390.75,3.9790000000000005,0.255
3391.0,4.35,0.122
3391.25,6.7,0.07799999999999996
3391.5,6.699999999999999,0.08399999999999996
3391.75,6.75,0.10220000000000001
3392.0,7.22,0.46599999999999997
3392.25,7.96,0.019999999999999962
3392.5,7.8100000000000005,-0.2350000000000001
3392.75,11.370000000000001,-0.5499999999999999
3393.0,9.55,-0.7100000000000001
3393.25,10.35,-0.44600000000000006
3393.5,10.24,-0.478
3393.75,9.72,-0.46299999999999997
3394.0,9.58,-0.17467
3394.25,9.82,0.0017999999999999683
3394.5,8.610000000000001,-0.10699999999999996
3394.75,8.399999999999999,-0.278
3395.0,8.27,-0.1703
3395.25,8.24,-0.20830000000000004
3395.5,8.09,-0.16799999999999998
3395.75,8.66,-0.20599999999999996
3396.0,8.42,0.09199999999999997
3396.25,7.879999999999999,-0.298
3396.5,8.26,-0.23799999999999993
3396.75,8.280000000000001,0.15700000000000003
3397.0,8.27,0.02799999999999997
3397.25,7.8100000000000005,0.09800000000000003
3397.5,7.789999999999999,0.17300000000000001
3397.75,7.8100000000000005,-0.14
3398.0,8.18,-0.25299999999999995
3398.25,9.27,-0.2770000000000001
3398.5,8.94,-0.26699999999999996
3398.75,8.809999999999999,-0.281
3399.0,9.77,-0.254
3399.25,9.61,-0.14800000000000002
3399.5,9.43,-0.51
3399.75,9.67,-0.10999999999999999
3400.0,0.0,0.0
3400.25,8.83,-0.4080000000000001
3400.5,8.95,-0.19599999999999995
3400.75,9.04,-0.316
3401.0,8.08,-0.58
3401.25,8.59,-0.14899999999999997
3401.5,8.06,-0.6549999999999999
3401.75,8.39,-0.45209999999999995
3402.0,8.850000000000001,-0.47709999999999997
3402.25,9.32,-0.5820000000000001
3402.5,9.23,-0.5896
3402.75,9.11,-0.5367000000000001
3403.0,7.16,0.07200000000000001
3403.25,6.77,0.10499999999999998
3403.5,6.71,0.192
3403.75,6.720000000000001,0.24500000000000005
3404.0,6.609999999999999,0.179
3404.25,6.140000000000001,0.030000000000000027
3404.5,6.2700000000000005,0.27199999999999996
3404.75,5.66,0.37899999999999995
3405.0,3.4480000000000004,0.47
3405.25,3.533,0.718
3405.5,3.0650000000000004,0.363
3405.75,3.261,0.584
3406.0,3.132,0.436
3406.25,3.1250000000000004,0.452
3406.5,3.206,0.434
3406.75,3.198,0.221
3407.0,3.0120000000000005,0.27599999999999997
3407.25,3.024,0.314
3407.5,3.195,0.48
3407.75,3.059,0.34299999999999997
3408.0,3.287,0.514
3408.25,3.0629999999999997,0.28900000000000003
3408.5,3.295,0.6040000000000001
3408.75,3.15,0.448
3409.0,3.0349999999999997,0.28400000000000003
3409.25,3.299,0.54
3409.5,3.0090000000000003,0.22699999999999998
3409.75,2.9250000000000003,0.43400000000000005
3410.0,2.888,0.44099999999999995
3410.25,2.845,0.401
3410.5,2.839,0.382
3410.75,2.9010000000000002,0.448
3411.0,2.9,0.489
3411.25,2.9890000000000003,0.5900000000000001
3411.5,2.96,0.567
3411.75,2.8060000000000005,0.33199999999999996
3412.0,2.991,0.5549999999999999
3412.25,2.871,0.323
3412.5,2.925,0.46699999999999997
3412.75,2.928,0.506
3413.0,2.8280000000000003,0.397
3413.25,2.983,0.538
3413.5,2.873,0.43699999999999994
3413.75,2.8630000000000004,0.437
3414.0,3.057,0.569
3414.25,2.952,0.642
3414.5,2.7550000000000003,0.362
3414.75,4.83,0.19299999999999998
3415.0,5.15,-0.09850000000000003
3415.25,5.8500000000000005,-0.07
3415.5,6.539999999999999,0.14400000000000002
3415.75,5.800000000000001,0.0469
3416.0,5.859999999999999,0.11599999999999999
3416.25,6.71,0.16400000000000003
3416.5,7.47,0.122
3416.75,8.01,-0.03700000000000003
3417.0,7.7299999999999995,0.004400000000000015
3417.25,7.26,-0.01799999999999996
3417.5,8.35,-0.29600000000000004
3417.75,8.67,-0.40700000000000003
3418.0,8.67,-0.29599999999999993
3418.25,9.66,-0.28700000000000003
3418.5,9.4,-0.3479999999999999
3418.75,8.870000000000001,-0.21200000000000002
3419.0,9.06,-0.2803
3419.25,9.29,-0.416
3419.5,9.95,-0.0040000000000000036
3419.75,9.11,-0.341
3420.0,8.56,-0.30600000000000005
3420.25,8.58,-0.31220000000000003
3420.5,8.6,-0.30599999999999994
3420.75,8.79,-0.301
3421.0,8.36,-0.25799999999999995
3421.25,8.36,-0.15999999999999998
3421.5,7.59,-0.07210000000000005
3421.75,8.2,-0.028000000000000025
3422.0,8.6,-0.12300000000000005
3422.25,8.99,0.13600000000000004
3422.5,8.66,-0.17600000000000005
3422.75,9.22,-0.06800000000000006
3423.0,9.3,-0.029000000000000026
3423.25,8.54,-0.329
3423.5,8.24,-0.18400000000000005
3423.75,8.0,-0.45000000000000007
3424.0,7.83,-0.509
3424.25,7.91,-0.353
3424.5,8.33,-0.28500000000000003
3424.75,8.66,-0.16300000000000003
3425.0,8.780000000000001,-0.13700000000000007
3425.25,8.46,-0.23700000000000004
3425.5,8.33,-0.326
3425.75,7.889999999999999,-0.32900000000000007
3426.0,8.12,-0.562
3426.25,8.059999999999999,-0.4467
3426.5,5.8,-0.22550000000000003
3426.75,5.177,-0.06060000000000004
3427.0,5.321999999999999,0.19699999999999995
3427.25,4.595,0.18699999999999994
3427.5,4.553,0.207
3427.75,4.527,0.12200000000000003
3428.0,4.6080000000000005,0.24999999999999997
3428.25,4.513,0.21699999999999997
3428.5,4.633,0.10820000000000002
3428.75,4.82,0.069
3429.0,4.324,0.19899999999999995
3429.25,3.365,0.457
3429.5,3.4370000000000003,0.47000000000000003
3429.75,3.253,0.45999999999999996
3430.0,2.9899999999999998,0.19899999999999998
3430.25,2.9919999999999995,0.263
3430.5,3.0100000000000002,0.271
3430.75,2.9050000000000002,0.16200000000000003
3431.0,2.968,0.467
3431.25,2.602,0.2596
3431.5,2.603,0.2898
3431.75,2.66,0.362
3432.0,2.761,0.501
3432.25,2.736,0.471
3432.5,2.7800000000000002,0.503
3432.75,2.694,0.419
3433.0,2.675,0.386
3433.25,2.7030000000000003,0.431
3433.5,2.5229999999999997,0.24100000000000002
3433.75,2.7520000000000002,0.47900000000000004
3434.0,2.535,0.4699
3434.25,2.374,0.31099999999999994
3434.5,2.5500000000000003,0.491
3434.75,2.425,0.3742
3435.0,2.545,0.532
3435.25,2.54,0.488
3435.5,2.563,0.426
3435.75,2.71,0.625
3436.0,2.4720000000000004,0.3648
3436.25,2.556,0.49100000000000005
3436.5,2.487,0.4069
3436.75,2.449,0.38139999999999996
3437.0,2.51,0.4516
3437.25,2.544,0.474
3437.5,2.373,0.2894
3437.75,2.5549999999999997,0.43999999999999995
3438.0,2.715,0.7130000000000001
3438.25,2.5229999999999997,0.5890000000000001
3438.5,2.431,0.462
3438.75,3.92,0.15980000000000005
3439.0,4.204,-0.124
3439.25,4.067,-0.033999999999999975
3439.5,3.952,0.02400000000000002
3439.75,3.552,0.07580000000000003
3440.0,3.449,0.1195
3440.25,3.434,0.13
3440.5,4.019,0.27699999999999997
3440.75,3.6870000000000003,0.42800000000000005
3441.0,3.4190000000000005,0.09879999999999994
3441.25,3.508,0.17500000000000004
3441.5,3.4539999999999997,0.11370000000000002
3441.75,3.6380000000000003,0.10899999999999999
3442.0,3.9840000000000004,0.1879
3442.25,3.963,0.07252000000000003
3442.5,4.397,-0.015000000000000013
3442.75,4.066,0.3914
3443.0,4.34,0.14589999999999997
3443.25,4.140000000000001,0.30199999999999994
3443.5,4.140000000000001,0.36
3443.75,3.965,0.22600000000000003
3444.0,4.0,0.29490000000000005
3444.25,3.8160000000000003,0.25329999999999997
3444.5,3.5,0.21409999999999996
3444.75,4.01,0.2601
3445.0,4.184,0.31499999999999995
3445.25,3.4189999999999996,0.09399999999999997
3445.5,3.612,0.302
3445.75,3.7330000000000005,0.26281000000000004
3446.0,3.531,0.16559999999999997
3446.25,4.147,0.638
3446.5,3.9530000000000003,0.42000000000000004
3446.75,3.9160000000000004,0.392
3447.0,4.2829999999999995,0.452
3447.25,4.1049999999999995,0.30199999999999994
3447.5,4.289,0.07199999999999995
3447.75,4.26,0.05080000000000001
3448.0,4.378,0.16500000000000004
3448.25,4.433,0.245
3448.5,4.36,0.199
3448.75,4.352,0.17599999999999996
3449.0,4.483,0.34199999999999997
3449.25,4.351999999999999,0.206
3449.5,4.279999999999999,0.24200000000000002
3449.75,3.789,0.397
3450.0,2.4130000000000003,0.396
3450.25,2.492,0.485
3450.5,2.444,0.405
3450.75,2.548,0.558
3451.0,2.565,0.45999999999999996
3451.25,2.54,0.46900000000000003
3451.5,2.727,0.787
3451.75,2.77,0.84
3452.0,2.611,0.683
3452.25,2.544,0.573
3452.5,2.547,0.5700000000000001
3452.75,2.511,0.516
3453.0,2.5540000000000003,0.557
3453.25,2.593,0.5760000000000001
3453.5,2.372,0.344
3453.75,2.558,0.491
3454.0,2.575,0.553
3454.25,2.638,0.616
3454.5,2.709,0.794
3454.75,2.499,0.558
3455.0,2.5909999999999997,0.6679999999999999
3455.25,2.537,0.5760000000000001
3455.5,2.469,0.534
3455.75,2.649,0.73
3456.0,2.58,0.6119999999999999
3456.25,2.427,0.45399999999999996
3456.5,2.551,0.577
3456.75,2.5300000000000002,0.5920000000000001
3457.0,2.4779999999999998,0.482
3457.25,2.732,0.8440000000000001
3457.5,2.49,0.5499999999999999
3457.75,2.576,0.662
3458.0,2.644,0.7599999999999999
3458.25,2.597,0.683
3458.5,2.5789999999999997,0.6819999999999999
3458.75,2.5389999999999997,0.628
3459.0,2.515,0.596
3459.25,2.516,0.569
3459.5,2.613,0.7110000000000001
3459.75,2.5380000000000003,0.6299999999999999
3460.0,2.7110000000000003,0.812
3460.25,2.568,0.636
3460.5,2.635,0.657
3460.75,2.793,0.954
3461.0,2.535,0.626
3461.25,2.6,0.696
3461.5,2.637,0.764
3461.75,2.467,0.5189999999999999
3462.0,2.5650000000000004,0.657
3462.25,2.532,0.631
3462.5,2.599,0.693
3462.75,2.767,0.889
3463.0,3.367,0.627
3463.25,3.061,0.726
3463.5,2.9959999999999996,0.752
3463.75,2.7520000000000002,0.46399999999999997
3464.0,2.76,0.475
3464.25,2.925,0.642
3464.5,2.747,0.472
3464.75,2.807,0.528
3465.0,2.845,0.5609999999999999
3465.25,2.764,0.3933
3465.5,2.907,0.63
3465.75,2.8579999999999997,0.5760000000000001
3466.0,2.9640000000000004,0.685
3466.25,2.833,0.5609999999999999
3466.5,2.7009999999999996,0.39
3466.75,2.742,0.348
3467.0,2.7729999999999997,0.33399999999999996
3467.25,2.849,0.476
3467.5,3.042,0.58
3467.75,3.191,0.505
3468.0,2.702,0.3749
3468.25,2.988,0.546
3468.5,3.0069999999999997,0.609
3468.75,2.822,0.567
3469.0,3.052,0.8838900000000001
3469.25,3.085,0.608
3469.5,4.292,0.46199999999999997
3469.75,2.891,0.3577
3470.0,3.862,0.4051
3470.25,4.335,0.625
3470.5,2.918,0.38
3470.75,2.9589999999999996,0.633
3471.0,3.086,0.44099999999999995
3471.25,2.718,0.42900000000000005
3471.5,2.899,0.658
3471.75,2.687,0.393
3472.0,2.857,0.568
3472.25,2.886,0.62
3472.5,2.703,0.4198
3472.75,2.7350000000000003,0.42799999999999994
3473.0,2.7670000000000003,0.481
3473.25,2.685,0.37499999999999994
3473.5,2.7479999999999998,0.41100000000000003
3473.75,2.827,0.473
3474.0,2.678,0.3098
3474.25,2.852,0.428
3474.5,2.809,0.432
3474.75,2.9320000000000004,0.355
3475.0,3.108,0.565
3475.25,2.7410000000000005,0.456
3475.5,2.7830000000000004,0.6749999999999999
3475.75,2.6639999999999997,0.5650000000000001
3476.0,2.502,0.33
3476.25,2.644,0.491
3476.5,2.512,0.361
3476.75,2.667,0.392
3477.0,3.1980000000000004,0.783
3477.25,2.699,0.546
3477.5,2.7479999999999998,0.77
3477.75,2.776,0.5640000000000001
3478.0,2.748,0.483
3478.25,2.849,0.5990000000000001
3478.5,2.686,0.395
3478.75,2.828,0.594
3479.0,2.817,0.5940000000000001
3479.25,2.6550000000000002,0.384
3479.5,2.8210000000000006,0.565
3479.75,2.773,0.492
3480.0,2.8530000000000006,0.618
3480.25,2.905,0.655
3480.5,2.972,0.7879999999999999
3480.75,2.7830000000000004,0.565
3481.0,2.763,0.507
3481.25,2.742,0.512
3481.5,2.541,0.46499999999999997
3481.75,2.652,0.652
3482.0,2.589,0.456
3482.25,2.76,0.667
3482.5,2.5709999999999997,0.559
3482.75,2.605,0.5960000000000001
3483.0,2.91,0.986
3483.25,2.64,0.675
3483.5,2.694,0.721
3483.75,2.6870000000000003,0.689
3484.0,2.536,0.462
3484.25,2.606,0.5609999999999999
3484.5,2.49,0.426
3484.75,2.573,0.515
3485.0,2.657,0.663
3485.25,2.588,0.593
3485.5,2.8180000000000005,0.8520000000000001
3485.75,2.76,0.763
3486.0,2.601,0.587
3486.25,2.628,0.498
3486.5,2.535,0.565
3486.75,4.21,0.03929000000000005
3487.0,11.77,-0.6799000000000001
3487.25,14.720000000000002,-1.16
3487.5,34.3,-3.9
3487.75,32.87,-4.01
3488.0,32.72,-3.99
3488.25,33.04,-4.1000000000000005
3488.5,34.269999999999996,-3.8600000000000003
3488.75,35.1,-4.03
3489.0,35.5,-3.99
3489.25,36.2,-3.9400000000000004
3489.5,35.7,-3.9699999999999998
3489.75,35.8,-4.0200000000000005
3490.0,36.4,-4.140000000000001
3490.25,37.0,-4.08
3490.5,35.9,-4.15
3490.75,36.0,-4.07
3491.0,36.1,-4.04
3491.25,36.8,-3.94
3491.5,38.4,-3.5599999999999996
3491.75,36.900000000000006,-3.5600000000000005
3492.0,37.3,-3.8
3492.25,37.199999999999996,-3.78
3492.5,37.7,-4.01
3492.75,35.9,-3.93
3493.0,36.1,-3.68
3493.25,36.800000000000004,-3.77
3493.5,36.3,-3.75
3493.75,36.1,-3.95
3494.0,36.1,-3.96
3494.25,36.2,-3.9999999999999996
3494.5,36.5,-3.9299999999999997
3494.75,35.2,-3.8400000000000003
3495.0,35.1,-4.13
3495.25,35.24,-3.92
3495.5,36.65,-4.369999999999999
3495.75,36.25,-4.0
3496.0,36.35,-4.21
3496.25,35.88,-4.15
3496.5,35.33,-4.27
3496.75,32.44,-3.9600000000000004
3497.0,32.05,-3.8200000000000003
3497.25,31.64,-4.06
3497.5,31.229999999999997,-3.84
3497.75,31.299999999999997,-3.52
3498.0,30.81,-3.92
3498.25,30.43,-4.01
3498.5,28.349999999999998,-3.44
3498.75,25.36,-3.32
3499.0,25.369999999999997,-3.25
3499.25,25.409999999999997,-3.08
3499.5,24.66,-3.27
3499.75,22.770000000000003,-2.8899999999999997
3500.0,5.6899999999999995,0.12329999999999997
3500.25,5.4399999999999995,0.10499999999999998
3500.5,4.588,0.14199999999999996
3500.75,4.3309999999999995,0.464
3501.0,3.0530000000000004,0.707
3501.25,2.7710000000000004,0.511
3501.5,2.854,0.46099999999999997
3501.75,2.7300000000000004,0.331
3502.0,2.653,0.3397
3502.25,2.8289999999999997,0.495
3502.5,3.0290000000000004,0.4656
3502.75,2.888,0.4820000000000001
3503.0,2.66,0.5660000000000001
3503.25,2.751,0.664
3503.5,2.8360000000000003,0.792
3503.75,2.576,0.487
3504.0,2.702,0.56
3504.25,2.699,0.6
3504.5,2.5629999999999997,0.445
3504.75,2.5570000000000004,0.42000000000000004
3505.0,2.616,0.49199999999999994
3505.25,2.611,0.5289999999999999
3505.5,2.656,0.541
3505.75,2.7060000000000004,0.621
3506.0,2.676,0.572
3506.25,2.695,0.607
3506.5,2.615,0.529
3506.75,2.741,0.674
3507.0,2.653,0.5840000000000001
3507.25,2.661,0.584
3507.5,2.862,0.813
3507.75,2.5,0.3738
3508.0,2.572,0.471
3508.25,2.7350000000000003,0.661
3508.5,2.539,0.401
3508.75,2.635,0.5349999999999999
3509.0,2.693,0.603
3509.25,2.827,0.6930000000000001
3509.5,2.772,0.598
3509.75,2.6149999999999998,0.514
3510.0,2.646,0.544
3510.25,2.733,0.614
3510.5,2.643,0.5399
3510.75,5.43,0.03749999999999998
3511.0,13.579999999999998,-0.88238
3511.25,23.57,-2.9
3511.5,33.31,-3.63
3511.75,33.29,-3.6599999999999997
3512.0,32.64,-3.7099999999999995
3512.25,34.739999999999995,-3.34
3512.5,34.3,-3.62
3512.75,34.1,-3.7500000000000004
3513.0,34.2,-3.4699999999999998
3513.25,34.099999999999994,-3.81
3513.5,34.1,-3.8400000000000003
3513.75,34.8,-3.5600000000000005
3514.0,34.9,-3.91
3514.25,34.5,-3.9000000000000004
3514.5,35.2,-3.9499999999999997
3514.75,36.300000000000004,-3.9200000000000004
3515.0,35.300000000000004,-3.7100000000000004
3515.25,36.0,-4.07
3515.5,35.5,-3.76
3515.75,35.2,-3.77
3516.0,36.8,-3.9000000000000004
3516.25,35.7,-3.64
3516.5,35.6,-3.7300000000000004
3516.75,35.3,-3.41
3517.0,34.07,-3.78
3517.25,34.22,-3.5300000000000002
3517.5,34.87,-3.7199999999999998
3517.75,35.19,-3.92
3518.0,34.120000000000005,-3.67
3518.25,34.8,-3.83
3518.5,34.24,-3.66
3518.75,34.9,-3.97
3519.0,34.19,-3.8200000000000003
3519.25,33.81,-3.9
3519.5,33.33,-3.93
3519.75,33.55,-3.83
3520.0,33.260000000000005,-3.83
3520.25,33.33,-3.7900000000000005
3520.5,32.95,-3.8800000000000003
3520.75,32.71,-3.54
3521.0,31.61,-3.62
3521.25,32.22,-3.4499999999999997
3521.5,31.79,-3.5199999999999996
3521.75,30.83,-3.29
3522.0,23.02,-2.37
3522.25,21.27,-2.63
3522.5,20.9,-2.5600000000000005
3522.75,20.42,-2.2800000000000002
3523.0,19.27,-2.18
3523.25,19.17,-2.15
3523.5,18.96,-2.27
3523.75,18.270000000000003,-2.06
3524.0,7.67,-0.25379999999999997
3524.25,5.8,0.1526
3524.5,4.79,0.47300000000000003
3524.75,4.824,0.5169999999999999
3525.0,2.974,0.40169999999999995
3525.25,2.924,0.6080000000000001
3525.5,2.7359999999999998,0.49300000000000005
3525.75,2.7140000000000004,0.5029999999999999
3526.0,2.939,0.7889999999999999
3526.25,2.929,0.549
3526.5,2.987,0.573
3526.75,3.016,0.636
3527.0,3.063,0.703
3527.25,3.1640000000000006,0.878
3527.5,2.935,0.624
3527.75,3.1599999999999997,0.847
3528.0,2.976,0.6
3528.25,2.8710000000000004,0.509
3528.5,2.932,0.5760000000000001
3528.75,2.918,0.5479999999999999
3529.0,2.967,0.6100000000000001
3529.25,2.8529999999999998,0.7689999999999999
3529.5,2.7479999999999998,0.727
3529.75,2.735,0.611
3530.0,2.847,0.797
3530.25,2.703,0.7070000000000001
3530.5,2.857,0.8959999999999999
3530.75,2.828,0.872
3531.0,2.705,0.724
3531.25,2.743,0.73
3531.5,2.633,0.637
3531.75,2.5730000000000004,0.552
3532.0,2.762,0.742
3532.25,2.8229999999999995,0.8270000000000001
3532.5,2.622,0.607
3532.75,2.68,0.6779999999999999
3533.0,2.702,0.696
3533.25,2.721,0.721
3533.5,2.7609999999999997,0.823
3533.75,2.8169999999999997,0.838
3534.0,2.912,0.971
3534.25,2.575,0.5375
3534.5,2.568,0.575
3534.75,6.62,-0.020000000000000018
3535.0,12.309999999999999,-0.92
3535.25,16.58,-1.4300000000000002
3535.5,31.72,-3.8100000000000005
3535.75,0.0,0.0
3536.0,0.0,0.0
3536.25,34.1,-4.19
3536.5,34.3,-3.94
3536.75,0.0,0.0
3537.0,35.3,-4.24
3537.25,36.4,-4.18
3537.5,37.6,-4.3100000000000005
3537.75,36.3,-4.46
3538.0,36.4,-4.26
3538.25,36.6,-4.36
3538.5,37.3,-4.25
3538.75,37.7,-4.36
3539.0,40.0,-3.9699999999999998
3539.25,40.6,-3.88
3539.5,41.1,-3.91
3539.75,41.3,-4.02
3540.0,39.400000000000006,-3.8600000000000003
3540.25,40.7,-3.89
3540.5,40.1,-3.59
3540.75,42.900000000000006,-3.7800000000000002
3541.0,42.7,-3.6100000000000003
3541.25,44.0,-3.7199999999999998
3541.5,45.3,-3.6300000000000003
3541.75,45.3,-3.39
3542.0,45.3,-3.5999999999999996
3542.25,46.9,-3.23
3542.5,45.1,-3.67
3542.75,44.5,-3.7600000000000002
3543.0,44.300000000000004,-3.73
3543.25,44.7,-3.66
3543.5,43.4,-3.92
3543.75,40.8,-3.8400000000000003
3544.0,41.2,-3.6999999999999997
3544.25,40.2,-3.89
3544.5,39.2,-3.8099999999999996
3544.75,38.8,-3.6399999999999997
3545.0,38.4,-3.56
3545.25,38.400000000000006,-3.77
3545.5,38.8,-4.03
3545.75,37.099999999999994,-3.9299999999999997
3546.0,35.8,-4.0
3546.25,35.6,-4.12
3546.5,32.83,-3.4299999999999997
3546.75,31.52,-3.35
3547.0,30.99,-3.36
3547.25,30.310000000000002,-3.1799999999999997
3547.5,29.27,-3.2399999999999998
3547.75,29.38,-2.9699999999999998
3548.0,13.0,-0.2397
3548.25,8.91,0.585
3548.5,7.907,0.631
3548.75,7.297000000000001,0.352
3549.0,5.819,0.732
3549.25,5.408,0.5482
3549.5,5.106999999999999,0.46572
3549.75,5.664000000000001,0.6950000000000001
3550.0,5.444000000000001,0.7058
3550.25,6.019,0.832
3550.5,5.917000000000001,0.8109999999999999
3550.75,5.917000000000001,0.8460000000000001
3551.0,5.726,0.7829999999999999
3551.25,5.731,0.886
3551.5,5.644,0.9349999999999999
3551.75,5.9350000000000005,0.811
3552.0,5.106999999999999,0.6206
3552.25,5.252,0.523
3552.5,5.579000000000001,0.6882
3552.75,5.413,0.493
3553.0,5.474,0.5121
3553.25,5.925,0.6873
3553.5,5.6770000000000005,0.6902
3553.75,5.6370000000000005,0.5761000000000001
3554.0,5.4110000000000005,0.6206
3554.25,5.5440000000000005,0.6678999999999999
3554.5,5.824,0.5432
3554.75,5.782,0.6436999999999999
3555.0,5.06,0.4989
3555.25,5.469,0.5535
3555.5,5.611000000000001,0.6071
3555.75,5.487,0.5501
3556.0,5.138999999999999,0.4442
3556.25,5.167,0.6311
3556.5,5.11,0.5549
3556.75,6.017,0.6930000000000001
3557.0,5.835,0.781
3557.25,5.605,0.6105
3557.5,5.188,0.4184
3557.75,5.606,0.5675
3558.0,5.559,0.486
3558.25,5.632,0.4185
3558.5,5.364,0.5077
3558.75,9.32,0.0633
3559.0,15.32,-0.63
3559.25,19.0,-1.25
3559.5,34.209999999999994,-3.45
3559.75,34.18,-3.52
3560.0,33.0,-3.46
3560.25,33.29,-3.5799999999999996
3560.5,33.85,-3.6799999999999997
3560.75,34.86,-3.74
3561.0,35.769999999999996,-3.7
3561.25,37.3,-3.87
3561.5,35.7,-3.85
3561.75,36.3,-4.08
3562.0,37.0,-3.9400000000000004
3562.25,38.9,-3.4499999999999997
3562.5,39.4,-3.47
3562.75,40.6,-3.73
3563.0,40.6,-3.67
3563.25,39.8,-3.58
3563.5,42.2,-3.74
3563.75,41.8,-3.29
3564.0,40.3,-3.62
3564.25,40.3,-3.64
3564.5,38.800000000000004,-3.5700000000000003
3564.75,37.9,-3.7
3565.0,40.3,-3.42
3565.25,40.7,-3.4699999999999998
3565.5,41.8,-3.42
3565.75,44.3,-3.54
3566.0,45.7,-3.5000000000000004
3566.25,44.4,-3.5500000000000003
3566.5,43.49999999999999,-3.1999999999999997
3566.75,46.5,-2.98
3567.0,46.800000000000004,-3.2199999999999998
3567.25,48.0,-3.2
3567.5,46.2,-3.01
3567.75,49.5,-3.08
3568.0,50.800000000000004,-2.75
3568.25,49.6,-2.75
3568.5,48.8,-3.04
3568.75,53.4,-1.3668
3569.0,49.6,-3.06
3569.25,48.9,-3.13
3569.5,47.9,-3.22
3569.75,49.699999999999996,-3.06
3570.0,47.0,-3.1
3570.25,47.4,-2.8200000000000003
3570.5,43.900000000000006,-2.52
3570.75,37.0,-2.46
3571.0,37.099999999999994,-2.14
3571.25,30.79,-1.1800000000000002
3571.5,25.150000000000002,-0.72
3571.75,21.869999999999997,-0.8300000000000001
3572.0,14.17,0.008379999999999999
3572.25,11.76,0.5183
3572.5,11.33,0.6486000000000001
3572.75,9.169999999999998,0.62305
3573.0,5.768000000000001,0.79312
3573.25,5.455,0.8662700000000001
3573.5,5.3759999999999994,0.8304499999999999
3573.75,4.828,0.7874
3574.0,4.66,0.606
3574.25,4.74,0.583
3574.5,4.776,0.617
3574.75,4.625,0.4391
3575.0,4.636,0.513
3575.25,4.7,0.683
3575.5,4.54,0.487
3575.75,4.71,0.682
3576.0,4.7330000000000005,0.681
3576.25,4.359,0.604
3576.5,4.312,0.6044
3576.75,4.577,0.9470000000000001
3577.0,4.406,0.74432
3577.25,2.72,0.4295
3577.5,2.663,0.46900000000000003
3577.75,2.687,0.497
3578.0,2.546,0.356
3578.25,2.544,0.33799999999999997
3578.5,2.636,0.43999999999999995
3578.75,2.71,0.598
3579.0,2.591,0.40399999999999997
3579.25,2.833,0.72
3579.5,2.637,0.485
3579.75,2.664,0.5339999999999999
3580.0,2.633,0.491
3580.25,2.602,0.37
3580.5,2.541,0.352
3580.75,2.7350000000000003,0.606
3581.0,2.566,0.38
3581.25,2.573,0.34900000000000003
3581.5,2.713,0.542
3581.75,2.625,0.45099999999999996
3582.0,2.724,0.446
3582.25,2.7769999999999997,0.7030000000000001
3582.5,3.116,0.30299999999999994
3582.75,24.65,-3.32
3583.0,30.13,-3.91
3583.25,32.400000000000006,-4.300000000000001
3583.5,34.1,-4.18
3583.75,32.12,-4.2
3584.0,32.8,-4.0
3584.25,32.11,-4.5
3584.5,32.339999999999996,-4.5
3584.75,34.65,-4.2
3585.0,36.3,-4.1
3585.25,38.4,-3.8
3585.5,40.0,-4.0
3585.75,40.7,-4.1
3586.0,41.5,-4.1
3586.25,43.0,-4.4
3586.5,43.2,-4.3
3586.75,43.9,-4.2
3587.0,42.1,-4.2
3587.25,43.4,-3.97
3587.5,43.5,-3.91
3587.75,43.7,-3.84
3588.0,43.0,-3.88
3588.25,44.7,-3.77
3588.5,44.9,-3.89
3588.75,45.0,-3.84
3589.0,43.7,-3.9499999999999997
3589.25,43.300000000000004,-4.1
3589.5,43.4,-4.2
3589.75,42.9,-4.02
3590.0,42.699999999999996,-3.6900000000000004
3590.25,45.3,-3.97
3590.5,46.3,-3.5
3590.75,46.0,-3.7199999999999998
3591.0,45.699999999999996,-3.9000000000000004
3591.25,44.3,-3.98
3591.5,43.6,-4.03
3591.75,44.6,-3.89
3592.0,44.2,-4.08
3592.25,42.4,-3.95
3592.5,42.3,-3.9299999999999997
3592.75,40.5,-3.85
3593.0,39.1,-3.6799999999999997
3593.25,39.1,-3.8499999999999996
3593.5,38.9,-3.94
3593.75,38.5,-3.9
3594.0,37.1,-3.7399999999999998
3594.25,36.7,-3.5300000000000002
3594.5,33.68,-3.0
3594.75,31.380000000000003,-3.24
3595.0,30.730000000000004,-3.24
3595.25,29.739999999999995,-2.94
3595.5,20.759999999999998,-1.25
3595.75,16.07,-1.13
3596.0,11.76,-0.5796
3596.25,6.061999999999999,0.10293000000000002
3596.5,6.22,0.526
3596.75,5.974,0.2403
3597.0,4.893999999999999,0.41
3597.25,4.7909999999999995,0.66067
3597.5,4.606,0.602
3597.75,4.623,0.6126999999999999
3598.0,4.7219999999999995,0.722
3598.25,4.4799999999999995,0.47640000000000005
3598.5,4.436,0.421
3598.75,3.397,0.4959
3599.0,2.483,0.4046
3599.25,2.529,0.48710000000000003
3599.5,2.641,0.651
3599.75,2.545,0.492
3600.0,2.588,0.639
3600.25,2.559,0.541
3600.5,2.377,0.29700000000000004
3600.75,2.411,0.29300000000000004
3601.0,2.599,0.496
3601.25,2.318,0.19699999999999998
3601.5,2.4410000000000003,0.3824
3601.75,2.4669999999999996,0.38
3602.0,2.458,0.3647
3602.25,2.463,0.3876
3602.5,2.613,0.5840000000000001
3602.75,2.62,0.5870000000000001
3603.0,2.436,0.3497
3603.25,2.495,0.423
3603.5,2.4040000000000004,0.328
3603.75,2.511,0.455
3604.0,2.567,0.453
3604.25,2.375,0.20600000000000002
3604.5,2.546,0.3978999999999999
3604.75,2.543,0.462
3605.0,2.533,0.43910000000000005
3605.25,2.577,0.555
3605.5,2.5389999999999997,0.494
3605.75,2.561,0.499
3606.0,2.377,0.28600000000000003
3606.25,2.367,0.2613
3606.5,2.574,0.5130000000000001
3606.75,3.8070000000000004,0.193
3607.0,5.7,0.09689999999999999
3607.25,5.43,0.1957
3607.5,5.699,0.39120000000000005
3607.75,5.193,0.5885
3608.0,5.912,0.591
3608.25,5.859,0.5329999999999999
3608.5,5.793,0.3701
3608.75,6.273,0.539
3609.0,6.107,0.3447
3609.25,6.119,0.351
3609.5,6.178,0.41500000000000004
3609.75,8.96,1.646
3610.0,7.077999999999999,0.4331
3610.25,9.7,0.577
3610.5,9.45,0.5529999999999999
3610.75,9.33,0.5449999999999999
3611.0,9.46,0.5269999999999999
3611.25,9.52,0.722
3611.5,8.56,0.656
3611.75,8.54,0.677
3612.0,8.15,0.613
3612.25,9.55,0.577
3612.5,10.689999999999998,0.5609
3612.75,10.32,0.6849999999999999
3613.0,10.04,0.49
3613.25,10.559999999999999,0.681
3613.5,10.25,0.52
3613.75,10.09,0.594
3614.0,9.64,0.647
3614.25,9.52,0.617
3614.5,10.13,0.611
3614.75,9.92,0.564
3615.0,9.54,0.382
3615.25,9.799999999999999,0.5279999999999999
3615.5,9.35,0.35799999999999993
3615.75,9.76,0.397
3616.0,9.57,0.38060000000000005
3616.25,9.690000000000001,0.4637
3616.5,9.969999999999999,0.40859999999999996
3616.75,8.82,0.468
3617.0,8.23,0.31799999999999995
3617.25,8.190000000000001,0.38299999999999995
3617.5,8.18,0.43599999999999994
3617.75,8.54,0.405
3618.0,8.31,0.5433
3618.25,8.25,0.503
3618.5,7.77,0.34299999999999997
3618.75,7.35,0.44
3619.0,9.09,0.7410000000000001
3619.25,8.78,0.6017
3619.5,9.489999999999998,0.7055
3619.75,9.21,0.638
3620.0,7.370000000000001,0.6759999999999999
3620.25,7.07,0.46799999999999997
3620.5,7.3,0.49240000000000006
3620.75,7.39,0.9020000000000001
3621.0,6.950000000000001,0.47090000000000004
3621.25,7.300000000000001,0.581
3621.5,7.73,0.733
3621.75,7.17,0.63
3622.0,9.200000000000001,0.7377
3622.25,9.990000000000002,0.8899999999999999
3622.5,9.879999999999999,1.0504
3622.75,9.899999999999999,0.9448000000000001
3623.0,8.32,0.8146
3623.25,7.494000000000001,0.75271
3623.5,7.387,0.6699999999999999
3623.75,7.304000000000001,0.597
3624.0,6.478,0.4902
3624.25,7.265,0.60204
3624.5,7.066999999999999,0.4503
3624.75,6.826,0.65111
3625.0,7.1049999999999995,0.47896
3625.25,7.159000000000001,0.506
3625.5,7.310999999999999,0.702
3625.75,5.992,0.8379
3626.0,2.988,0.5206
3626.25,2.886,0.42500000000000004
3626.5,2.86,0.4495
3626.75,2.951,0.5599999999999999
3627.0,2.882,0.4594
3627.25,2.822,0.39490000000000003
3627.5,2.735,0.30467
3627.75,2.818,0.36200000000000004
3628.0,2.968,0.578
3628.25,2.791,0.3508
3628.5,2.859,0.477
3628.75,3.018,0.641
3629.0,2.8019999999999996,0.37739999999999996
3629.25,2.7199999999999998,0.27929000000000004
3629.5,2.87,0.4613999999999999
3629.75,2.811,0.3599
3630.0,2.796,0.353
3630.25,2.811,0.3487
3630.5,2.935,0.585
3630.75,2.763,0.3486
3631.0,2.81,0.4170999999999999
3631.25,2.995,0.6509999999999999
3631.5,2.739,0.40700000000000003
3631.75,2.84,0.577
3632.0,0.0,0.0
3632.25,0.0,0.0
3632.5,0.0,0.0
3632.75,0.0,0.0
3633.0,0.0,0.0
3633.25,0.0,0.0
3633.5,0.0,0.0
3633.75,0.0,0.0
3634.0,0.0,0.0
3634.25,0.0,0.0
3634.5,0.0,0.0
3634.75,0.0,0.0
3635.0,0.0,0.0
3635.25,0.0,0.0
3635.5,0.0,0.0
3635.75,0.0,0.0
3636.0,0.0,0.0
3636.25,0.0,0.0
3636.5,0.0,0.0
3636.75,0.0,0.0
3637.0,0.0,0.0
3637.25,0.0,0.0
3637.5,0.0,0.0
3637.75,0.0,0.0
3638.0,0.0,0.0
3638.25,0.0,0.0
3638.5,0.0,0.0
3638.75,0.0,0.0
3639.0,0.0,0.0
3639.25,0.0,0.0
3639.5,0.0,0.0
3639.75,0.0,0.0
3640.0,0.0,0.0
3640.25,0.0,0.0
3640.5,0.0,0.0
3640.75,0.0,0.0
3641.0,0.0,0.0
3641.25,0.0,0.0
3641.5,4.03,1.6686
3641.75,3.871,1.3592
3642.0,3.3970000000000002,0.7849999999999999
3642.25,3.1870000000000003,0.607
3642.5,3.125,0.525
3642.75,3.179,0.604
3643.0,3.0940000000000003,0.4
3643.25,3.176,0.578
3643.5,3.0940000000000003,0.535
3643.75,3.025,0.44360000000000005
3644.0,3.012,0.425
3644.25,3.017,0.44713
3644.5,2.9429999999999996,0.3776999999999999
3644.75,3.016,0.43899999999999995
3645.0,2.9799999999999995,0.366
3645.25,3.159,0.638
3645.5,3.105,0.535
3645.75,3.0010000000000003,0.504
3646.0,3.214,0.8109999999999999
3646.25,2.981,0.498
3646.5,3.0629999999999997,0.5928
3646.75,2.993,0.504
3647.0,2.878,0.364
3647.25,2.94,0.42510000000000003
3647.5,2.916,0.3893
3647.75,2.919,0.3943
3648.0,3.027,0.5138999999999999
3648.25,2.992,0.495
3648.5,3.1109999999999998,0.62
3648.75,3.024,0.5700000000000001
3649.0,3.037,0.607
3649.25,2.978,0.493
3649.5,3.0940000000000003,0.647
3649.75,2.9130000000000003,0.41485700000000003
3650.0,2.851,0.3313
3650.25,3.042,0.552
3650.5,2.834,0.30389999999999995
3650.75,2.9040000000000004,0.39199999999999996
3651.0,3.0389999999999997,0.5279999999999999
3651.25,3.055,0.5331
3651.5,3.004,0.45999999999999996
3651.75,3.036,0.502
3652.0,3.012,0.4767
3652.25,2.931,0.3548
3652.5,3.061,0.49
3652.75,2.9010000000000002,0.32203000000000004
3653.0,2.951,0.39080000000000004
3653.25,3.0090000000000003,0.47040000000000004
3653.5,2.977,0.40726000000000007
3653.75,2.968,0.432
3654.0,2.9979999999999998,0.43100000000000005
3654.25,3.015,0.456
3654.5,2.979,0.44
3654.75,10.51,-0.7835
3655.0,35.96,-3.2800000000000002
3655.25,38.160000000000004,-3.4799999999999995
3655.5,38.52,-3.35
3655.75,39.05,-3.42
3656.0,39.7,-3.4499999999999997
3656.25,43.099999999999994,-3.16
3656.5,44.5,-3.18
3656.75,47.4,-3.61
3657.0,49.3,-3.72
3657.25,50.5,-3.95
3657.5,55.0,-1.3176999999999999
3657.75,58.0,-0.7349999999999999
3658.0,60.7,-2.3000000000000003
3658.25,61.0,-3.41
3658.5,58.900000000000006,-3.69
3658.75,58.2,-3.8899999999999997
3659.0,58.599999999999994,-3.5900000000000003
3659.25,57.7,-3.97
3659.5,61.1,-2.07
3659.75,62.5,-1.8199999999999998
3660.0,56.900000000000006,-3.1
3660.25,58.3,-3.21
3660.5,59.5,-3.27
3660.75,61.699999999999996,-3.5900000000000003
3661.0,61.7,-3.3899999999999997
3661.25,62.900000000000006,-3.62
3661.5,62.900000000000006,-3.4099999999999997
3661.75,63.800000000000004,-3.21
3662.0,64.6,-3.2099999999999995
3662.25,64.8,-2.92
3662.5,65.0,-3.24
3662.75,64.4,-2.9899999999999998
3663.0,63.3,-3.0900000000000003
3663.25,64.9,-3.0300000000000002
3663.5,64.2,-3.1
3663.75,64.5,-3.1900000000000004
3664.0,63.4,-3.2
3664.25,64.6,-3.13
3664.5,63.4,-3.32
3664.75,62.5,-3.3200000000000003
3665.0,57.199999999999996,-3.47
3665.25,54.5,-3.0
3665.5,53.599999999999994,-3.01
3665.75,47.7,-1.8211
3666.0,43.4,-1.4304999999999999
3666.25,43.4,-1.4100000000000001
3666.5,39.2,-1.94
3666.75,35.0,-1.5699999999999998
3667.0,33.61,-1.7699999999999998
3667.25,32.78,-1.62
3667.5,33.53,-1.6400000000000001
3667.75,32.14,-1.6600000000000001
3668.0,16.41,0.23300000000000004
3668.25,10.37,0.187
3668.5,8.67,0.449
3668.75,8.36,0.571
3669.0,7.03,0.623
3669.25,6.8100000000000005,0.752
3669.5,6.779999999999999,0.747
3669.75,6.25,0.718
3670.0,4.7940000000000005,0.562
3670.25,4.614,0.3908999999999999
3670.5,4.718,0.3677
3670.75,4.853,0.5399999999999999
3671.0,4.724,0.43679999999999997
3671.25,4.7250000000000005,0.439
3671.5,4.859,0.596
3671.75,4.678,0.5840000000000001
3672.0,4.301,0.5990000000000001
3672.25,4.303999999999999,0.581
3672.5,4.1209999999999996,0.312
3672.75,4.180000000000001,0.28550000000000003
3673.0,4.215,0.348
3673.25,4.202,0.4474
3673.5,4.01,0.6127
3673.75,2.6189999999999998,0.452
3674.0,2.4829999999999997,0.22709999999999997
3674.25,2.428,0.29169999999999996
3674.5,2.605,0.48200000000000004
3674.75,2.541,0.404
3675.0,2.546,0.41600000000000004
3675.25,2.581,0.46599999999999997
3675.5,2.425,0.23609999999999998
3675.75,2.455,0.299
3676.0,2.488,0.342
3676.25,2.445,0.3089
3676.5,2.4939999999999998,0.2813
3676.75,2.517,0.3509
3677.0,2.399,0.2524
3677.25,2.5180000000000002,0.39969999999999994
3677.5,2.528,0.36800000000000005
3677.75,2.445,0.28200000000000003
3678.0,2.493,0.31999999999999995
3678.25,2.66,0.42900000000000005
3678.5,2.403,0.24199999999999997
3678.75,5.029999999999999,-0.063
3679.0,11.16,-0.7235
3679.25,19.240000000000002,-1.6700000000000002
3679.5,35.9,-4.1
3679.75,37.47,-3.74
3680.0,39.5,-3.8000000000000003
3680.25,39.3,-3.79
3680.5,40.5,-3.79
3680.75,40.7,-3.71
3681.0,43.4,-3.7
3681.25,46.2,-3.7199999999999998
3681.5,48.300000000000004,-3.66
3681.75,49.2,-3.34
3682.0,49.4,-3.49
3682.25,49.199999999999996,-3.5599999999999996
3682.5,49.7,-3.53
3682.75,49.9,-3.4699999999999998
3683.0,49.699999999999996,-3.4699999999999998
3683.25,49.3,-3.53
3683.5,50.4,-2.9699999999999998
3683.75,50.1,-2.9699999999999998
3684.0,51.300000000000004,-2.83
3684.25,58.3,-2.66
3684.5,59.2,-2.76
3684.75,59.1,-2.74
3685.0,58.2,-2.9
3685.25,58.199999999999996,-2.99
3685.5,54.1,-3.4699999999999998
3685.75,54.8,-3.14
3686.0,54.8,-3.2600000000000002
3686.25,56.5,-2.96
3686.5,57.1,-2.81
3686.75,58.5,-2.9400000000000004
3687.0,59.0,-2.9499999999999997
3687.25,57.599999999999994,-2.6300000000000003
3687.5,58.4,-2.62
3687.75,58.8,-2.6799999999999997
3688.0,60.6,-2.34
3688.25,56.099999999999994,-2.49
3688.5,53.3,-2.56
3688.75,51.3,-2.48
3689.0,49.7,-2.59
3689.25,0.0,0.0
3689.5,44.2,-3.2199999999999998
3689.75,44.1,-3.0500000000000003
3690.0,41.9,-2.98
3690.25,42.6,-3.09
3690.5,42.4,-3.2
3690.75,36.07,-2.8600000000000003
3691.0,36.239999999999995,-2.68
3691.25,36.22,-2.85
3691.5,35.9,-2.68
3691.75,25.88,-1.2504999999999997
3692.0,18.05,-0.32200000000000006
3692.25,12.29,0.504
3692.5,9.700000000000001,0.53
3692.75,8.79,0.736
3693.0,7.05,0.9223
3693.25,7.14,0.8873
3693.5,7.220000000000001,0.8553
3693.75,6.859999999999999,0.8161
3694.0,7.0,0.7824
3694.25,7.01,0.9552
3694.5,6.87,1.021
3694.75,6.130000000000001,0.6673
3695.0,5.27,0.743
3695.25,4.83,0.4867
3695.5,5.2,0.686
3695.75,5.17,0.748
3696.0,4.97,0.673
3696.25,5.35,0.901
3696.5,5.3,0.813
3696.75,5.12,0.7878
3697.0,5.21,0.9380000000000001
3697.25,4.880000000000001,0.566
3697.5,4.9399999999999995,0.607
3697.75,5.16,0.7250000000000001
3698.0,4.88,0.5579999999999999
3698.25,4.9,0.5831999999999999
3698.5,5.2,0.795
3698.75,5.13,0.694
3699.0,5.21,0.8089999999999999
3699.25,5.18,0.84
3699.5,5.23,0.8049999999999999
3699.75,5.07,0.659
3700.0,5.17,0.8680000000000001
3700.25,5.04,0.5848
3700.5,4.99,0.663
3700.75,5.06,0.6829999999999999
3701.0,4.9,0.5329999999999999
3701.25,5.25,0.6729999999999999
3701.5,5.25,0.739
3701.75,5.17,0.6239
3702.0,5.25,0.9339999999999999
3702.25,5.26,0.962
3702.5,5.0,0.784
3702.75,7.04,0.43
3703.0,16.119999999999997,-0.9382
3703.25,19.28,-1.6100000000000003
3703.5,38.6,-3.6799999999999997
3703.75,41.4,-3.78
3704.0,41.4,-3.64
3704.25,42.5,-3.7
3704.5,43.3,-3.6799999999999997
3704.75,44.8,-3.8
3705.0,46.1,-3.8
3705.25,46.8,-3.9000000000000004
3705.5,49.099999999999994,-3.9
3705.75,48.0,-3.7
3706.0,48.3,-3.9
3706.25,48.0,-3.6900000000000004
3706.5,46.599999999999994,-3.9000000000000004
3706.75,48.8,-2.36
3707.0,50.800000000000004,-1.9014
3707.25,50.6,-2.26
3707.5,49.8,-2.3200000000000003
3707.75,48.0,-2.54
3708.0,46.7,-2.76
3708.25,45.6,-3.09
3708.5,46.0,-3.54
3708.75,47.3,-3.38
3709.0,51.900000000000006,-2.52
3709.25,47.49999999999999,-3.52
3709.5,47.39999999999999,-3.36
3709.75,46.6,-3.63
3710.0,47.599999999999994,-3.46
3710.25,48.5,-3.43
3710.5,47.1,-3.54
3710.75,48.00000000000001,-3.42
3711.0,47.0,-3.4099999999999997
3711.25,45.300000000000004,-3.54
3711.5,44.7,-3.72
3711.75,43.0,-3.6300000000000003
3712.0,42.9,-3.63
3712.25,41.8,-3.67
3712.5,40.2,-3.9
3712.75,40.3,-3.4600000000000004
3713.0,40.3,-3.36
3713.25,41.6,-3.43
3713.5,39.8,-4.050000000000001
3713.75,39.2,-3.7
3714.0,35.0,-3.49
3714.25,27.66,-2.2199999999999998
3714.5,26.96,-1.92
3714.75,24.73,-1.94
3715.0,24.060000000000002,-1.9100000000000001
3715.25,24.17,-1.727
3715.5,23.89,-1.98
3715.75,18.4,-1.2351
3716.0,8.81,0.0237
3716.25,8.030000000000001,0.03700000000000003
3716.5,6.880000000000001,0.302
3716.75,5.95,0.35949999999999993
3717.0,4.99,0.48350000000000004
3717.25,5.29,0.6990000000000001
3717.5,5.279999999999999,0.583
3717.75,5.15,0.628
3718.0,5.35,0.823
3718.25,5.17,0.633
3718.5,5.58,0.816
3718.75,5.45,0.636
3719.0,5.06,0.533
3719.25,5.02,0.38
3719.5,5.28,0.44000000000000006
3719.75,6.57,0.545
3720.0,6.83,0.7390000000000001
3720.25,6.950000000000001,0.7413
3720.5,6.92,0.749
3720.75,6.65,0.8099999999999999
3721.0,6.9,0.751
3721.25,6.57,0.796
3721.5,4.9399999999999995,0.7709999999999999
3721.75,4.8,0.638
3722.0,4.91,0.4266
3722.25,5.13,0.635
3722.5,4.86,0.5527
3722.75,5.19,0.6922
3723.0,5.119999999999999,0.8
3723.25,5.140000000000001,0.6859999999999999
3723.5,4.89,0.604
3723.75,4.72,0.735
3724.0,4.98,0.689
3724.25,4.92,0.663
3724.5,4.67,0.736
3724.75,5.21,0.784
3725.0,5.35,0.655
3725.25,5.09,0.6829999999999999
3725.5,4.79,0.44849999999999995
3725.75,4.89,0.5949
3726.0,4.88,0.589
3726.25,4.75,0.63
3726.5,4.75,0.5149999999999999
3726.75,8.26,-0.03400000000000003
3727.0,14.18,-0.711
3727.25,18.490000000000002,-0.724
3727.5,37.0,-3.7100000000000004
3727.75,37.099999999999994,-3.52
3728.0,38.1,-3.72
3728.25,38.9,-4.04
3728.5,37.56,-3.91
3728.75,40.900000000000006,-4.2
3729.0,40.5,-4.13
3729.25,41.6,-3.9000000000000004
3729.5,44.599999999999994,-3.72
3729.75,42.7,-3.66
3730.0,43.5,-3.46
3730.25,43.9,-3.57
3730.5,43.7,-3.41
3730.75,43.4,-3.4
3731.0,44.0,-3.4299999999999997
3731.25,44.3,-3.61
3731.5,45.3,-3.55
3731.75,45.4,-3.43
3732.0,44.3,-3.5300000000000002
3732.25,45.1,-3.71
3732.5,45.8,-3.5700000000000003
3732.75,44.400000000000006,-3.6
3733.0,44.3,-3.4699999999999998
3733.25,43.5,-3.56
3733.5,45.0,-3.19
3733.75,43.8,-2.93
3734.0,44.4,-3.06
3734.25,44.900000000000006,-3.1399999999999997
3734.5,44.2,-3.29
3734.75,45.5,-3.1900000000000004
3735.0,44.0,-3.4699999999999998
3735.25,44.7,-3.45
3735.5,45.800000000000004,-3.3400000000000003
3735.75,44.4,-3.6700000000000004
3736.0,46.2,-2.9699999999999998
3736.25,46.3,-3.27
3736.5,43.3,-3.51
3736.75,42.6,-3.42
3737.0,41.0,-3.4299999999999997
3737.25,41.3,-3.21
3737.5,41.5,-3.31
3737.75,41.5,-3.2800000000000002
3738.0,40.2,-2.86
3738.25,39.400000000000006,-3.24
3738.5,36.5,-2.52
3738.75,34.8,-2.1100000000000003
3739.0,32.87,-2.3000000000000003
3739.25,32.09,-2.1999999999999997
3739.5,26.799999999999997,-1.963
3739.75,21.080000000000002,-1.302
3740.0,10.23,0.12299999999999994
3740.25,8.719999999999999,0.27299999999999996
3740.5,7.23,0.5050000000000001
3740.75,6.77,0.527
3741.0,5.18,0.633
3741.25,5.390000000000001,0.95
3741.5,4.656,0.565
3741.75,4.478,0.4032
3742.0,4.802,0.657
3742.25,4.515,0.46740000000000004
3742.5,4.515,0.5278999999999999
3742.75,4.614,0.6380000000000001
3743.0,4.494,0.518
3743.25,4.545,0.5670000000000001
3743.5,4.557,0.5650000000000001
3743.75,4.603,0.587
3744.0,4.672,0.635
3744.25,4.57,0.57
3744.5,4.574,0.556
3744.75,4.613,0.563
3745.0,4.453,0.4210999999999999
3745.25,4.542999999999999,0.5273000000000001
3745.5,4.637,0.626
3745.75,4.439,0.3996
3746.0,4.52,0.514
3746.25,4.5840000000000005,0.579
3746.5,4.441000000000001,0.38099999999999995
3746.75,4.491,0.414
3747.0,4.654,0.63
3747.25,4.5809999999999995,0.511
3747.5,4.52,0.46599999999999997
3747.75,4.697,0.748
3748.0,4.422,0.3539
3748.25,4.468,0.43570000000000003
3748.5,4.454000000000001,0.39799999999999996
3748.75,4.423,0.3634
3749.0,4.434,0.37799999999999995
3749.25,4.443,0.38100000000000006
3749.5,4.507,0.47800000000000004
3749.75,4.535,0.404
3750.0,4.55,0.42100000000000004
3750.25,4.054,0.597
3750.5,4.052,0.588
3750.75,17.43,-1.6229999999999998
3751.0,30.47,-3.8
3751.25,31.970000000000002,-3.84
3751.5,33.9,-3.8200000000000003
3751.75,36.8,-3.8600000000000003
3752.0,35.400000000000006,-4.04
3752.25,38.400000000000006,-4.2
3752.5,39.8,-4.5
3752.75,39.9,-4.699999999999999
3753.0,39.2,-4.63
3753.25,37.099999999999994,-4.27
3753.5,37.599999999999994,-4.0
3753.75,37.9,-3.99
3754.0,38.0,-4.31
3754.25,39.1,-4.27
3754.5,38.599999999999994,-4.46
3754.75,39.3,-4.36
3755.0,36.7,-4.3
3755.25,37.2,-4.369999999999999
3755.5,39.2,-4.27
3755.75,39.7,-4.13
3756.0,40.4,-4.13
3756.25,41.3,-4.28
3756.5,40.8,-4.08
3756.75,40.5,-4.36
3757.0,41.599999999999994,-4.069999999999999
3757.25,42.1,-3.8499999999999996
3757.5,41.5,-4.08
3757.75,40.8,-4.02
3758.0,40.7,-4.24
3758.25,40.699999999999996,-4.390000000000001
3758.5,40.5,-4.18
3758.75,40.7,-4.119999999999999
3759.0,41.0,-3.88
3759.25,40.9,-4.11
3759.5,39.7,-4.3
3759.75,39.2,-4.04
3760.0,39.7,-4.04
3760.25,40.0,-4.25
3760.5,38.8,-4.01
3760.75,38.099999999999994,-4.08
3761.0,38.2,-3.96
3761.25,36.6,-4.02
3761.5,36.4,-4.0600000000000005
3761.75,35.2,-4.0600000000000005
3762.0,30.199999999999996,-3.34
3762.25,27.55,-2.36
3762.5,26.54,-2.1799999999999997
3762.75,26.39,-2.21
3763.0,26.22,-2.12
3763.25,23.33,-1.8499999999999999
3763.5,21.78,-1.7009999999999998
3763.75,18.759999999999998,-1.3679000000000001
3764.0,13.809999999999999,-0.52
3764.25,13.7,-0.418
3764.5,9.83,-0.11709999999999993
3764.75,6.14,0.45399999999999996
3765.0,6.24,0.78
3765.25,6.66,0.7766
3765.5,6.84,0.9200999999999999
3765.75,6.59,0.869
3766.0,5.94,0.747
3766.25,6.300000000000001,0.8959999999999999
3766.5,6.26,0.8760000000000001
3766.75,6.08,0.66
3767.0,6.01,0.7989999999999999
3767.25,5.84,0.7450000000000001
3767.5,5.709999999999999,0.5237999999999999
3767.75,5.98,0.87
3768.0,5.84,0.716
3768.25,5.8,0.6227
3768.5,5.880000000000001,0.708
3768.75,5.66,0.6719999999999999
3769.0,4.82,0.712
3769.25,4.073,0.7959999999999999
3769.5,3.8200000000000003,0.508
3769.75,3.9330000000000003,0.617
3770.0,3.933,0.606
3770.25,3.843,0.513
3770.5,3.8229999999999995,0.481
3770.75,3.9699999999999998,0.6579999999999999
3771.0,3.832,0.504
3771.25,3.923,0.5670000000000001
3771.5,3.933,0.53
3771.75,3.9330000000000003,0.6070000000000001
3772.0,3.965,0.5999999999999999
3772.25,3.977,0.6399999999999999
3772.5,3.9979999999999998,0.6819999999999999
3772.75,4.3,0.945
3773.0,3.929,0.579
3773.25,3.9050000000000002,0.5459999999999999
3773.5,3.843,0.45199999999999996
3773.75,3.8100000000000005,0.347
3774.0,3.981,0.48
3774.25,3.864,0.357
3774.5,3.958,0.491
3774.75,4.479,0.633
3775.0,4.441,0.48399999999999993
3775.25,5.73,0.30100000000000005
3775.5,6.21,0.52
3775.75,5.609999999999999,0.29500000000000004
3776.0,5.58,0.213
3776.25,5.7299999999999995,0.367
3776.5,5.49,0.09600000000000003
3776.75,5.630000000000001,0.24460000000000004
3777.0,6.27,0.208
3777.25,5.5,0.13
3777.5,8.41,1.3599999999999999
3777.75,6.05,0.10300000000000004
3778.0,6.21,0.268
3778.25,7.78,0.5800000000000001
3778.5,12.440000000000001,2.2600000000000002
3778.75,12.78,2.48
3779.0,13.08,2.52
3779.25,12.34,2.74
3779.5,12.440000000000001,2.86
3779.75,12.21,2.2300000000000004
3780.0,10.89,1.379
3780.25,10.96,2.588
3780.5,10.64,2.92
3780.75,10.62,2.52
3781.0,10.01,2.225
3781.25,9.629999999999999,2.442
3781.5,8.8,2.45
3781.75,10.8,2.92
3782.0,10.24,2.376
3782.25,9.71,2.16
3782.5,10.98,3.31
3782.75,10.85,2.79
3783.0,9.41,1.744
3783.25,10.7,2.86
3783.5,11.09,3.15
3783.75,8.899999999999999,1.096
3784.0,10.93,1.941
3784.25,10.84,2.96
3784.5,9.34,2.25
3784.75,8.42,2.0300000000000002
3785.0,10.85,2.93
3785.25,10.36,1.498
3785.5,11.29,2.142
3785.75,10.11,1.6350000000000002
3786.0,4.02,0.2898
3786.25,4.0600000000000005,0.40099999999999997
3786.5,4.026,0.41000000000000003
3786.75,3.857,0.387
3787.0,3.814,0.4172
3787.25,3.8049999999999997,0.347
3787.5,3.907,0.611
3787.75,3.854,0.588
3788.0,3.859,0.606
3788.25,3.901,0.663
3788.5,3.927,0.679
3788.75,3.7720000000000002,0.5087
3789.0,3.7590000000000003,0.485
3789.25,3.7140000000000004,0.425
3789.5,3.7300000000000004,0.466
3789.75,3.8729999999999998,0.661
3790.0,3.782,0.504
3790.25,3.955,0.6589999999999999
3790.5,3.7680000000000002,0.4670000000000001
3790.75,4.027,0.878
3791.0,3.824,0.641
3791.25,3.8120000000000003,0.622
3791.5,3.9170000000000003,0.704
3791.75,3.7569999999999997,0.525
3792.0,3.702,0.41669999999999996
3792.25,3.883,0.656
3792.5,3.8,0.5962999999999999
3792.75,3.7779999999999996,0.5802
3793.0,3.891,0.66
3793.25,3.916,0.61
3793.5,3.787,0.549
3793.75,3.936,0.721
3794.0,3.7650000000000006,0.571
3794.25,3.854,0.6779999999999999
3794.5,3.872,0.6779999999999999
3794.75,3.9130000000000003,0.766
3795.0,3.803,0.588
3795.25,3.7889999999999997,0.54
3795.5,3.856,0.525
3795.75,3.696,0.42700000000000005
3796.0,3.793,0.5429999999999999
3796.25,3.816,0.49000000000000005
3796.5,3.907,0.597
3796.75,3.9849999999999994,0.791
3797.0,4.007,0.8410000000000001
3797.25,3.841,0.634
3797.5,3.84,0.6140000000000001
3797.75,3.782,0.542
3798.0,3.7880000000000003,0.538
3798.25,3.806,0.543
3798.5,3.71,0.44300000000000006
3798.75,3.8390000000000004,0.59
3799.0,4.68,0.567
3799.25,3.879,0.45469999999999994
3799.5,3.976,0.622
3799.75,4.021,0.6769999999999999
3800.0,3.7809999999999997,0.6379999999999999
3800.25,3.4240000000000004,0.788
3800.5,3.362,0.718
3800.75,3.329,0.7570000000000001
3801.0,3.359,0.744
3801.25,3.701,0.829
3801.5,3.219,0.6020000000000001
3801.75,3.304,0.7150000000000001
3802.0,3.437,0.868
3802.25,3.209,0.6040000000000001
3802.5,3.229,0.621
3802.75,3.3420000000000005,0.72
3803.0,3.397,0.8160000000000001
3803.25,3.335,0.755
3803.5,3.754,0.913
3803.75,3.529,0.81
3804.0,3.513,0.646
3804.25,3.3309999999999995,0.709
3804.5,3.323,0.697
3804.75,3.326,0.731
3805.0,3.3,0.658
3805.25,3.439,0.8699999999999999
3805.5,3.252,0.625
3805.75,3.338,0.631
3806.0,3.511,0.854
3806.25,3.4160000000000004,0.8260000000000001
3806.5,3.471,0.894
3806.75,3.372,0.784
3807.0,3.416,0.826
3807.25,4.43,0.403
3807.5,6.24,0.18099999999999994
3807.75,6.2700000000000005,0.10999999999999999
3808.0,6.55,-0.002000000000000113
3808.25,6.280000000000001,-0.17199999999999993
3808.5,6.369999999999999,0.18300000000000005
3808.75,6.2700000000000005,0.07800000000000007
3809.0,6.18,-0.03600000000000003
3809.25,6.340000000000001,0.13099999999999995
3809.5,6.16,0.14300000000000002
3809.75,5.77,0.07399999999999995
3810.0,6.07,0.011999999999999955
3810.25,5.359999999999999,0.5589999999999999
3810.5,5.720000000000001,0.5992999999999999
3810.75,5.72,0.6779999999999999
3811.0,6.32,0.8295
3811.25,6.28,0.6639999999999999
3811.5,6.25,0.6726
3811.75,6.49,0.98992
3812.0,5.49,0.631
3812.25,5.66,0.7090000000000001
3812.5,5.82,0.9165000000000001
3812.75,5.6499999999999995,0.726
3813.0,5.72,0.863
3813.25,5.63,0.715
3813.5,5.79,0.903
3813.75,5.62,0.736
3814.0,5.66,0.7350000000000001
3814.25,6.279999999999999,0.774
3814.5,5.5600000000000005,0.6449999999999999
3814.75,5.56,0.549
3815.0,5.909999999999999,1.018
3815.25,5.66,0.7899999999999999
3815.5,5.640000000000001,0.8488
3815.75,5.73,1.012
3816.0,5.49,0.6890000000000001
3816.25,5.49,0.673
3816.5,5.68,0.9501999999999999
3816.75,5.66,0.95
3817.0,5.47,0.6839999999999999
3817.25,4.69,0.5559999999999999
3817.5,3.928,0.698
3817.75,3.8200000000000003,0.57
3818.0,3.8169999999999997,0.601
3818.25,4.055,0.828
3818.5,3.872,0.578
3818.75,3.8209999999999997,0.509
3819.0,3.9050000000000002,0.673
3819.25,3.7970000000000006,0.47100000000000003
3819.5,3.788,0.397
3819.75,3.746,0.3471
3820.0,4.0440000000000005,0.788
3820.25,3.914,0.6514
3820.5,3.8709999999999996,0.5947
3820.75,3.966,0.6970000000000001
3821.0,3.763,0.4424
3821.25,3.846,0.542
3821.5,3.976,0.666
3821.75,3.9049999999999994,0.588
3822.0,3.819,0.517
3822.25,3.806,0.471
3822.5,3.797,0.492
3822.75,8.049999999999999,-0.391
3823.0,15.110000000000001,-0.9550000000000001
3823.25,21.59,-1.48
3823.5,33.099999999999994,-3.67
3823.75,38.7,-3.75
3824.0,36.7,-3.54
3824.25,37.4,-3.8600000000000003
3824.5,40.5,-3.79
3824.75,42.7,-3.6100000000000003
3825.0,42.1,-3.69
3825.25,44.199999999999996,-3.8800000000000003
3825.5,44.7,-3.92
3825.75,45.599999999999994,-3.73
3826.0,48.099999999999994,-3.7
3826.25,49.4,-3.7700000000000005
3826.5,48.300000000000004,-3.8000000000000003
3826.75,49.3,-3.7
3827.0,47.599999999999994,-3.8000000000000003
3827.25,48.400000000000006,-3.8200000000000003
3827.5,48.7,-3.8200000000000003
3827.75,47.2,-3.57
3828.0,45.0,-3.67
3828.25,46.8,-3.6
3828.5,49.9,-3.34
3828.75,49.9,-3.4699999999999998
3829.0,54.900000000000006,-3.54
3829.25,51.2,-4.0200000000000005
3829.5,51.8,-3.92
3829.75,51.3,-3.93
3830.0,53.300000000000004,-4.13
3830.25,51.9,-4.220000000000001
3830.5,52.800000000000004,-4.0600000000000005
3830.75,55.800000000000004,-3.5
3831.0,55.800000000000004,-3.59
3831.25,53.0,-3.46
3831.5,54.10000000000001,-2.7800000000000002
3831.75,56.3,-0.7846
3832.0,55.800000000000004,-0.88
3832.25,51.0,-1.5700000000000003
3832.5,50.1,-1.87
3832.75,51.3,-0.49500000000000005
3833.0,47.199999999999996,-0.39000000000000007
3833.25,47.099999999999994,-1.3040000000000003
3833.5,47.3,-0.6299999999999999
3833.75,47.0,-0.43999999999999995
3834.0,43.800000000000004,-0.73
3834.25,41.599999999999994,-1.66
3834.5,39.6,-0.259
3834.75,37.1,-0.4049999999999999
3835.0,36.400000000000006,-0.344
3835.25,34.5,-1.57
3835.5,36.5,-0.43899999999999995
3835.75,29.749999999999996,1.0190000000000001
3836.0,13.18,-0.18599999999999994
3836.25,12.329999999999998,-0.10700000000000004
3836.5,11.6,0.014999999999999958
3836.75,7.952,0.1833
3837.0,5.515,0.46599999999999997
3837.25,5.59,0.5680000000000001
3837.5,5.678999999999999,0.359
3837.75,5.462,0.423
3838.0,5.5009999999999994,0.51
3838.25,5.422000000000001,0.41978000000000004
3838.5,5.3549999999999995,0.3556
3838.75,5.310999999999999,0.537
3839.0,5.266,0.5235000000000001
3839.25,5.187,0.4287
3839.5,5.455,0.719
3839.75,5.1979999999999995,0.4367
3840.0,5.366,0.6839999999999999
3840.25,5.392,0.667
3840.5,5.2250000000000005,0.466
3840.75,5.1370000000000005,0.377
3841.0,5.377999999999999,0.661
3841.25,5.127,0.322
3841.5,5.226,0.44430000000000003
3841.75,5.16,0.36
3842.0,5.218,0.44739999999999996
3842.25,5.171,0.3885
3842.5,5.303000000000001,0.549
3842.75,5.332000000000001,0.486
3843.0,5.292999999999999,0.532
3843.25,5.214,0.4953
3843.5,5.281,0.529
3843.75,5.213000000000001,0.4134
3844.0,5.205,0.4417
3844.25,5.215,0.453
3844.5,5.188,0.4027
3844.75,5.164000000000001,0.406
3845.0,5.369,0.5232
3845.25,5.285,0.4375
3845.5,5.355,0.602
3845.75,5.3389999999999995,0.5432
3846.0,3.9330000000000003,0.578
3846.25,3.295,0.362
3846.5,3.034,0.2721
3846.75,5.21,0.04130000000000003
3847.0,15.200000000000001,-1.1
3847.25,16.85,-1.26
3847.5,32.14,-3.57
3847.75,34.7,-3.99
3848.0,37.099999999999994,-4.0
3848.25,37.5,-4.19
3848.5,38.6,-3.88
3848.75,41.599999999999994,-4.0
3849.0,43.8,-3.96
3849.25,49.99999999999999,-3.76
3849.5,51.0,-3.51
3849.75,49.8,-3.8
3850.0,50.800000000000004,-3.7699999999999996
3850.25,53.5,-3.3
3850.5,53.300000000000004,-3.3500000000000005
3850.75,53.2,-3.3
3851.0,53.0,-3.46
3851.25,52.3,-3.5100000000000002
3851.5,54.599999999999994,-2.9400000000000004
3851.75,56.39999999999999,-3.0199999999999996
3852.0,56.5,-3.1399999999999997
3852.25,57.5,-2.85
3852.5,56.4,-3.0999999999999996
3852.75,56.5,-3.2
3853.0,56.4,-3.1599999999999997
3853.25,54.099999999999994,-3.34
3853.5,53.5,-3.18
3853.75,51.800000000000004,-3.5700000000000003
3854.0,51.9,-3.32
3854.25,53.0,-3.0
3854.5,55.7,-2.96
3854.75,58.900000000000006,-2.1
3855.0,59.1,-0.373
3855.25,61.9,-0.139
3855.5,59.8,-0.476
3855.75,59.8,-0.6099999999999999
3856.0,55.2,-1.0
3856.25,51.3,-1.91
3856.5,51.8,-2.42
3856.75,52.7,-0.42600000000000005
3857.0,48.400000000000006,-0.36700000000000005
3857.25,47.60000000000001,-0.723
3857.5,47.7,-0.515
3857.75,48.5,-0.3685
3858.0,40.7,-2.37
3858.25,34.5,0.3299999999999999
3858.5,29.45,-1.017
3858.75,26.35,-2.12
3859.0,33.2,0.829
3859.25,32.6,0.6719999999999999
3859.5,28.86,-0.7214
3859.75,28.91,0.7810000000000001
3860.0,20.619999999999997,1.968
3860.25,18.61,1.1713
3860.5,18.810000000000002,2.052
3860.75,17.29,2.16
3861.0,5.673,0.477
3861.25,5.881,0.625
3861.5,5.656,0.4597
3861.75,5.039,0.3965
3862.0,5.02,0.489
3862.25,4.9270000000000005,0.5126000000000001
3862.5,4.991,0.711
3862.75,4.931,0.793
3863.0,4.649,0.3933
3863.25,4.816000000000001,0.599
3863.5,4.792,0.609
3863.75,4.710999999999999,0.49
3864.0,4.796,0.5900000000000001
3864.25,4.797000000000001,0.648
3864.5,4.619999999999999,0.32130000000000003
3864.75,4.678000000000001,0.481
3865.0,4.693,0.47
3865.25,4.778,0.633
3865.5,4.649,0.54
3865.75,2.9810000000000003,0.31899999999999995
3866.0,3.126,0.43800000000000006
3866.25,3.0070000000000006,0.3202
3866.5,3.007,0.314
3866.75,3.2490000000000006,0.635
3867.0,3.032,0.397
3867.25,3.0469999999999997,0.422
3867.5,3.089,0.404
3867.75,3.0770000000000004,0.42619999999999997
3868.0,2.971,0.3013
3868.25,3.085,0.417
3868.5,2.9800000000000004,0.289
3868.75,2.922,0.21799999999999997
3869.0,2.9610000000000003,0.24960000000000004
3869.25,3.054,0.37
3869.5,3.018,0.26499999999999996
3869.75,3.159,0.425
3870.0,3.171,0.53
3870.25,3.0170000000000003,0.392
3870.5,2.989,0.32699999999999996
3870.75,20.13,-2.55
3871.0,35.0,-3.6700000000000004
3871.25,36.61,-3.8
3871.5,43.3,-2.84
3871.75,48.5,-2.85
3872.0,49.9,-1.9037
3872.25,53.5,-0.206
3872.5,55.7,0.101
3872.75,55.5,-1.549
3873.0,58.0,-2.3817
3873.25,54.9,-2.185
3873.5,59.3,-2.088
3873.75,67.9,0.5069999999999999
3874.0,66.9,0.481
3874.25,69.7,0.38199999999999995
3874.5,67.9,0.5489999999999999
3874.75,68.0,0.613
3875.0,66.9,0.737
3875.25,62.1,0.249
3875.5,62.800000000000004,-0.261
3875.75,67.1,1.032
3876.0,65.0,0.504
3876.25,64.1,-1.4546
3876.5,67.2,1.472
3876.75,66.5,1.266
3877.0,65.39999999999999,1.408
3877.25,63.1,0.8660000000000001
3877.5,64.9,-0.18699999999999994
3877.75,64.5,-0.133
3878.0,69.0,2.259
3878.25,69.3,2.137
3878.5,68.0,2.05
3878.75,70.39999999999999,2.117
3879.0,69.7,0.619
3879.25,67.4,1.859
3879.5,66.19999999999999,1.5750000000000002
3879.75,63.3,0.786
3880.0,58.5,0.563
3880.25,58.5,0.11600000000000005
3880.5,58.6,0.24099999999999988
3880.75,57.800000000000004,0.16099999999999992
3881.0,57.199999999999996,0.604
3881.25,55.9,0.33100000000000007
3881.5,54.6,0.44699999999999984
3881.75,55.300000000000004,0.5289999999999999
3882.0,52.1,0.716
3882.25,50.7,-0.15699999999999992
3882.5,46.4,0.23899999999999988
3882.75,43.1,1.126
3883.0,42.900000000000006,0.923
3883.25,43.5,1.1520000000000001
3883.5,43.3,1.093
3883.75,31.38,3.042
3884.0,20.82,1.5679999999999998
3884.25,19.09,1.332
3884.5,16.54,1.6030000000000002
3884.75,11.87,1.347
3885.0,7.700000000000001,0.713
3885.25,7.949999999999999,0.663
3885.5,7.68,0.7829999999999999
3885.75,7.6499999999999995,0.742
3886.0,7.34,0.732
3886.25,5.337,0.575
3886.5,5.348999999999999,0.657
3886.75,5.247,0.498
3887.0,5.305,0.5738
3887.25,5.288,0.531
3887.5,5.2589999999999995,0.5477000000000001
3887.75,5.2299999999999995,0.4644
3888.0,5.399,0.6753800000000001
3888.25,5.248,0.4968
3888.5,5.303,0.593
3888.75,5.425,0.746
3889.0,5.250000000000001,0.5543
3889.25,5.23,0.5415
3889.5,5.394,0.7058
3889.75,5.271999999999999,0.4956
3890.0,5.313,0.6000000000000001
3890.25,5.377,0.6942999999999999
3890.5,5.313,0.551709
3890.75,5.361999999999999,0.511
3891.0,5.366,0.5569999999999999
3891.25,5.3,0.577
3891.5,5.25,0.4737
3891.75,5.211,0.454
3892.0,5.286,0.5289999999999999
3892.25,5.227,0.39794
3892.5,5.294,0.4932
3892.75,5.345,0.5929
3893.0,5.2170000000000005,0.4052
3893.25,5.214,0.3791
3893.5,5.248,0.427
3893.75,5.379,0.5619999999999999
3894.0,5.18,0.3221
3894.25,3.149,0.2834
3894.5,3.1449999999999996,0.47
3894.75,4.574,0.3631
3895.0,6.61,0.031720000000000026
3895.25,8.27,0.12200000000000003
3895.5,14.01,0.8600000000000001
3895.75,16.71,1.331
3896.0,15.86,1.2930000000000001
3896.25,17.41,1.1219999999999999
3896.5,18.630000000000003,0.625
3896.75,19.57,0.676
3897.0,23.05,2.328
3897.25,22.98,2.2479999999999998
3897.5,22.84,2.119
3897.75,24.14,2.2510000000000003
3898.0,21.95,1.58
3898.25,21.81,1.65
3898.5,21.509999999999998,1.597
3898.75,22.61,1.912
3899.0,21.48,2.145
3899.25,20.66,1.311
3899.5,18.75,0.49300000000000005
3899.75,19.3,0.8320000000000001
3900.0,19.58,0.7889999999999999
3900.25,17.65,0.849
3900.5,19.08,0.42799999999999994
3900.75,18.12,0.2440000000000001
3901.0,18.65,0.962
3901.25,18.46,0.971
3901.5,18.03,0.705
3901.75,17.94,0.737
3902.0,17.27,0.242
3902.25,16.07,-0.02354999999999996
3902.5,15.75,0.445
3902.75,16.18,0.437
3903.0,16.11,0.485
3903.25,16.71,0.464
3903.5,16.61,-0.10499999999999998
3903.75,16.31,0.1309999999999999
3904.0,15.64,0.534
3904.25,16.14,0.28300000000000003
3904.5,16.5,0.5720000000000001
3904.75,15.97,0.7489999999999999
3905.0,14.18,1.1230000000000002
3905.25,15.51,1.2919999999999998
3905.5,14.81,1.237
3905.75,13.830000000000002,1.1829999999999998
3906.0,13.860000000000001,1.0230000000000001
3906.25,14.399999999999999,1.2910000000000001
3906.5,14.73,1.271
3906.75,16.03,1.2429999999999999
3907.0,14.48,0.577
3907.25,15.290000000000001,0.989
3907.5,15.45,1.306
3907.75,15.86,1.653
3908.0,15.49,1.516
3908.25,14.440000000000001,0.841
3908.5,14.96,1.608
3908.75,9.56,0.7949999999999999
3909.0,5.5,0.676
3909.25,5.199999999999999,0.502
3909.5,5.1899999999999995,0.591
3909.75,5.254999999999999,0.67317
3910.0,4.964,0.40800000000000003
3910.25,4.95,0.385
3910.5,5.119999999999999,0.669
3910.75,4.970000000000001,0.524
3911.0,5.039999999999999,0.5920000000000001
3911.25,5.098999999999999,0.6759999999999999
3911.5,5.02,0.5700000000000001
3911.75,4.9,0.405
3912.0,5.05,0.577
3912.25,5.039,0.579
3912.5,4.949999999999999,0.48000000000000004
3912.75,5.07,0.573
3913.0,5.0280000000000005,0.579
3913.25,3.585,0.2717
3913.5,3.335,0.451
3913.75,3.2270000000000003,0.353
3914.0,3.286,0.43899999999999995
3914.25,3.197,0.309
3914.5,3.146,0.24359999999999998
3914.75,3.3890000000000002,0.5329999999999999
3915.0,3.218,0.295
3915.25,3.197,0.27799999999999997
3915.5,3.2010000000000005,0.28409999999999996
3915.75,3.385,0.511
3916.0,3.1500000000000004,0.236
3916.25,3.2700000000000005,0.41700000000000004
3916.5,3.435,0.592
3916.75,3.266,0.39699999999999996
3917.0,3.194,0.294
3917.25,3.221,0.32099999999999995
3917.5,3.219,0.318
3917.75,3.175,0.257
3918.0,3.2439999999999998,0.33699999999999997
3918.25,3.283,0.376
3918.5,3.1189999999999998,0.277
3918.75,16.57,-1.59
3919.0,33.94,-3.2399999999999998
3919.25,35.3,-3.6
3919.5,37.7,-3.79
3919.75,40.3,-4.0
3920.0,41.900000000000006,-3.8
3920.25,44.2,-3.4
3920.5,45.099999999999994,-4.0
3920.75,46.5,-3.9
3921.0,45.699999999999996,-4.3
3921.25,45.9,-4.0
3921.5,45.6,-3.8499999999999996
3921.75,48.5,-3.79
3922.0,49.599999999999994,-4.1
3922.25,50.4,-4.1
3922.5,47.3,-4.3
3922.75,48.0,-4.4
3923.0,47.8,-4.3
3923.25,48.3,-4.1
3923.5,51.0,-4.2
3923.75,47.39999999999999,-4.4
3924.0,49.2,-4.1
3924.25,50.2,-4.1
3924.5,51.099999999999994,-4.2
3924.75,51.599999999999994,-4.1000000000000005
3925.0,53.6,-3.7600000000000002
3925.25,54.599999999999994,-3.8099999999999996
3925.5,52.9,-3.69
3925.75,53.199999999999996,-3.8
3926.0,51.8,-4.109999999999999
3926.25,52.1,-3.84
3926.5,50.2,-4.34
3926.75,52.7,-4.0
3927.0,53.3,-4.08
3927.25,52.7,-4.16
3927.5,52.50000000000001,-4.13
3927.75,51.8,-4.050000000000001
3928.0,52.00000000000001,-4.2
3928.25,49.00000000000001,-4.07
3928.5,47.8,-4.2299999999999995
3928.75,46.8,-3.97
3929.0,47.2,-3.69
3929.25,44.1,-3.8000000000000003
3929.5,41.9,-4.0600000000000005
3929.75,39.8,-4.26
3930.0,38.1,-4.1
3930.25,38.2,-4.09
3930.5,34.76,-3.48
3930.75,33.269999999999996,-3.4499999999999997
3931.0,31.89,-3.4899999999999998
3931.25,31.549999999999997,-3.3899999999999997
3931.5,30.56,-3.19
3931.75,17.99,-1.52
3932.0,11.0,-0.22920000000000001
3932.25,7.58,0.06170000000000003
3932.5,7.452000000000001,0.14800000000000008
3932.75,7.3549999999999995,0.10329999999999995
3933.0,6.378,0.401
3933.25,6.101999999999999,0.34199999999999997
3933.5,5.367999999999999,0.3413
3933.75,4.138,0.516
3934.0,3.5909999999999997,0.487
3934.25,3.5159999999999996,0.315
3934.5,3.495,0.27999999999999997
3934.75,3.465,0.23890000000000003
3935.0,3.384,0.1563
3935.25,3.4929999999999994,0.29
3935.5,3.481,0.28770000000000007
3935.75,3.642,0.5024
3936.0,3.4210000000000003,0.23470000000000002
3936.25,3.559,0.392
3936.5,3.6220000000000003,0.521
3936.75,3.5549999999999997,0.44799999999999995
3937.0,3.623,0.476
3937.25,3.4509999999999996,0.25570000000000004
3937.5,3.417,0.2142
3937.75,3.5189999999999997,0.32899999999999996
3938.0,3.48,0.3266
3938.25,3.4589999999999996,0.31300000000000006
3938.5,3.509,0.34400000000000003
3938.75,3.542,0.369
3939.0,3.5629999999999997,0.41899999999999993
3939.25,3.5309999999999997,0.365
3939.5,3.6289999999999996,0.477
3939.75,3.439,0.2886000000000001
3940.0,3.4690000000000003,0.2866
3940.25,3.5389999999999997,0.4095
3940.5,3.458,0.29399999999999993
3940.75,3.5279999999999996,0.37500000000000006
3941.0,3.4989999999999997,0.3619
3941.25,3.627,0.3520000000000001
3941.5,3.5629999999999997,0.353
3941.75,3.569,0.425
3942.0,3.848,0.609
3942.25,3.512,0.4780000000000001
3942.5,2.89,0.30069999999999997
3942.75,4.4,0.193
3943.0,6.52,0.019999999999999962
3943.25,7.359999999999999,0.07719999999999999
3943.5,7.010000000000001,0.28600000000000003
3943.75,7.0600000000000005,0.3580000000000001
3944.0,6.32,0.30399999999999994
3944.25,6.51,0.256
3944.5,7.67,0.405
3944.75,7.36,0.16800000000000004
3945.0,7.07,0.26699999999999996
3945.25,6.75,0.16699999999999998
3945.5,6.6000000000000005,0.166
3945.75,6.6000000000000005,0.09929999999999994
3946.0,6.930000000000001,0.0731
3946.25,7.07,0.273
3946.5,7.09,0.16940000000000005
3946.75,7.83,0.18500000000000005
3947.0,7.5600000000000005,0.26099999999999995
3947.25,7.529999999999999,0.293
3947.5,7.2,0.07380000000000003
3947.75,7.34,0.12819999999999998
3948.0,7.38,0.306
3948.25,7.609999999999999,0.3508
3948.5,7.52,0.31389999999999996
3948.75,6.34,0.24
3949.0,6.38,0.367
3949.25,6.5,0.346
3949.5,6.37,0.473
3949.75,6.539999999999999,0.43
3950.0,6.65,0.313
3950.25,7.19,0.2182
3950.5,6.84,0.312
3950.75,6.64,0.19119999999999998
3951.0,7.2299999999999995,0.15359999999999996
3951.25,6.9,0.09260000000000002
3951.5,6.5600000000000005,0.388
3951.75,6.46,0.3
3952.0,6.75,0.192
3952.25,7.180000000000001,0.194
3952.5,6.989999999999999,0.01799999999999996
3952.75,6.96,-0.009100000000000052
3953.0,6.93,-0.055999999999999994
3953.25,7.02,0.08000000000000002
3953.5,6.91,-0.043899999999999995
3953.75,6.88,0.0126
3954.0,5.529999999999999,0.319
3954.25,5.359999999999999,0.38079999999999997
3954.5,4.8790000000000004,0.523
3954.75,3.358,0.51
3955.0,2.759,0.531
3955.25,2.693,0.472
3955.5,2.598,0.3275
3955.75,2.622,0.32499999999999996
3956.0,2.525,0.23659999999999998
3956.25,2.54,0.2525
3956.5,2.5949999999999998,0.33
3956.75,2.6029999999999998,0.345
3957.0,2.737,0.528
3957.25,2.8129999999999997,0.6679999999999999
3957.5,2.73,0.5509999999999999
3957.75,2.677,0.507
3958.0,2.5700000000000003,0.34630000000000005
3958.25,2.6369999999999996,0.396
3958.5,2.606,0.391
3958.75,2.668,0.46
3959.0,2.568,0.33230000000000004
3959.25,2.687,0.45899999999999996
3959.5,2.723,0.43099999999999994
3959.75,2.715,0.5549999999999999
3960.0,2.7750000000000004,0.608
3960.25,2.7089999999999996,0.522
3960.5,2.66,0.43800000000000006
3960.75,2.6470000000000002,0.4663
3961.0,2.694,0.493
3961.25,2.571,0.35530000000000006
3961.5,2.556,0.31320000000000003
3961.75,2.6599999999999997,0.423
3962.0,2.659,0.43300000000000005
3962.25,2.676,0.48000000000000004
3962.5,2.793,0.6160000000000001
3962.75,2.739,0.5569999999999999
3963.0,2.548,0.2862
3963.25,2.5540000000000003,0.2969
3963.5,2.631,0.41300000000000003
3963.75,2.59,0.33999999999999997
3964.0,2.644,0.405
3964.25,2.6180000000000003,0.40279999999999994
3964.5,2.767,0.531
3964.75,2.626,0.397
3965.0,2.736,0.566
3965.25,2.761,0.6030000000000001
3965.5,2.762,0.5800000000000001
3965.75,2.535,0.28469999999999995
3966.0,2.7880000000000003,0.516
3966.25,2.87,0.5549999999999999
3966.5,2.573,0.333
3966.75,2.7030000000000003,0.3892999999999999
3967.0,2.831,0.484
3967.25,2.8209999999999997,0.503
3967.5,2.9240000000000004,0.497
3967.75,3.376,0.5189999999999999
3968.0,2.9109999999999996,0.5979999999999999
3968.25,2.6870000000000003,0.28719999999999996
3968.5,2.785,0.309
3968.75,2.7319999999999998,0.35700000000000004
3969.0,2.7929999999999997,0.512
3969.25,2.6420000000000003,0.28
3969.5,2.629,0.2897
3969.75,2.878,0.609
3970.0,2.797,0.46499999999999997
3970.25,2.747,0.43899999999999995
3970.5,2.681,0.341
3970.75,2.662,0.322
3971.0,2.551,0.20040000000000002
3971.25,2.646,0.26689999999999997
3971.5,2.7510000000000003,0.354
3971.75,2.577,0.2091
3972.0,2.221,0.3393
3972.25,2.5140000000000002,0.534
3972.5,2.5669999999999997,0.522
3972.75,2.085,0.49400000000000005
3973.0,2.2150000000000003,0.7050000000000001
3973.25,2.107,0.565
3973.5,1.968,0.393
3973.75,2.0020000000000002,0.42600000000000005
3974.0,2.121,0.609
3974.25,1.9869999999999999,0.43679999999999997
3974.5,2.1189999999999998,0.5589999999999999
3974.75,2.037,0.506
3975.0,2.106,0.567
3975.25,2.105,0.5640000000000001
3975.5,2.0620000000000003,0.5349999999999999
3975.75,2.189,0.608
3976.0,2.221,0.3127
3976.25,2.586,0.278
3976.5,2.607,0.435
3976.75,2.565,0.372
3977.0,2.536,0.3456
3977.25,2.451,0.1985
3977.5,2.786,0.477
3977.75,2.6950000000000003,0.34700000000000003
3978.0,2.79,0.51
3978.25,2.952,0.6
3978.5,5.027000000000001,0.649
3978.75,5.162,0.6388
3979.0,4.803,0.556
3979.25,4.541,0.625
3979.5,4.432,0.4683
3979.75,4.724,0.628
3980.0,4.7829999999999995,0.694
3980.25,4.585,0.628
3980.5,5.035,0.71
3980.75,4.711,0.764
3981.0,4.622999999999999,0.694
3981.25,4.606,0.593
3981.5,5.209999999999999,0.771
3981.75,4.535,0.5630000000000001
3982.0,4.547,0.584
3982.25,4.658,0.617
3982.5,4.610999999999999,0.6519999999999999
3982.75,4.696999999999999,0.704
3983.0,4.6339999999999995,0.6960000000000001
3983.25,4.585,0.66
3983.5,4.596,0.762
3983.75,4.619,0.5
3984.0,4.357,0.41169999999999995
3984.25,4.519,0.531
3984.5,4.609999999999999,0.643
3984.75,4.496,0.6252
3985.0,3.4779999999999998,0.534
3985.25,2.832,0.5409999999999999
3985.5,2.859,0.516
3985.75,3.0330000000000004,0.46099999999999997
3986.0,2.94,0.46399999999999997
3986.25,2.946,0.49900000000000005
3986.5,2.8930000000000002,0.36649999999999994
3986.75,2.864,0.34600000000000003
3987.0,2.928,0.481
3987.25,2.7249999999999996,0.43100000000000005
3987.5,2.8710000000000004,0.41900000000000004
3987.75,2.8529999999999998,0.45899999999999996
3988.0,2.847,0.5409999999999999
3988.25,3.007,0.713
3988.5,2.662,0.32499999999999996
3988.75,2.9219999999999997,0.5149999999999999
3989.0,3.024,0.44899999999999995
3989.25,2.8609999999999998,0.2704
3989.5,2.839,0.3282
3989.75,3.0540000000000003,0.546
3990.0,3.0449999999999995,0.42800000000000005
3990.25,2.858,0.438
3990.5,3.0140000000000002,0.644
3990.75,6.84,0.33899999999999997
3991.0,12.47,-0.5189999999999999
3991.25,15.530000000000001,-0.88
3991.5,34.5,-3.8999999999999995
3991.75,37.2,-4.279999999999999
3992.0,39.099999999999994,-4.16
3992.25,40.6,-4.3
3992.5,40.9,-4.3
3992.75,43.8,-4.4
3993.0,45.599999999999994,-4.1
3993.25,48.4,-4.1
3993.5,48.400000000000006,-4.2
3993.75,48.5,-3.5000000000000004
3994.0,54.1,-1.9460000000000002
3994.25,54.3,-3.05
3994.5,54.3,-2.7800000000000002
3994.75,53.3,-3.01
3995.0,52.8,-2.84
3995.25,51.4,-4.3
3995.5,52.9,-4.1
3995.75,54.2,-4.0
3996.0,54.0,-3.9
3996.25,53.9,-3.76
3996.5,53.0,-3.71
3996.75,49.8,-3.92
3997.0,49.7,-3.6100000000000003
3997.25,49.800000000000004,-3.7600000000000002
3997.5,51.4,-3.84
3997.75,52.3,-3.62
3998.0,52.00000000000001,-3.92
3998.25,51.4,-3.75
3998.5,51.6,-4.0
3998.75,51.9,-4.03
3999.0,52.5,-3.92
3999.25,52.4,-3.87
3999.5,53.599999999999994,-3.3
3999.75,55.2,-1.2550000000000001
4000.0,53.9,-1.1135
4000.25,53.800000000000004,-1.1932
4000.5,54.0,-0.8280000000000001
4000.75,52.099999999999994,-0.8440000000000001
4001.0,45.6,-1.0578
4001.25,43.1,-1.539
4001.5,45.9,-0.8825000000000002
4001.75,48.0,-0.656
4002.0,45.0,-0.4644
4002.25,36.0,-0.608
4002.5,36.3,0.16200000000000003
4002.75,35.3,0.719
4003.0,34.4,0.702
4003.25,34.199999999999996,0.9600000000000001
4003.5,34.1,0.8679999999999999
4003.75,24.99,1.9889999999999999
4004.0,21.84,0.812
4004.25,23.439999999999998,1.8940000000000001
4004.5,23.62,2.019
4004.75,13.71,1.279
4005.0,6.591,0.657
4005.25,5.175,0.6224999999999999
4005.5,5.317,0.766
4005.75,5.115,0.493
4006.0,4.866,0.6021099999999999
4006.25,4.901,0.72986
4006.5,4.776,0.6134999999999999
4006.75,4.805,0.66178
4007.0,4.716,0.7394000000000001
4007.25,4.747,0.8247
4007.5,4.569,0.5486
4007.75,4.559,0.525
4008.0,4.73,0.7881
4008.25,4.639000000000001,0.66306
4008.5,4.6530000000000005,0.7103999999999999
4008.75,4.7059999999999995,0.7799
4009.0,4.659000000000001,0.652
4009.25,4.526,0.49319999999999997
4009.5,4.451,0.614
4009.75,2.7199999999999998,0.516
4010.0,2.552,0.29899999999999993
4010.25,2.6670000000000003,0.41400000000000003
4010.5,2.833,0.491
4010.75,2.724,0.40900000000000003
4011.0,2.801,0.643
4011.25,2.848,0.687
4011.5,2.703,0.5058
4011.75,2.6959999999999997,0.46030000000000004
4012.0,2.8520000000000003,0.5469999999999999
4012.25,2.562,0.3029
4012.5,2.697,0.491
4012.75,2.736,0.5169999999999999
4013.0,2.638,0.41800000000000004
4013.25,2.657,0.433
4013.5,2.753,0.56
4013.75,2.7779999999999996,0.613
4014.0,2.725,0.483
4014.25,2.654,0.401
4014.5,2.676,0.40199999999999997
4014.75,8.75,-0.609
4015.0,14.02,-1.15
4015.25,16.75,-1.29
4015.5,31.62,-4.300000000000001
4015.75,32.14,-4.300000000000001
4016.0,34.2,-4.2
4016.25,35.1,-4.02
4016.5,36.6,-4.2
4016.75,36.400000000000006,-4.29
4017.0,36.6,-4.380000000000001
4017.25,40.1,-4.300000000000001
4017.5,40.7,-4.3
4017.75,42.699999999999996,-4.4
4018.0,43.900000000000006,-4.3
4018.25,43.800000000000004,-4.07
4018.5,41.6,-4.04
4018.75,42.1,-4.3
4019.0,43.1,-4.1
4019.25,41.4,-4.300000000000001
4019.5,42.2,-4.3
4019.75,44.6,-3.6799999999999997
4020.0,47.0,-3.7199999999999998
4020.25,45.0,-3.81
4020.5,43.9,-4.1000000000000005
4020.75,43.0,-4.12
4021.0,42.0,-3.93
4021.25,41.3,-3.72
4021.5,41.7,-3.73
4021.75,42.60000000000001,-4.02
4022.0,44.32,-3.88
4022.25,44.1,-3.9199999999999995
4022.5,45.7,-3.92
4022.75,46.0,-3.7899999999999996
4023.0,46.4,-3.9299999999999997
4023.25,47.0,-4.17
4023.5,47.800000000000004,-3.68
4023.75,45.8,-4.26
4024.0,44.9,-3.8499999999999996
4024.25,43.599999999999994,-3.78
4024.5,41.099999999999994,-3.8400000000000003
4024.75,41.8,-3.54
4025.0,43.4,-3.79
4025.25,42.0,-3.87
4025.5,40.7,-3.67
4025.75,40.5,-3.89
4026.0,40.0,-3.98
4026.25,39.599999999999994,-3.6
4026.5,35.7,-3.48
4026.75,35.1,-3.1599999999999997
4027.0,34.4,-3.0900000000000003
4027.25,31.36,-3.99
4027.5,30.83,-3.91
4027.75,30.75,-3.96
4028.0,20.23,-2.11
4028.25,10.92,-0.42700000000000005
4028.5,10.25,-0.24144
4028.75,8.095,-0.24281000000000003
4029.0,4.272,0.427
4029.25,3.937,0.6280000000000001
4029.5,3.649,0.43199999999999994
4029.75,3.621,0.351
4030.0,3.588,0.29818999999999996
4030.25,4.935,0.35960000000000003
4030.5,5.486000000000001,0.3876
4030.75,5.505,0.4852
4031.0,4.0,0.444
4031.25,3.272,0.22830999999999999
4031.5,3.3209999999999997,0.3132
4031.75,3.464,0.422
4032.0,3.464,0.483
4032.25,3.3949999999999996,0.41700000000000004
4032.5,3.5010000000000003,0.485
4032.75,3.319,0.31329999999999997
4033.0,3.2300000000000004,0.20600000000000002
4033.25,3.362,0.32899999999999996
4033.5,3.2830000000000004,0.23920000000000002
4033.75,3.2969999999999997,0.2646
4034.0,3.28,0.23270000000000002
4034.25,3.5060000000000002,0.453
4034.5,3.32,0.2731
4034.75,3.406,0.393
4035.0,3.4290000000000003,0.426
4035.25,3.299,0.213
4035.5,3.471,0.44129999999999997
4035.75,3.388,0.35
4036.0,3.373,0.35100000000000003
4036.25,3.255,0.1994
4036.5,3.224,0.159
4036.75,3.357,0.28400000000000003
4037.0,3.3129999999999997,0.25930000000000003
4037.25,3.3240000000000003,0.29200000000000004
4037.5,3.544,0.518
4037.75,3.465,0.40599999999999997
4038.0,3.309,0.11299999999999999
4038.25,2.979,0.388
4038.5,2.747,0.348
4038.75,2.712,0.2403
4039.0,2.891,0.438
4039.25,2.867,0.463
4039.5,2.712,0.3368
4039.75,2.736,0.359
4040.0,2.903,0.486
4040.25,2.976,0.397
4040.5,2.854,0.446
4040.75,2.883,0.55
4041.0,2.761,0.4286
4041.25,2.813,0.458
4041.5,2.6790000000000003,0.3179
4041.75,2.787,0.43799999999999994
4042.0,2.715,0.378
4042.25,2.646,0.2906
4042.5,2.9659999999999997,0.6299999999999999
4042.75,2.8209999999999997,0.47600000000000003
4043.0,2.717,0.399
4043.25,2.8129999999999997,0.45899999999999996
4043.5,2.747,0.389
4043.75,2.649,0.2965
4044.0,2.731,0.35910000000000003
4044.25,2.7940000000000005,0.466
4044.5,2.565,0.19099999999999998
4044.75,2.685,0.35630000000000006
4045.0,2.815,0.47200000000000003
4045.25,2.87,0.556
4045.5,2.769,0.48
4045.75,2.8339999999999996,0.53
4046.0,2.77,0.485
4046.25,2.7310000000000003,0.426
4046.5,2.706,0.386
4046.75,2.761,0.44
4047.0,2.7950000000000004,0.446
4047.25,2.6350000000000002,0.2611
4047.5,2.811,0.45799999999999996
4047.75,2.691,0.3391
4048.0,3.2729999999999997,0.224
4048.25,3.79,0.39599999999999996
4048.5,2.7680000000000002,0.607
4048.75,2.596,0.41500000000000004
4049.0,2.574,0.3466
4049.25,2.643,0.397
4049.5,2.615,0.40290000000000004
4049.75,2.5330000000000004,0.323
4050.0,3.4869999999999997,0.599
4050.25,4.48,0.4276
4050.5,4.471,0.42600000000000005
4050.75,4.6690000000000005,0.6459999999999999
4051.0,4.642,0.618
4051.25,4.4559999999999995,0.49
4051.5,4.5360000000000005,0.521
4051.75,4.696,0.6819999999999999
4052.0,4.393000000000001,0.3656
4052.25,4.69,0.728
4052.5,4.592,0.639
4052.75,4.43,0.4442
4053.0,4.938,0.7106
4053.25,4.519,0.593
4053.5,4.595000000000001,0.709
4053.75,4.596,0.712
4054.0,4.495,0.653
4054.25,4.619,0.746
4054.5,4.513999999999999,0.6867
4054.75,4.368,0.47440000000000004
4055.0,4.551,0.679
4055.25,4.436,0.531
4055.5,4.343,0.42419999999999997
4055.75,4.407,0.526
4056.0,4.646,0.766
4056.25,4.4559999999999995,0.562
4056.5,4.527,0.6693
4056.75,4.627,0.742
4057.0,4.428,0.516
4057.25,4.333,0.38749999999999996
4057.5,3.54,0.5970000000000001
4057.75,2.585,0.46
4058.0,2.443,0.26749999999999996
4058.25,2.498,0.33499999999999996
4058.5,2.5149999999999997,0.345
4058.75,2.512,0.375
4059.0,2.554,0.402
4059.25,2.618,0.502
4059.5,2.6029999999999998,0.507
4059.75,2.55,0.426
4060.0,2.514,0.3809
4060.25,2.5010000000000003,0.31000000000000005
4060.5,2.477,0.2863
4060.75,2.544,0.40023
4061.0,2.586,0.43799999999999994
4061.25,2.471,0.2922
4061.5,2.428,0.255
4061.75,2.63,0.43200000000000005
4062.0,2.529,0.378
4062.25,2.566,0.504
4062.5,2.507,0.44
4062.75,2.524,0.44399999999999995
4063.0,2.4450000000000003,0.3538
4063.25,2.448,0.22399999999999998
4063.5,2.503,0.405
4063.75,2.583,0.547
4064.0,2.516,0.45670000000000005
4064.25,2.463,0.396
4064.5,2.54,0.477
4064.75,2.518,0.448
4065.0,2.3890000000000002,0.33599999999999997
4065.25,2.464,0.406
4065.5,2.468,0.38899999999999996
4065.75,2.433,0.284
4066.0,2.436,0.3186
4066.25,2.5359999999999996,0.484
4066.5,2.349,0.2517
4066.75,2.321,0.231
4067.0,2.627,0.5920000000000001
4067.25,2.543,0.517
4067.5,2.4410000000000003,0.41300000000000003
4067.75,2.434,0.394
4068.0,2.436,0.369
4068.25,2.342,0.27649999999999997
4068.5,2.343,0.2735
4068.75,2.495,0.455
4069.0,2.411,0.384
4069.25,2.43,0.3872
4069.5,2.383,0.3157
4069.75,2.525,0.454
4070.0,2.542,0.47700000000000004
4070.25,2.449,0.38199999999999995
4070.5,2.5789999999999997,0.55
4070.75,2.387,0.306
4071.0,2.337,0.27518
4071.25,2.349,0.2673
4071.5,2.4210000000000003,0.315
4071.75,2.348,0.2389
4072.0,2.355,0.2505
4072.25,2.6029999999999998,0.483
4072.5,2.4619999999999997,0.377
4072.75,2.406,0.346
4073.0,2.591,0.573
4073.25,2.476,0.439
4073.5,2.375,0.29419999999999996
4073.75,2.471,0.401
4074.0,2.435,0.31899999999999995
4074.25,2.355,0.2408
4074.5,2.392,0.22850000000000004
4074.75,2.485,0.30920000000000003
4075.0,2.503,0.349
4075.25,2.5949999999999998,0.526
4075.5,2.598,0.573
4075.75,2.5700000000000003,0.512
4076.0,2.54,0.46199999999999997
4076.25,2.3409999999999997,0.23349999999999996
4076.5,2.407,0.29919999999999997
4076.75,2.48,0.39
4077.0,2.423,0.3447
4077.25,2.332,0.24630000000000002
4077.5,2.469,0.383
4077.75,2.4299999999999997,0.33799999999999997
4078.0,2.4160000000000004,0.365
4078.25,2.578,0.5569999999999999
4078.5,2.694,0.679
4078.75,2.431,0.3766
4079.0,2.505,0.448
4079.25,2.4819999999999998,0.43200000000000005
4079.5,2.501,0.4472
4079.75,2.459,0.418
4080.0,2.497,0.44699999999999995
4080.25,2.528,0.52
4080.5,2.569,0.5309999999999999
4080.75,2.487,0.486
4081.0,2.5549999999999997,0.5720000000000001
4081.25,2.427,0.405
4081.5,2.4210000000000003,0.3771
4081.75,2.5780000000000003,0.582
4082.0,2.585,0.624
4082.25,2.451,0.4301
4082.5,2.372,0.29910000000000003
4082.75,2.608,0.612
4083.0,2.473,0.45199999999999996
4083.25,2.51,0.491
4083.5,2.606,0.625
4083.75,2.6350000000000002,0.6839999999999999
4084.0,2.3770000000000002,0.332
4084.25,2.4130000000000003,0.3516
4084.5,2.526,0.499
4084.75,2.393,0.336
4085.0,2.52,0.5258
4085.25,2.61,0.6
4085.5,2.41,0.3732
4085.75,2.559,0.505
4086.0,2.5869999999999997,0.631
4086.25,2.6550000000000002,0.608
4086.5,2.53,0.413
4086.75,2.5170000000000003,0.45830000000000004
4087.0,2.591,0.592
4087.25,2.459,0.4264
4087.5,2.491,0.448
4087.75,2.327,0.281
4088.0,2.455,0.413
4088.25,2.462,0.437
4088.5,2.457,0.42900000000000005
4088.75,2.561,0.5650000000000001
4089.0,2.503,0.538
4089.25,2.378,0.387
4089.5,2.291,0.25980000000000003
4089.75,2.505,0.472
4090.0,2.406,0.374
4090.25,2.378,0.31599999999999995
4090.5,2.4530000000000003,0.41900000000000004
4090.75,2.3289999999999997,0.2616
4091.0,2.351,0.26890000000000003
4091.25,2.527,0.489
4091.5,2.604,0.487
4091.75,2.4560000000000004,0.44899999999999995
4092.0,2.41,0.3437
4092.25,2.4379999999999997,0.38
4092.5,2.38,0.3224
4092.75,2.403,0.2233
4093.0,2.358,0.3016
4093.25,2.4210000000000003,0.378
4093.5,2.5380000000000003,0.533
4093.75,2.514,0.528
4094.0,2.511,0.507
4094.25,2.534,0.552
4094.5,2.363,0.373
4094.75,2.379,0.35
4095.0,2.504,0.477
4095.25,2.359,0.3068
4095.5,2.439,0.41300000000000003
4095.75,2.363,0.2873
4096.0,2.4130000000000003,0.357
4096.25,2.2889999999999997,0.2017
4096.5,2.444,0.354
4096.75,2.61,0.548
4097.0,2.4459999999999997,0.41800000000000004
4097.25,2.479,0.449
4097.5,2.49,0.423
4097.75,2.3810000000000002,0.2386
4098.0,2.5140000000000002,0.28159999999999996
4098.25,4.099,0.3175
4098.5,4.556,0.727
4098.75,4.381,0.486
4099.0,4.525,0.623
4099.25,4.452999999999999,0.6559999999999999
4099.5,4.371,0.576
4099.75,4.353,0.5670000000000001
4100.0,4.325,0.5051
4100.25,4.465,0.692
4100.5,4.691,0.5900000000000001
4100.75,4.676,0.54
4101.0,4.602,0.6736
4101.25,4.492,0.548
4101.5,4.542,0.523
4101.75,4.679,0.6880000000000001
4102.0,4.767,0.745
4102.25,4.6419999999999995,0.607
4102.5,4.524,0.44689999999999996
4102.75,4.677,0.585
4103.0,4.5120000000000005,0.3946
4103.25,4.558,0.46499999999999997
4103.5,4.677,0.612
4103.75,4.630000000000001,0.5579999999999999
4104.0,4.57,0.4522
4104.25,4.6450000000000005,0.6599999999999999
4104.5,4.6850000000000005,0.8443
4104.75,4.579,0.7555000000000001
4105.0,4.659,0.7813000000000001
4105.25,4.411,0.46840000000000004
4105.5,4.523,0.5700000000000001
4105.75,2.736,0.2436
4106.0,2.549,0.24200000000000002
4106.25,2.575,0.2633
4106.5,2.666,0.364
4106.75,2.667,0.3953
4107.0,2.5980000000000003,0.315
4107.25,2.8360000000000003,0.598
4107.5,2.593,0.297
4107.75,2.62,0.352
4108.0,2.7359999999999998,0.47800000000000004
4108.25,2.726,0.4776
4108.5,2.623,0.3408
4108.75,2.5629999999999997,0.2614
4109.0,2.7039999999999997,0.41800000000000004
4109.25,2.546,0.23970000000000002
4109.5,2.593,0.2403
4109.75,2.935,0.578
4110.0,2.705,0.43499999999999994
4110.25,2.64,0.45499999999999996
4110.5,2.582,0.3579
4110.75,2.666,0.47200000000000003
4111.0,2.528,0.3131
4111.25,2.571,0.345
4111.5,2.694,0.519
4111.75,2.5540000000000003,0.345
4112.0,2.493,0.2561
4112.25,2.614,0.443
4112.5,2.6799999999999997,0.497
4112.75,2.5719999999999996,0.38
4113.0,2.553,0.377
4113.25,2.534,0.3086
4113.5,2.5749999999999997,0.33799999999999997
4113.75,2.436,0.19237999999999997
4114.0,2.442,0.191
4114.25,2.685,0.397
4114.5,2.416,0.16258
4114.75,2.676,0.48969999999999997
4115.0,2.661,0.37
4115.25,2.661,0.503
4115.5,2.548,0.385
4115.75,2.5200000000000005,0.32499999999999996
4116.0,2.654,0.485
4116.25,2.5490000000000004,0.358
4116.5,2.559,0.34619999999999995
4116.75,2.51,0.27649999999999997
4117.0,2.513,0.301
4117.25,2.544,0.345
4117.5,2.5040000000000004,0.28099999999999997
4117.75,2.6839999999999997,0.53
4118.0,2.6100000000000003,0.43300000000000005
4118.25,2.545,0.378
4118.5,2.548,0.357
4118.75,2.5620000000000003,0.367
4119.0,2.5090000000000003,0.302
4119.25,2.4859999999999998,0.272
4119.5,2.625,0.42500000000000004
4119.75,2.549,0.3524
4120.0,2.399,0.14893999999999996
4120.25,2.636,0.41900000000000004
4120.5,2.598,0.38599999999999995
4120.75,2.479,0.257
4121.0,2.544,0.32999999999999996
4121.25,2.705,0.408
4121.5,2.586,0.2874
4121.75,2.494,0.17
4122.0,2.669,0.44099999999999995
4122.25,2.571,0.3308
4122.5,2.529,0.277
4122.75,2.676,0.41600000000000004
4123.0,2.692,0.464
4123.25,2.555,0.32399999999999995
4123.5,2.6769999999999996,0.509
4123.75,2.528,0.284
4124.0,2.565,0.33999999999999997
4124.25,2.5730000000000004,0.34640000000000004
4124.5,2.524,0.32099999999999995
4124.75,2.6350000000000002,0.45799999999999996
4125.0,2.554,0.37129999999999996
4125.25,2.5330000000000004,0.328
4125.5,2.673,0.512
4125.75,2.7960000000000003,0.6759999999999999
4126.0,2.6149999999999998,0.475
4126.25,2.621,0.483
4126.5,2.697,0.52
4126.75,2.476,0.2539
4127.0,2.5250000000000004,0.3312
4127.25,2.543,0.351
4127.5,2.7739999999999996,0.599
4127.75,2.541,0.338
4128.0,2.588,0.3823
4128.25,2.73,0.547
4128.5,2.737,0.546
4128.75,2.546,0.371
4129.0,2.682,0.522
4129.25,2.654,0.514
4129.5,2.5140000000000002,0.3313
4129.75,2.623,0.442
4130.0,2.603,0.425
4130.25,2.55,0.369
4130.5,2.521,0.2637
4130.75,2.5170000000000003,0.2857
4131.0,2.71,0.518
4131.25,2.6639999999999997,0.482
4131.5,2.608,0.43200000000000005
4131.75,2.5620000000000003,0.336
4132.0,2.545,0.281
4132.25,2.5149999999999997,0.2851
4132.5,2.424,0.16299999999999998
4132.75,2.593,0.33699999999999997
4133.0,2.6109999999999998,0.32899999999999996
4133.25,2.636,0.3512
4133.5,2.649,0.406
4133.75,2.7439999999999998,0.568
4134.0,2.5780000000000003,0.4
4134.25,2.603,0.43700000000000006
4134.5,2.573,0.337
4134.75,2.565,0.327
4135.0,2.515,0.26549999999999996
4135.25,2.64,0.42700000000000005
4135.5,2.572,0.379
4135.75,2.452,0.2567
4136.0,2.5380000000000003,0.33799999999999997
4136.25,2.584,0.416
4136.5,2.6719999999999997,0.43800000000000006
4136.75,2.638,0.472
4137.0,2.508,0.2584
4137.25,2.557,0.2417
4137.5,2.639,0.43100000000000005
4137.75,2.457,0.23210000000000003
4138.0,2.45,0.23339999999999997
4138.25,2.573,0.33899999999999997
4138.5,2.539,0.3131
4138.75,2.535,0.351
4139.0,2.52,0.322
4139.25,2.696,0.505
4139.5,2.519,0.31800000000000006
4139.75,2.3920000000000003,0.156
4140.0,2.66,0.483
4140.25,2.597,0.443
4140.5,2.419,0.22750000000000004
4140.75,2.5890000000000004,0.437
4141.0,2.5759999999999996,0.40900000000000003
4141.25,2.527,0.35800000000000004
4141.5,2.581,0.40900000000000003
4141.75,2.558,0.41700000000000004
4142.0,2.769,0.654
4142.25,2.511,0.34500000000000003
4142.5,2.4699999999999998,0.2868
4142.75,2.579,0.432
4143.0,2.543,0.382
4143.25,2.47,0.2635
4143.5,2.427,0.2155
4143.75,2.731,0.545
4144.0,2.619,0.42100000000000004
4144.25,2.5780000000000003,0.403
4144.5,2.5669999999999997,0.379
4144.75,2.768,0.614
4145.0,2.491,0.14150000000000001
4145.25,2.534,0.2026
4145.5,2.628,0.379
4145.75,3.2380000000000004,0.331909
4146.0,4.489,0.4958
4146.25,4.441,0.30269999999999997
4146.5,4.579,0.511
4146.75,4.5,0.477
4147.0,4.477,0.451
4147.25,4.619,0.628
4147.5,4.545,0.549
4147.75,4.4110000000000005,0.3705
4148.0,4.590999999999999,0.532
4148.25,4.631,0.6563
4148.5,4.457,0.438
4148.75,4.519,0.529
4149.0,4.399,0.3788
4149.25,4.816,0.7030000000000001
4149.5,4.655,0.7150000000000001
4149.75,4.619,0.669
4150.0,4.575,0.736
4150.25,4.428,0.5438000000000001
4150.5,4.382,0.459
4150.75,4.366,0.4607
4151.0,4.563,0.69
4151.25,4.5,0.5770000000000001
4151.5,4.376,0.4617
4151.75,4.473,0.6060000000000001
4152.0,4.619,0.7483
4152.25,4.438000000000001,0.5663
4152.5,4.441,0.593
4152.75,3.6830000000000003,0.6120000000000001
4153.0,2.561,0.279
4153.25,2.574,0.29979999999999996
4153.5,2.5600000000000005,0.24080000000000001
4153.75,2.686,0.401
4154.0,2.595,0.318
4154.25,2.629,0.36229999999999996
4154.5,2.732,0.47200000000000003
4154.75,2.7119999999999997,0.494
4155.0,2.705,0.411
4155.25,2.689,0.44299999999999995
4155.5,2.8049999999999997,0.6020000000000001
4155.75,2.64,0.3795
4156.0,2.596,0.31309999999999993
4156.25,2.613,0.3675
4156.5,2.7409999999999997,0.487
4156.75,2.7010000000000005,0.34299999999999997
4157.0,2.604,0.2231
4157.25,2.829,0.5870000000000001
4157.5,2.811,0.5449999999999999
4157.75,2.731,0.476
4158.0,2.625,0.33740000000000003
4158.25,2.674,0.41100000000000003
4158.5,2.5090000000000003,0.258
4158.75,22.04,-2.5799999999999996
4159.0,34.33,-3.4699999999999998
4159.25,35.85,-3.6
4159.5,38.8,-4.1
4159.75,40.699999999999996,-4.0
4160.0,41.5,-3.7
4160.25,40.4,-3.7
4160.5,41.8,-3.8
4160.75,44.6,-3.87
4161.0,45.6,-3.7399999999999998
4161.25,48.3,-4.17
4161.5,49.1,-4.4
4161.75,47.6,-4.4
4162.0,47.3,-4.6
4162.25,47.5,-4.5
4162.5,47.9,-4.6
4162.75,50.5,-4.4
4163.0,50.7,-4.5
4163.25,54.8,-4.300000000000001
4163.5,56.39999999999999,-4.0
4163.75,55.6,-4.1
4164.0,56.0,-4.3
4164.25,56.0,-3.87
4164.5,54.9,-4.0
4164.75,53.89999999999999,-4.300000000000001
4165.0,54.8,-3.6
4165.25,55.300000000000004,-3.66
4165.5,54.37,-3.46
4165.75,53.199999999999996,-3.39
4166.0,54.8,-3.5
4166.25,54.8,-3.6
4166.5,55.0,-3.7399999999999998
4166.75,56.599999999999994,-3.6
4167.0,57.5,-3.8000000000000003
4167.25,54.2,-3.8600000000000003
4167.5,55.1,-3.59
4167.75,55.6,-3.6500000000000004
4168.0,55.0,-3.67
4168.25,54.400000000000006,-3.2700000000000005
4168.5,51.4,-3.5300000000000002
4168.75,47.800000000000004,-3.7
4169.0,46.5,-3.31
4169.25,44.5,-4.0600000000000005
4169.5,44.7,-4.0
4169.75,42.9,-3.99
4170.0,40.300000000000004,-3.7700000000000005
4170.25,40.599999999999994,-3.6
4170.5,35.04,-3.24
4170.75,33.41,-2.94
4171.0,32.54,-2.54
4171.25,30.580000000000002,-3.19
4171.5,29.159999999999997,-3.2199999999999998
4171.75,18.07,-1.07
4172.0,17.880000000000003,-1.02
4172.25,15.19,-0.7071000000000001
4172.5,14.3,-0.5328999999999999
4172.75,8.52,-0.061
4173.0,5.151,0.4
4173.25,5.140000000000001,0.40199999999999997
4173.5,5.066,0.3401
4173.75,5.053,0.2742
4174.0,5.005,0.336
4174.25,5.047000000000001,0.52994
4174.5,5.005999999999999,0.4706
4174.75,4.925000000000001,0.361
4175.0,5.143000000000001,0.6869999999999999
4175.25,4.922000000000001,0.4274
4175.5,4.9559999999999995,0.4835
4175.75,5.119,0.656
4176.0,4.946000000000001,0.4484
4176.25,4.824000000000001,0.31
4176.5,4.946999999999999,0.43579999999999997
4176.75,4.898,0.4043
4177.0,4.915,0.464
4177.25,4.959,0.4710000000000001
4177.5,5.037,0.55
4177.75,4.877,0.3987
4178.0,4.912,0.43199999999999994
4178.25,4.981,0.503
4178.5,4.993,0.548
4178.75,4.803999999999999,0.307
4179.0,4.882,0.37360000000000004
4179.25,5.0569999999999995,0.515
4179.5,4.915,0.42600000000000005
4179.75,4.948,0.5196
4180.0,5.026,0.591
4180.25,4.957000000000001,0.5032
4180.5,4.8709999999999996,0.3877
4180.75,5.0,0.55629
4181.0,5.031,0.5980000000000001
4181.25,4.939,0.4777
4181.5,4.839,0.346
4181.75,4.8790000000000004,0.31629999999999997
4182.0,4.678999999999999,0.396
4182.25,2.673,0.2625
4182.5,2.773,0.35169999999999996
4182.75,14.66,-1.6099999999999999
4183.0,37.14,-3.5
4183.25,41.6,-3.6
4183.5,48.7,-2.91
4183.75,52.3,-2.7800000000000002
4184.0,51.5,-2.88
4184.25,50.0,-3.0300000000000002
4184.5,52.6,-2.88
4184.75,54.2,-2.63
4185.0,55.1,-2.46
4185.25,57.400000000000006,-2.3899999999999997
4185.5,58.8,-2.54
4185.75,61.099999999999994,-2.236
4186.0,61.5,-1.9965000000000002
4186.25,59.1,-2.196
4186.5,59.699999999999996,-2.349
4186.75,59.900000000000006,-2.0460000000000003
4187.0,62.4,-0.28600000000000003
4187.25,65.19999999999999,0.329
4187.5,64.1,0.702
4187.75,64.9,0.10100000000000003
4188.0,62.800000000000004,-0.040000000000000036
4188.25,61.7,0.17799999999999988
4188.5,59.2,0.18299999999999997
4188.75,59.6,1.05
4189.0,59.0,0.7150000000000001
4189.25,55.900000000000006,0.172
4189.5,54.5,-0.4355999999999999
4189.75,56.4,0.5090000000000001
4190.0,53.9,0.42300000000000004
4190.25,54.6,0.587
4190.5,57.3,-0.583
4190.75,59.199999999999996,0.121
4191.0,56.4,0.5820000000000001
4191.25,57.2,0.44099999999999995
4191.5,56.8,0.552
4191.75,57.8,0.4740000000000001
4192.0,59.9,0.09400000000000003
4192.25,61.2,0.1459999999999999
4192.5,57.50000000000001,0.297
4192.75,55.099999999999994,0.4709999999999999
4193.0,50.0,0.29600000000000004
4193.25,51.0,-0.5798
4193.5,49.2,-0.279
4193.75,49.400000000000006,0.5919999999999999
4194.0,42.4,1.1310000000000002
4194.25,37.9,1.6280000000000001
4194.5,37.599999999999994,2.7226
4194.75,37.099999999999994,2.473
4195.0,35.400000000000006,1.3730000000000002
4195.25,34.79,2.584
4195.5,33.59,2.32
4195.75,28.29,1.9489999999999998
4196.0,27.189999999999998,2.2359999999999998
4196.25,26.38,2.4409
4196.5,14.010000000000002,1.6150000000000002
4196.75,11.98,1.823
4197.0,7.185,0.618
4197.25,6.811000000000001,0.5589999999999999
4197.5,6.947,0.7230000000000001
4197.75,7.173,0.6079
4198.0,7.417,0.6633
4198.25,7.382,0.8180000000000001
4198.5,7.477999999999999,0.862
4198.75,6.695,0.772
4199.0,6.4270000000000005,0.7390000000000001
4199.25,6.6370000000000005,1.043
4199.5,6.413,0.7528999999999999
4199.75,6.355,0.6673
4200.0,6.532,0.884
4200.25,6.387,0.7292
4200.5,6.3100000000000005,0.6755
4200.75,6.45,0.8804
4201.0,6.323,0.7484999999999999
4201.25,6.149,0.71631
4201.5,5.163,0.768
4201.75,4.8709999999999996,0.8340000000000001
4202.0,4.737,0.713
4202.25,4.752,0.72
4202.5,4.6499999999999995,0.579
4202.75,4.683999999999999,0.618
4203.0,4.681,0.5900000000000001
4203.25,4.777,0.675
4203.5,4.823,0.7290000000000001
4203.75,4.784,0.765
4204.0,4.728,0.734
4204.25,4.735,0.829
4204.5,4.707,0.706
4204.75,4.568,0.569
4205.0,4.5809999999999995,0.57
4205.25,4.8340000000000005,0.796
4205.5,4.5760000000000005,0.529
4205.75,4.678,0.619
4206.0,4.661999999999999,0.612
4206.25,4.733999999999999,0.7989999999999999
4206.5,4.66,0.663
4206.75,10.8,-0.16720000000000002
4207.0,20.31,-1.16
4207.25,27.18,-2.27
4207.5,41.8,-4.0
4207.75,48.0,-3.5000000000000004
4208.0,47.4,-3.6999999999999997
4208.25,47.0,-3.79
4208.5,47.400000000000006,-3.9000000000000004
4208.75,46.4,-3.8
4209.0,47.599999999999994,-3.9000000000000004
4209.25,53.400000000000006,-3.48
4209.5,58.9,-0.7589999999999999
4209.75,60.300000000000004,-0.976
4210.0,64.4,0.9573
4210.25,60.699999999999996,0.02199999999999999
4210.5,60.300000000000004,0.5509999999999999
4210.75,59.9,-0.39130000000000004
4211.0,58.3,-0.9269999999999999
4211.25,59.3,-0.875
4211.5,57.5,-1.1986999999999999
4211.75,56.599999999999994,-2.21
4212.0,56.800000000000004,-0.9149
4212.25,57.0,-0.784
4212.5,56.4,-1.409
4212.75,56.4,-1.234
4213.0,57.2,-0.8280000000000001
4213.25,57.3,-0.746
4213.5,55.1,-1.0490000000000002
4213.75,51.5,-2.27
4214.0,53.199999999999996,-0.8800000000000001
4214.25,54.1,-0.6789999999999999
4214.5,53.6,-1.69
4214.75,52.400000000000006,-1.551
4215.0,55.199999999999996,-1.326
4215.25,54.900000000000006,-0.734
4215.5,54.699999999999996,-0.782
4215.75,56.300000000000004,-0.9079999999999999
4216.0,55.4,-1.267
4216.25,54.4,-1.1829
4216.5,57.300000000000004,-0.783
4216.75,53.9,-1.1620000000000001
4217.0,52.300000000000004,-1.1016
4217.25,53.2,-1.059
4217.5,50.89999999999999,-1.5399999999999998
4217.75,50.10000000000001,-1.541
4218.0,48.7,-0.725
4218.25,47.0,-0.6275999999999999
4218.5,44.6,-0.59
4218.75,42.0,-0.22100000000000003
4219.0,41.400000000000006,0.049000000000000044
4219.25,37.3,-1.1809999999999998
4219.5,36.7,-0.018000000000000016
4219.75,21.049999999999997,1.9849999999999999
4220.0,15.86,2.4859999999999998
4220.25,15.92,2.5389999999999997
4220.5,15.41,2.567
4220.75,7.9399999999999995,-0.16599999999999998
4221.0,6.63,0.1825
4221.25,5.564,0.341
4221.5,4.9190000000000005,0.3955
4221.75,4.963,0.634
4222.0,4.882,0.53
4222.25,4.962,0.5920000000000001
4222.5,4.941,0.53
4222.75,4.913,0.5265
4223.0,4.807,0.486
4223.25,4.806000000000001,0.48
4223.5,4.859,0.5653
4223.75,4.723999999999999,0.3546
4224.0,4.872,0.508
4224.25,4.6930000000000005,0.2768
4224.5,4.727,0.36210000000000003
4224.75,4.9639999999999995,0.608
4225.0,4.836,0.521
4225.25,4.801,0.48500000000000004
4225.5,4.808999999999999,0.47700000000000004
4225.75,4.89,0.5429999999999999
4226.0,4.743,0.35569999999999996
4226.25,4.779,0.4062
4226.5,4.824000000000001,0.475
4226.75,4.770999999999999,0.41400000000000003
4227.0,4.7090000000000005,0.3126
4227.25,4.904,0.456
4227.5,4.959,0.618
4227.75,4.906000000000001,0.613
4228.0,4.873,0.543
4228.25,4.852,0.5473
4228.5,4.8790000000000004,0.528
4228.75,4.745,0.35429999999999995
4229.0,4.708,0.3307
4229.25,4.795,0.3786
4229.5,4.804,0.41400000000000003
4229.75,4.364,0.3083
4230.0,3.2190000000000003,0.24080000000000001
4230.25,3.28,0.542
4230.5,2.9989999999999997,0.473
4230.75,6.49,-0.177
4231.0,10.16,-0.539
4231.25,10.47,-0.5496
4231.5,12.36,-1.0248000000000002
4231.75,13.95,-0.7349999999999999
4232.0,14.42,-0.741
4232.25,14.29,-0.8
4232.5,14.48,-0.7280000000000001
4232.75,14.75,-0.8634
4233.0,14.86,-0.768
4233.25,15.479999999999999,-0.9158999999999999
4233.5,16.87,-1.1054000000000002
4233.75,17.64,-1.2714
4234.0,17.33,-1.202
4234.25,17.03,-1.2216000000000002
4234.5,17.03,-1.1321999999999999
4234.75,17.54,-1.108
4235.0,17.57,-0.8
4235.25,18.25,-0.72
4235.5,18.17,-0.745
4235.75,17.51,-0.5532
4236.0,16.64,-0.359
4236.25,17.27,-0.5296000000000001
4236.5,17.72,-0.45599999999999996
4236.75,16.11,-0.26039999999999996
4237.0,16.99,-0.5574000000000001
4237.25,17.0,-0.664
4237.5,16.32,-0.4726999999999999
4237.75,16.72,-0.26399999999999996
4238.0,17.869999999999997,-0.37929999999999997
4238.25,18.919999999999998,-0.4048
4238.5,17.34,-0.6587
4238.75,17.81,-0.4477999999999999
4239.0,18.12,-0.687
4239.25,17.740000000000002,-1.0293
4239.5,17.41,-1.0500000000000003
4239.75,17.3,-0.6450000000000001
4240.0,17.46,-0.994
4240.25,16.94,-0.9077999999999999
4240.5,16.78,-0.9397
4240.75,16.85,-0.8500000000000001
4241.0,14.72,-0.469
4241.25,16.31,-0.265
4241.5,16.39,-0.025000000000000022
4241.75,15.100000000000001,0.2065
4242.0,16.080000000000002,0.41
4242.25,19.58,1.5830000000000002
4242.5,18.36,1.232
4242.75,17.22,1.068
4243.0,15.370000000000001,0.311
4243.25,14.459999999999999,0.189
4243.5,14.48,0.21399999999999997
4243.75,14.35,0.12
4244.0,14.0,-0.013000000000000012
4244.25,13.73,-0.032299999999999995
4244.5,12.870000000000001,0.318
4244.75,12.18,0.205
4245.0,10.93,0.4016
4245.25,11.07,0.661
4245.5,11.14,0.8783000000000001
4245.75,8.600000000000001,0.29610000000000003
4246.0,7.329999999999999,0.322
4246.25,6.8500000000000005,0.234
4246.5,6.85,0.2293
4246.75,6.83,0.1603
4247.0,6.49,0.23619999999999997
4247.25,4.674999999999999,0.5013000000000001
4247.5,4.66,0.451
4247.75,4.63,0.4244
4248.0,4.684,0.505
4248.25,4.783999999999999,0.675
4248.5,4.745,0.596
4248.75,4.818,0.581
4249.0,4.604,0.44200000000000006
4249.25,4.154,0.3377
4249.5,3.066,0.4254
4249.75,2.938,0.3092
4250.0,2.8629999999999995,0.273
4250.25,2.9490000000000003,0.376
4250.5,2.9560000000000004,0.353
4250.75,2.807,0.178417
4251.0,2.918,0.32199999999999995
4251.25,3.008,0.429
4251.5,3.028,0.47400000000000003
4251.75,2.9610000000000003,0.402
4252.0,2.8609999999999998,0.266476
4252.25,2.9160000000000004,0.307
4252.5,2.98,0.394
4252.75,2.8149999999999995,0.21199999999999997
4253.0,2.85,0.24059999999999998
4253.25,3.082,0.519
4253.5,2.8600000000000003,0.23349999999999999
4253.75,2.981,0.28400000000000003
4254.0,2.9749999999999996,0.41000000000000003
4254.25,2.9480000000000004,0.42800000000000005
4254.5,6.41,-0.40499999999999997
4254.75,26.72,-3.27
4255.0,33.18000000000001,-3.6
4255.25,34.349999999999994,-3.6
4255.5,38.269999999999996,-3.76
4255.75,39.9,-3.6699999999999995
4256.0,42.9,-3.69
4256.25,43.900000000000006,-3.55
4256.5,46.4,-3.8000000000000003
4256.75,48.0,-3.76
4257.0,52.7,-3.9
4257.25,55.7,-4.029999999999999
4257.5,58.6,-2.58
4257.75,61.900000000000006,-1.377
4258.0,61.5,-0.925
4258.25,58.8,-2.4400000000000004
4258.5,63.2,-1.2569000000000001
4258.75,63.8,-1.1600000000000001
4259.0,62.2,-1.781
4259.25,63.0,-1.6669999999999998
4259.5,64.5,-0.7809999999999999
4259.75,61.39999999999999,-0.63
4260.0,59.1,-2.5
4260.25,60.6,-0.2789999999999999
4260.5,60.1,-0.29200000000000004
4260.75,59.400000000000006,-1.0190000000000001
4261.0,60.1,-0.802
4261.25,63.8,-0.3949999999999999
4261.5,60.599999999999994,-0.823
4261.75,62.0,-0.7590000000000001
4262.0,58.8,-0.5
4262.25,62.4,-0.05999999999999994
4262.5,61.39999999999999,-1.395
4262.75,61.900000000000006,-0.398
4263.0,64.3,-0.015000000000000013
4263.25,59.3,-0.31100000000000017
4263.5,61.300000000000004,-0.18200000000000005
4263.75,63.300000000000004,-0.25
4264.0,58.6,-1.2710000000000004
4264.25,57.8,-1.3079999999999998
4264.5,59.3,-0.41000000000000003
4264.75,59.2,-0.364
4265.0,57.6,-0.7460000000000001
4265.25,58.3,-0.7280000000000001
4265.5,58.199999999999996,-0.4870000000000001
4265.75,55.50000000000001,-1.6780000000000002
4266.0,51.50000000000001,-1.02
4266.25,45.800000000000004,-0.267
4266.5,44.599999999999994,-0.30399999999999994
4266.75,42.2,-0.6699999999999999
4267.0,42.400000000000006,0.122
4267.25,40.0,-0.051000000000000045
4267.5,35.0,-0.843
4267.75,25.509999999999998,1.7292
4268.0,12.37,0.06999999999999995
4268.25,11.53,0.07099999999999995
4268.5,10.37,0.29300000000000004
4268.75,10.53,0.5944
4269.0,6.8999999999999995,0.342
4269.25,6.498000000000001,0.21400000000000002
4269.5,6.2540000000000004,0.4315
4269.75,6.359,0.541
4270.0,6.1419999999999995,0.32689999999999997
4270.25,5.936,0.35250000000000004
4270.5,5.574999999999999,0.5086999999999999
4270.75,5.5,0.43200000000000005
4271.0,5.180999999999999,0.28800000000000003
4271.25,5.191,0.3758
4271.5,5.1979999999999995,0.39809000000000005
4271.75,5.152,0.358
4272.0,5.125,0.30700000000000005
4272.25,5.224,0.3858
4272.5,5.210000000000001,0.372
4272.75,5.084999999999999,0.252
4273.0,5.2250000000000005,0.40490000000000004
4273.25,5.165,0.32920000000000005
4273.5,5.1,0.28
4273.75,5.0600000000000005,0.258
4274.0,5.196,0.37329999999999997
4274.25,5.077999999999999,0.24800000000000005
4274.5,5.132000000000001,0.30300000000000005
4274.75,5.0440000000000005,0.23299999999999998
4275.0,5.165,0.3826
4275.25,5.1530000000000005,0.38150000000000006
4275.5,5.220000000000001,0.45469999999999994
4275.75,5.158,0.37720000000000004
4276.0,5.103000000000001,0.30279999999999996
4276.25,5.046,0.23399999999999999
4276.5,5.086,0.29700000000000004
4276.75,5.204,0.44140000000000007
4277.0,5.015,0.21899999999999997
4277.25,5.196,0.44500000000000006
4277.5,5.139,0.3765
4277.75,5.220000000000001,0.45999999999999996
4278.0,5.183,0.304
4278.25,4.521,0.4570000000000001
4278.5,3.0650000000000004,0.23169999999999996
4278.75,4.84,0.24450000000000002
4279.0,7.01,0.175
4279.25,7.36,0.11749999999999997
4279.5,7.84,0.2086
4279.75,7.43,0.23489999999999994
4280.0,7.220000000000001,-0.0040000000000000036
4280.25,7.21,0.04150000000000004
4280.5,7.3500000000000005,0.267
4280.75,7.3,0.09549999999999997
4281.0,7.379999999999999,0.04870000000000002
4281.25,7.36,0.10599999999999998
4281.5,7.29,0.175
4281.75,9.379999999999999,1.109
4282.0,10.34,1.545
4282.25,7.59,-0.015699999999999992
4282.5,7.145,0.16010000000000002
4282.75,6.74,0.13
4283.0,6.786,0.2484
4283.25,7.426,0.49400000000000005
4283.5,6.877,0.41400000000000003
4283.75,7.062,0.25950000000000006
4284.0,6.732,0.14400000000000002
4284.25,7.523,0.41100000000000003
4284.5,7.423,0.18819999999999998
4284.75,6.035,0.16300000000000003
4285.0,6.397,0.11800000000000005
4285.25,5.892,0.316
4285.5,5.741999999999999,0.1637
4285.75,6.048,0.32299999999999995
4286.0,6.7139999999999995,0.3516
4286.25,6.895,0.546
4286.5,6.67,0.29200000000000004
4286.75,6.584,0.15300000000000002
4287.0,7.084,0.05632999999999999
4287.25,7.276999999999999,0.13699999999999996
4287.5,7.141,-0.026000000000000023
4287.75,7.1610000000000005,-0.03700000000000003
4288.0,8.133,0.03799999999999998
4288.25,7.456,0.16199999999999998
4288.5,7.455,0.08799999999999997
4288.75,7.424,0.14919999999999994
4289.0,7.271,0.17999999999999994
4289.25,7.323,0.186
4289.5,7.087,0.023999999999999966
4289.75,6.494999999999999,-0.020000000000000018
4290.0,5.349,0.251
4290.25,4.962,0.345
4290.5,4.644,0.28093
4290.75,3.085,0.307
4291.0,4.274,0.3398
4291.25,4.638,0.46699999999999997
4291.5,5.365,0.436
4291.75,6.486000000000001,0.39239999999999997
4292.0,6.586,0.508
4292.25,6.434,0.31679999999999997
4292.5,6.546,0.39390000000000003
4292.75,6.5920000000000005,0.44449999999999995
4293.0,6.6739999999999995,0.479
4293.25,6.534,0.33649999999999997
4293.5,6.705,0.445
4293.75,6.59,0.32221
4294.0,6.693,0.583
4294.25,6.646999999999999,0.678
4294.5,6.531000000000001,0.583
4294.75,6.49,0.5288999999999999
4295.0,6.646,0.6890000000000001
4295.25,6.444,0.4419
4295.5,6.439,0.3918
4295.75,6.449999999999999,0.40099999999999997
4296.0,6.6209999999999996,0.538
4296.25,6.484,0.3894
4296.5,6.624,0.572
4296.75,6.611,0.5299999999999999
4297.0,6.701,0.6579999999999999
4297.25,6.5600000000000005,0.507
4297.5,4.563,0.28359999999999996
4297.75,2.934,0.2087
4298.0,3.031,0.288
4298.25,2.966,0.22960000000000003
4298.5,3.08,0.2549
4298.75,2.9990000000000006,0.2873
4299.0,3.044,0.31320000000000003
4299.25,2.966,0.2364
4299.5,3.0789999999999997,0.38
4299.75,3.159,0.46699999999999997
4300.0,3.0820000000000003,0.41900000000000004
4300.25,2.9150000000000005,0.24869999999999998
4300.5,2.9570000000000003,0.26709999999999995
4300.75,3.1159999999999997,0.43600000000000005
4301.0,2.9090000000000003,0.2284
4301.25,2.8880000000000003,0.21300000000000002
4301.5,2.926,0.2318
4301.75,3.0679999999999996,0.39799999999999996
4302.0,2.9160000000000004,0.22970000000000002
4302.25,3.0220000000000002,0.331
4302.5,2.9019999999999997,0.32199999999999995
4302.75,3.258,0.742
4303.0,2.953,0.39679999999999993
4303.25,2.844,0.21800000000000003
4303.5,2.8200000000000003,0.1774
4303.75,3.025,0.399
4304.0,2.789,0.15360000000000001
4304.25,2.8430000000000004,0.21719999999999995
4304.5,2.8289999999999997,0.20629999999999998
4304.75,3.073,0.516
4305.0,3.0269999999999997,0.44199999999999995
4305.25,2.8740000000000006,0.256
4305.5,2.854,0.22299999999999998
4305.75,2.9130000000000003,0.275
4306.0,2.834,0.1588
4306.25,2.9190000000000005,0.15399999999999997
4306.5,2.877,0.14020000000000005
4306.75,2.95,0.3084
4307.0,2.9890000000000003,0.3555
4307.25,2.8729999999999998,0.2454
4307.5,2.8739999999999997,0.22860000000000003
4307.75,2.966,0.34299999999999997
4308.0,2.942,0.322
4308.25,2.838,0.20829999999999996
4308.5,2.936,0.2077
4308.75,2.8389999999999995,0.396
4309.0,2.8,0.33940000000000003
4309.25,2.674,0.19199999999999995
4309.5,2.91,0.501
4309.75,2.763,0.32530000000000003
4310.0,2.709,0.2243
4310.25,2.734,0.26269999999999993
4310.5,2.867,0.41900000000000004
4310.75,2.753,0.30629999999999996
4311.0,2.938,0.504
4311.25,2.735,0.26993
4311.5,2.816,0.36600000000000005
4311.75,2.734,0.25300000000000006
4312.0,2.665,0.17510000000000003
4312.25,2.695,0.18350000000000005
4312.5,2.763,0.26499999999999996
4312.75,2.644,0.12000000000000005
4313.0,2.7319999999999998,0.23263
4313.25,2.9189999999999996,0.453
4313.5,2.84,0.356
4313.75,2.724,0.199
4314.0,2.675,0.13740000000000002
4314.25,2.818,0.29729999999999995
4314.5,2.804,0.2952
4314.75,2.774,0.3162
4315.0,2.6610000000000005,0.135
4315.25,2.896,0.377
4315.5,2.792,0.28859999999999997
4315.75,2.7159999999999997,0.1779
4316.0,2.8440000000000003,0.377
4316.25,2.939,0.4790000000000001
4316.5,2.81,0.3320000000000001
4316.75,2.791,0.2633
4317.0,2.707,0.20299999999999996
4317.25,2.844,0.34299999999999997
4317.5,2.854,0.36430000000000007
4317.75,2.7350000000000003,0.2632
4318.0,2.706,0.23099999999999998
4318.25,2.884,0.377
4318.5,2.881,0.32
4318.75,2.912,0.3801
4319.0,2.9379999999999997,0.42800000000000005
4319.25,2.944,0.473
4319.5,2.9130000000000003,0.45199999999999996
4319.75,2.922,0.5334
4320.0,2.841,0.3998
4320.25,2.8649999999999998,0.43299999999999994
4320.5,2.7800000000000002,0.3388
4320.75,2.7520000000000002,0.307
4321.0,2.735,0.279
4321.25,2.937,0.516
4321.5,2.97,0.585
4321.75,2.8249999999999997,0.388
4322.0,2.781,0.2996
4322.25,2.778,0.3033
4322.5,2.698,0.183
4322.75,2.795,0.3101
4323.0,2.833,0.37
4323.25,2.827,0.379
4323.5,2.737,0.28220000000000006
4323.75,2.851,0.37949999999999995
4324.0,2.942,0.5210000000000001
4324.25,2.853,0.383
4324.5,2.7749999999999995,0.27849999999999997
4324.75,2.745,0.24110000000000004
4325.0,2.871,0.384
4325.25,2.734,0.2616
4325.5,2.7830000000000004,0.30900000000000005
4325.75,2.753,0.21199999999999997
4326.0,2.8770000000000002,0.38
4326.25,2.66,0.138
4326.5,2.863,0.3589
4326.75,8.11,-0.259
4327.0,16.18,-1.1400000000000001
4327.25,36.4,-3.7699999999999996
4327.5,51.400000000000006,-0.9651000000000001
4327.75,54.0,0.14500000000000007
4328.0,55.099999999999994,-0.16799999999999995
4328.25,55.099999999999994,-1.279
4328.5,58.199999999999996,-0.2027
4328.75,57.900000000000006,-0.04159999999999998
4329.0,58.099999999999994,-1.221
4329.25,61.2,0.16029999999999994
4329.5,62.5,0.5569999999999999
4329.75,64.4,0.40399999999999997
4330.0,64.5,0.40199999999999997
4330.25,66.5,0.8700000000000001
4330.5,66.0,0.612
4330.75,65.6,-0.8392000000000001
4331.0,66.4,0.592
4331.25,67.1,0.655
4331.5,64.6,-0.665
4331.75,66.7,-0.24860000000000004
4332.0,68.69999999999999,1.154
4332.25,69.1,0.4800000000000001
4332.5,66.89999999999999,-0.025000000000000133
4332.75,68.3,0.517
4333.0,71.2,0.799
4333.25,68.5,-0.8333
4333.5,71.3,0.345
4333.75,71.80000000000001,0.1509999999999999
4334.0,72.0,-0.4440000000000001
4334.25,72.9,0.09599999999999992
4334.5,73.4,0.42600000000000005
4334.75,72.8,0.262
4335.0,73.0,0.14800000000000002
4335.25,74.6,0.44499999999999995
4335.5,71.5,0.632
4335.75,68.69999999999999,-0.29700000000000004
4336.0,71.1,-0.22699999999999998
4336.25,71.60000000000001,0.5660000000000001
4336.5,70.2,0.30799999999999994
4336.75,65.69999999999999,-0.11399999999999999
4337.0,61.4,-0.027000000000000024
4337.25,59.7,0.8620000000000001
4337.5,59.400000000000006,0.647
4337.75,57.099999999999994,-0.09500000000000008
4338.0,52.300000000000004,1.2760000000000002
4338.25,46.900000000000006,2.465
4338.5,40.7,1.6789999999999998
4338.75,39.599999999999994,2.083
4339.0,38.3,2.143
4339.25,37.8,2.128
4339.5,35.7,1.0859999999999999
4339.75,30.32,3.099
4340.0,15.129999999999999,1.891
4340.25,12.440000000000001,1.4889999999999999
4340.5,13.049999999999999,1.859
4340.75,13.599999999999998,1.605
4341.0,10.39,0.659
4341.25,9.91,0.8273000000000001
4341.5,9.99,0.7469
4341.75,9.57,0.619
4342.0,9.27,0.744
4342.25,9.25,0.5860000000000001
4342.5,8.92,0.677
4342.75,8.79,0.6799999999999999
4343.0,8.73,0.723
4343.25,7.92,0.99
4343.5,7.66,0.631
4343.75,7.569999999999999,0.647
4344.0,7.74,0.942
4344.25,5.74,0.7985
4344.5,4.92,0.6325000000000001
4344.75,4.295,0.6708000000000001
4345.0,2.774,0.585
4345.25,2.788,0.7040000000000001
4345.5,2.695,0.611
4345.75,2.6639999999999997,0.604
4346.0,2.7750000000000004,0.7330000000000001
4346.25,2.8070000000000004,0.747
4346.5,2.6719999999999997,0.611
4346.75,2.6470000000000002,0.5740000000000001
4347.0,2.6569999999999996,0.5800000000000001
4347.25,2.8020000000000005,0.735
4347.5,2.6670000000000003,0.598
4347.75,2.624,0.5329999999999999
4348.0,2.658,0.579
4348.25,3.074,1.101
4348.5,2.723,0.616
4348.75,2.651,0.493
4349.0,2.719,0.65
4349.25,2.788,0.7070000000000001
4349.5,2.6089999999999995,0.509
4349.75,2.643,0.518
4350.0,2.593,0.51
4350.25,2.7840000000000003,0.755
4350.5,2.6229999999999998,0.5700000000000001
4350.75,10.129999999999999,-0.23900000000000002
4351.0,18.05,-1.07
4351.25,32.31,-2.51
4351.5,55.099999999999994,-0.6020000000000001
4351.75,57.800000000000004,-0.6360000000000001
4352.0,59.4,-0.131
4352.25,57.1,-0.30200000000000005
4352.5,57.400000000000006,-2.31
4352.75,61.00000000000001,-1.9899999999999998
4353.0,63.2,0.34800000000000003
4353.25,68.6,0.43499999999999994
4353.5,66.9,-0.131
4353.75,66.19999999999999,-2.54
4354.0,68.4,-1.081
4354.25,69.3,0.166
4354.5,69.0,0.10200000000000001
4354.75,68.5,-0.17100000000000004
4355.0,70.19999999999999,0.023700000000000068
4355.25,71.5,1.085
4355.5,71.3,0.5429999999999999
4355.75,68.9,0.10410000000000003
4356.0,72.0,1.003
4356.25,69.69999999999999,0.875
4356.5,69.1,-0.009000000000000064
4356.75,68.5,0.8670000000000001
4357.0,66.5,0.48199999999999993
4357.25,65.60000000000001,-0.06700000000000006
4357.5,64.6,-0.44400000000000006
4357.75,66.5,0.25199999999999995
4358.0,66.5,-0.0799999999999999
4358.25,64.3,-0.7849999999999999
4358.5,67.0,-0.3960000000000001
4358.75,66.2,-0.2450000000000001
4359.0,67.4,-0.37200000000000005
4359.25,67.30000000000001,-0.41999999999999993
4359.5,67.8,-0.008999999999999952
4359.75,67.8,0.08499999999999996
4360.0,66.80000000000001,-0.507
4360.25,67.0,1.1280000000000001
4360.5,65.4,0.832
4360.75,63.800000000000004,0.44000000000000006
4361.0,62.3,0.7340000000000001
4361.25,60.5,0.7939999999999999
4361.5,60.5,0.646
4361.75,57.5,0.2679999999999999
4362.0,52.2,1.012
4362.25,52.3,0.6370000000000001
4362.5,51.6,-0.26200000000000007
4362.75,48.900000000000006,1.448
4363.0,43.9,2.075
4363.25,39.6,2.159
4363.5,39.06,2.35
4363.75,39.099999999999994,2.8829000000000002
4364.0,36.4,3.0072
4364.25,19.4,1.678
4364.5,15.17,2.245
4364.75,14.239999999999998,1.956
4365.0,10.290000000000001,0.6444
4365.25,10.290000000000001,0.845
4365.5,8.52,0.5247999999999999
4365.75,8.620000000000001,0.45100000000000007
4366.0,8.99,0.30500000000000005
4366.25,9.38,0.297
4366.5,9.57,0.4312
4366.75,9.379999999999999,0.322
4367.0,7.5,0.25057999999999997
4367.25,7.59,0.49
4367.5,6.96,0.21700000000000003
4367.75,6.01,0.16100000000000003
4368.0,5.65,0.09700000000000003
4368.25,6.18,0.2596
4368.5,6.109999999999999,0.1385
4368.75,5.82,0.12899999999999995
4369.0,5.85,0.21600000000000008
4369.25,6.16,0.23660000000000003
4369.5,6.08,0.199
4369.75,5.49,0.10170000000000001
4370.0,6.01,0.21300000000000002
4370.25,6.15,0.25780000000000003
4370.5,5.9399999999999995,0.13499999999999995
4370.75,5.4,-0.06
4371.0,5.99,0.134
4371.25,6.02,0.1478
4371.5,5.69,0.065
4371.75,5.63,0.08200000000000002
4372.0,6.0,0.26299999999999996
4372.25,6.15,0.33499999999999996
4372.5,5.6899999999999995,0.3074
4372.75,5.96,0.18819999999999998
4373.0,5.91,0.07600000000000001
4373.25,5.9,0.13599999999999995
4373.5,5.37,-0.014000000000000012
4373.75,5.57,0.185
4374.0,5.58,0.12
4374.25,4.4399999999999995,0.22071399999999997
4374.5,3.9699999999999998,0.2322
4374.75,23.479999999999997,-2.24
4375.0,43.9,-2.36
4375.25,45.0,-2.144
4375.5,52.3,-0.41669999999999996
4375.75,56.199999999999996,-0.347
4376.0,56.7,-1.51
4376.25,56.300000000000004,-2.9400000000000004
4376.5,61.6,-3.17
4376.75,68.9,-1.857
4377.0,69.6,-2.057
4377.25,71.0,-1.8459999999999999
4377.5,73.1,-0.06499999999999995
4377.75,75.60000000000001,2.488
4378.0,74.5,0.47200000000000003
4378.25,78.0,2.1630000000000003
4378.5,75.9,2.293
4378.75,74.8,1.6345
4379.0,72.8,1.427
4379.25,75.7,0.803
4379.5,77.89999999999999,1.732
4379.75,78.9,0.986
4380.0,78.9,2.664
4380.25,79.5,2.917
4380.5,79.4,2.899
4380.75,79.0,2.576
4381.0,73.2,0.32299999999999995
4381.25,74.4,1.073
4381.5,77.3,0.546
4381.75,78.0,1.8454000000000002
4382.0,76.9,1.329
4382.25,78.3,2.1242
4382.5,75.6,2.448
4382.75,75.1,2.372
4383.0,75.3,2.484
4383.25,74.9,1.483
4383.5,73.8,2.453
4383.75,73.8,2.606
4384.0,74.4,4.65
4384.25,72.9,3.548
4384.5,72.0,4.4590000000000005
4384.75,66.6,1.8179999999999998
4385.0,68.2,2.8932
4385.25,69.3,4.131
4385.5,67.1,4.336
4385.75,66.2,3.546
4386.0,54.1,1.9000000000000001
4386.25,46.2,3.1689999999999996
4386.5,43.0,3.448
4386.75,40.2,2.7960000000000003
4387.0,40.4,3.296
4387.25,34.7,2.649
4387.5,29.61,2.327
4387.75,18.9,1.4009999999999998
4388.0,12.579999999999998,1.806
4388.25,10.190000000000001,1.714
4388.5,10.15,1.625
4388.75,9.66,1.7730000000000001
4389.0,4.52,0.3156
4389.25,5.239,0.27122
4389.5,5.9799999999999995,0.16599999999999998
4389.75,6.005,0.15100000000000002
4390.0,6.273000000000001,0.392
4390.25,6.097,0.21900000000000003
4390.5,5.953,0.20399999999999996
4390.75,5.674,0.316
4391.0,5.680000000000001,0.636
4391.25,5.361000000000001,0.4206
4391.5,5.340999999999999,0.4143
4391.75,5.2669999999999995,0.29610000000000003
4392.0,5.385,0.412
4392.25,5.282,0.349
4392.5,5.205,0.251
4392.75,5.2170000000000005,0.232
4393.0,5.3389999999999995,0.35800000000000004
4393.25,5.36,0.23900000000000002
4393.5,5.325,0.20400000000000001
4393.75,3.675,0.481
4394.0,3.702,0.511
4394.25,3.747,0.5763
4394.5,3.693,0.5206999999999999
4394.75,3.5799999999999996,0.3174
4395.0,3.454,0.21200000000000002
4395.25,3.586,0.3456
4395.5,3.4400000000000004,0.197
4395.75,3.5660000000000003,0.3264
4396.0,3.495,0.276
4396.25,3.529,0.291
4396.5,3.49,0.24
4396.75,3.7750000000000004,0.625
4397.0,3.592,0.4146
4397.25,3.625,0.41209999999999997
4397.5,3.537,0.337
4397.75,3.599,0.375
4398.0,3.551,0.265
4398.25,3.4509999999999996,0.258
4398.5,3.4830000000000005,0.22599999999999998
4398.75,18.56,-1.97
4399.0,39.69,-1.8499999999999999
4399.25,43.900000000000006,-1.02
4399.5,54.6,1.095
4399.75,61.1,2.493
4400.0,58.0,0.626
4400.25,57.800000000000004,0.188
4400.5,62.400000000000006,1.963
4400.75,73.6,2.0300000000000002
4401.0,73.1,2.248
4401.25,71.7,1.3090000000000002
4401.5,78.1,3.9870000000000005
4401.75,76.9,3.639
4402.0,74.6,3.183
4402.25,76.9,4.612
4402.5,76.1,4.204000000000001
4402.75,75.6,3.427
4403.0,72.6,2.8840000000000003
4403.25,72.3,2.5932000000000004
4403.5,73.8,2.755
4403.75,71.2,2.8531
4404.0,70.0,2.6807
4404.25,71.9,2.158
4404.5,74.0,1.8917000000000002
4404.75,76.80000000000001,2.49
4405.0,73.4,2.3680000000000003
4405.25,64.5,-0.7649
4405.5,66.3,-0.065
4405.75,67.5,1.448
4406.0,70.9,1.96
4406.25,69.9,2.496
4406.5,69.0,2.5060000000000002
4406.75,67.5,1.554
4407.0,66.4,1.591
4407.25,67.0,1.9929999999999999
4407.5,66.4,1.896
4407.75,67.19999999999999,2.6740000000000004
4408.0,67.1,2.5709999999999997
4408.25,66.9,2.3577
4408.5,65.30000000000001,1.231
4408.75,67.9,2.596
4409.0,65.3,2.4579999999999997
4409.25,67.1,2.7089999999999996
4409.5,67.6,2.593
4409.75,65.8,2.0519
4410.0,55.9,-0.08399999999999999
4410.25,55.699999999999996,-0.6172
4410.5,56.8,0.209
4410.75,50.7,0.49000000000000005
4411.0,49.5,0.49699999999999994
4411.25,47.5,0.38800000000000007
4411.5,44.0,0.858
4411.75,32.67,1.433
4412.0,23.32,1.6949999999999998
4412.25,17.4,1.1110000000000002
4412.5,16.13,1.457
4412.75,12.969999999999999,1.3039999999999998
4413.0,6.33,0.20599999999999996
4413.25,7.55,0.338
4413.5,7.4719999999999995,0.2592
4413.75,7.495000000000001,0.2575
4414.0,7.564,0.359
4414.25,7.433,0.2542
4414.5,7.399,0.1757
4414.75,7.376,0.2577
4415.0,5.549,0.396
4415.25,5.1819999999999995,0.24819
4415.5,5.254,0.3516
4415.75,5.329,0.41400000000000003
4416.0,5.38,0.477
4416.25,5.318,0.45120000000000005
4416.5,5.107,0.177
4416.75,5.276000000000001,0.38
4417.0,5.212,0.3187
4417.25,5.2250000000000005,0.29200000000000004
4417.5,5.081,0.11899999999999997
4417.75,5.284999999999999,0.345
4418.0,5.103999999999999,0.09999999999999998
4418.25,5.211,0.15349999999999997
4418.5,5.213,0.17559999999999998
4418.75,5.456999999999999,0.531
4419.0,5.364999999999999,0.37
4419.25,5.287,0.37299999999999994
4419.5,5.156000000000001,0.19699999999999998
4419.75,5.390000000000001,0.374
4420.0,5.126,0.1262
4420.25,5.092,0.08500000000000002
4420.5,5.17,0.17423
4420.75,5.2829999999999995,0.262
4421.0,5.227,0.2241
4421.25,5.3,0.3
4421.5,5.202,0.185
4421.75,5.387,0.306
4422.0,4.6739999999999995,0.10360000000000003
4422.25,3.123,0.15403999999999995
4422.5,3.067,0.012400000000000022
4422.75,11.67,0.36
4423.0,23.99,1.5390000000000001
4423.25,28.29,0.766
4423.5,48.2,-0.8895
4423.75,56.3,1.758
4424.0,57.900000000000006,1.887
4424.25,57.900000000000006,0.7070000000000001
4424.5,58.4,-1.035
4424.75,67.0,1.525
4425.0,69.3,1.685
4425.25,68.6,0.61132
4425.5,70.7,1.939
4425.75,72.4,2.1719999999999997
4426.0,71.1,1.853
4426.25,67.6,-0.265
4426.5,67.69999999999999,-1.1728
4426.75,69.0,-1.004
4427.0,68.9,-1.442
4427.25,70.3,-0.49799999999999994
4427.5,72.7,1.516
4427.75,73.1,2.0
4428.0,76.30000000000001,2.194
4428.25,77.6,2.1900000000000004
4428.5,76.5,1.8860000000000001
4428.75,73.0,1.911
4429.0,67.3,0.19500000000000006
4429.25,70.2,1.1119
4429.5,69.80000000000001,1.966
4429.75,68.10000000000001,2.703
4430.0,72.6,4.469
4430.25,69.9,2.3760000000000003
4430.5,72.5,4.004
4430.75,68.4,1.556
4431.0,68.1,2.297
4431.25,69.5,2.957
4431.5,68.69999999999999,2.968
4431.75,66.1,1.9731
4432.0,63.400000000000006,0.803
4432.25,64.8,2.04
4432.5,63.89999999999999,1.963
4432.75,60.3,0.7949999999999999
4433.0,64.19999999999999,1.987
4433.25,60.4,0.44099999999999995
4433.5,58.5,-0.759
4433.75,58.0,-1.236
4434.0,49.6,-2.7752
4434.25,44.099999999999994,-3.6200000000000006
4434.5,43.2,-3.27
4434.75,40.6,-3.07
4435.0,37.7,-2.4959999999999996
4435.25,36.2,-2.79
4435.5,31.56,-2.56
4435.75,20.43,-0.8560000000000001
4436.0,14.44,0.07199999999999995
4436.25,13.620000000000001,0.2519999999999999
4436.5,12.98,0.36100000000000004
4436.75,9.61,0.4099999999999999
4437.0,5.551,0.41852
4437.25,5.348,0.483
4437.5,5.334,0.7033
4437.75,5.218,0.5402
4438.0,5.206,0.5722
4438.25,4.621,0.6900000000000001
4438.5,4.353,0.42100000000000004
4438.75,4.389,0.44711
4439.0,5.721,0.582
4439.25,6.073,0.425
4439.5,5.997999999999999,0.47745000000000004
4439.75,5.926,0.3833
4440.0,6.055999999999999,0.507
4440.25,6.093999999999999,0.611
4440.5,5.958,0.4633
4440.75,6.183,0.725
4441.0,5.974,0.4473
4441.25,5.87,0.342
4441.5,3.4339999999999997,0.285
4441.75,2.538,0.37639999999999996
4442.0,2.527,0.36799999999999994
4442.25,2.432,0.271
4442.5,2.456,0.303
4442.75,2.468,0.3127
4443.0,2.591,0.3563
4443.25,2.5090000000000003,0.22460000000000002
4443.5,2.65,0.47200000000000003
4443.75,2.4659999999999997,0.2789999999999999
4444.0,2.504,0.30600000000000005
4444.25,2.327,0.09299999999999997
4444.5,2.486,0.28309999999999996
4444.75,2.341,0.11099999999999999
4445.0,2.4379999999999997,0.22619999999999996
4445.25,2.402,0.22000000000000003
4445.5,2.493,0.28759999999999997
4445.75,2.455,0.22241000000000002
4446.0,2.535,0.30200000000000005
4446.25,2.517,0.33299999999999996
4446.5,2.379,0.2196
4446.75,3.8169999999999997,0.08299999999999996
4447.0,8.51,0.11500000000000002
4447.25,6.380000000000001,0.05700000000000002
4447.5,5.8500000000000005,0.256
4447.75,6.0200000000000005,0.15400000000000003
4448.0,6.41,0.10900000000000001
4448.25,6.25,-0.014000000000000068
4448.5,6.35,0.09789999999999999
4448.75,6.36,0.07450000000000001
4449.0,6.78,0.19399999999999995
4449.25,6.53,0.216
4449.5,6.489999999999999,0.08799999999999997
4449.75,6.66,-0.017000000000000015
4450.0,8.17,0.199
4450.25,9.899999999999999,0.337
4450.5,9.93,0.38299999999999995
4450.75,9.870000000000001,0.27399999999999997
4451.0,9.969999999999999,0.356
4451.25,10.149999999999999,0.52
4451.5,10.79,0.31900000000000006
4451.75,10.05,0.30800000000000005
4452.0,9.99,0.5027999999999999
4452.25,8.98,0.35637
4452.5,8.9,0.30599999999999994
4452.75,9.07,0.48300000000000004
4453.0,9.51,0.414
4453.25,9.08,0.47639999999999993
4453.5,9.05,0.369
4453.75,8.809999999999999,0.294
4454.0,8.66,0.4525
4454.25,9.02,0.577
4454.5,7.58,0.5149999999999999
4454.75,4.89,0.057999999999999996
4455.0,4.67,0.026000000000000023
4455.25,5.07,-0.13999999999999996
4455.5,4.55,-0.202
4455.75,4.5,-0.24700000000000005
4456.0,4.66,0.08370999999999995
4456.25,4.53,0.0020000000000000018
4456.5,4.3,-0.04799999999999999
4456.75,4.27,-0.061
4457.0,4.99,0.11899999999999997
4457.25,4.33,-0.051600000000000035
4457.5,4.66,-0.271
4457.75,4.99,-0.20300000000000007
4458.0,3.67,0.11699999999999999
4458.25,3.2700000000000005,-0.030000000000000027
4458.5,3.246,0.006000000000000061
4458.75,2.779,0.02999999999999997
4459.0,2.551,0.444
4459.25,2.297,0.16899999999999998
4459.5,2.436,0.3174
4459.75,2.491,0.3659
4460.0,2.566,0.477
4460.25,2.327,0.218
4460.5,2.392,0.299
4460.75,2.314,0.20599999999999996
4461.0,2.5420000000000003,0.466
4461.25,2.404,0.30100000000000005
4461.5,2.393,0.329
4461.75,2.3,0.187
4462.0,2.508,0.42700000000000005
4462.25,2.354,0.27
4462.5,2.394,0.3174
4462.75,2.433,0.36849999999999994
4463.0,2.5580000000000003,0.522
4463.25,2.308,0.22400000000000003
4463.5,2.352,0.23299999999999998
4463.75,2.355,0.23700000000000002
4464.0,2.544,0.456
4464.25,2.359,0.28300000000000003
4464.5,2.305,0.22299999999999998
4464.75,2.339,0.24799999999999997
4465.0,2.697,0.608
4465.25,2.405,0.304
4465.5,2.444,0.2445
4465.75,2.474,0.40369999999999995
4466.0,2.547,0.4502
4466.25,2.386,0.30800000000000005
4466.5,2.368,0.281
4466.75,2.464,0.4247
4467.0,2.569,0.505
4467.25,2.334,0.23399999999999999
4467.5,2.301,0.20199999999999996
4467.75,2.466,0.3712
4468.0,2.612,0.473
4468.25,2.4859999999999998,0.32999999999999996
4468.5,2.47,0.4362
4468.75,2.48,0.41700000000000004
4469.0,2.519,0.46449999999999997
4469.25,2.426,0.36199999999999993
4469.5,2.307,0.21299999999999997
4469.75,2.341,0.22299999999999998
4470.0,2.4450000000000003,0.35109999999999997
4470.25,2.356,0.25
4470.5,2.375,0.2829999999999999
4470.75,2.498,0.3991
4471.0,3.428,0.3079
4471.25,3.5199999999999996,0.2646
4471.5,2.6770000000000005,0.08999999999999997
4471.75,2.69,0.118
4472.0,2.739,0.16799999999999998
4472.25,2.791,0.248
4472.5,2.735,0.24
4472.75,2.6470000000000002,0.10099999999999998
4473.0,2.762,0.1827
4473.25,2.7029999999999994,0.06299999999999994
4473.5,2.755,0.183
4473.75,2.776,0.2147
4474.0,2.828,0.2662
4474.25,2.785,0.198
4474.5,2.6710000000000003,0.09999999999999998
4474.75,2.6950000000000003,0.12
4475.0,2.818,0.15699999999999997
4475.25,2.7489999999999997,0.179
4475.5,2.7330000000000005,0.22800000000000004
4475.75,2.696,0.16000000000000003
4476.0,2.8449999999999998,0.33100000000000007
4476.25,2.8529999999999998,0.36440000000000006
4476.5,2.793,0.31800000000000006
4476.75,2.777,0.29189999999999994
4477.0,2.738,0.22199999999999998
4477.25,3.217,0.21399999999999997
4477.5,2.747,0.20499999999999996
4477.75,2.785,0.28099999999999997
4478.0,2.8659999999999997,0.41275999999999996
4478.25,2.698,0.15700000000000003
4478.5,2.707,0.16800000000000004
4478.75,2.7139999999999995,0.178
4479.0,2.823,0.31800000000000006
4479.25,2.79,0.2867
4479.5,2.87,0.3964
4479.75,2.804,0.23184000000000005
4480.0,2.7590000000000003,0.07500000000000001
4480.25,2.718,0.11399999999999999
4480.5,2.7600000000000002,0.08000000000000002
4480.75,2.7489999999999997,0.08999999999999997
4481.0,2.789,0.23500000000000004
4481.25,2.838,0.299
4481.5,3.225,0.184
4481.75,2.9010000000000002,0.347
4482.0,4.136,0.32544999999999996
4482.25,4.535,0.3727
4482.5,4.473999999999999,0.26624000000000003
4482.75,4.508,0.33399999999999996
4483.0,4.267,0.332
4483.25,5.0440000000000005,0.5388000000000001
4483.5,4.8740000000000006,0.3906
4483.75,4.99,0.4986
4484.0,4.8420000000000005,0.40421999999999997
4484.25,4.894,0.4144
4484.5,5.886,0.5385000000000001
4484.75,6.206999999999999,0.813
4485.0,5.928999999999999,0.4803
4485.25,6.226999999999999,0.5127
4485.5,5.9479999999999995,0.4869
4485.75,5.927,0.452
4486.0,5.849,0.375
4486.25,5.8260000000000005,0.359
4486.5,5.994999999999999,0.5299
4486.75,5.991,0.5454
4487.0,5.886,0.3989
4487.25,5.82,0.357
4487.5,5.981,0.55
4487.75,6.092999999999999,0.6910000000000001
4488.0,5.9399999999999995,0.5304
4488.25,5.983999999999999,0.513
4488.5,4.629,0.506
4488.75,2.4850000000000003,0.2892
4489.0,2.363,0.16799999999999998
4489.25,2.4,0.21799999999999997
4489.5,2.508,0.33624000000000004
4489.75,2.517,0.3263
4490.0,2.496,0.33490000000000003
4490.25,2.544,0.40099999999999997
4490.5,2.663,0.542
4490.75,2.518,0.387
4491.0,2.399,0.23799999999999993
4491.25,2.405,0.23199999999999998
4491.5,2.468,0.3035
4491.75,2.499,0.32899999999999996
4492.0,2.4499999999999997,0.29999999999999993
4492.25,2.416,0.25899999999999995
4492.5,2.402,0.22499999999999998
4492.75,2.65,0.438
4493.0,2.563,0.2913
4493.25,2.523,0.372
4493.5,2.598,0.477
4493.75,2.6390000000000002,0.4153
4494.0,2.474,0.22299999999999998
4494.25,2.4099999999999997,0.252
4494.5,2.39,0.237
4494.75,18.27,-2.31
4495.0,35.97,-4.0
4495.25,36.4,-4.5
4495.5,42.3,-4.06
4495.75,47.8,-3.7800000000000002
4496.0,48.3,-4.109999999999999
4496.25,49.300000000000004,-4.36
4496.5,48.800000000000004,-4.609999999999999
4496.75,50.199999999999996,-4.6499999999999995
4497.0,52.4,-3.7100000000000004
4497.25,54.8,-2.66
4497.5,54.599999999999994,-3.1599999999999997
4497.75,57.4,-3.1900000000000004
4498.0,57.4,-4.56
4498.25,56.2,-4.54
4498.5,59.599999999999994,-3.0599999999999996
4498.75,63.2,-3.43
4499.0,63.7,-3.0399999999999996
4499.25,64.1,-2.74
4499.5,65.4,-2.79
4499.75,64.5,-4.2
4500.0,65.8,-3.95
4500.25,66.30000000000001,-4.0
4500.5,68.0,-4.0600000000000005
4500.75,66.5,-2.94
4501.0,65.69999999999999,-3.13
4501.25,67.8,-2.3899999999999997
4501.5,62.49999999999999,-3.0599999999999996
4501.75,63.7,-2.49
4502.0,62.7,-3.25
4502.25,65.1,-3.08
4502.5,62.10000000000001,-3.56
4502.75,61.1,-4.07
4503.0,58.9,-3.9399999999999995
4503.25,61.7,-3.64
4503.5,59.0,-3.65
4503.75,60.699999999999996,-3.43
4504.0,59.7,-3.93
4504.25,59.599999999999994,-4.0200000000000005
4504.5,58.8,-4.2
4504.75,55.0,-4.0200000000000005
4505.0,54.4,-4.12
4505.25,46.599999999999994,-3.44
4505.5,46.8,-3.4799999999999995
4505.75,48.099999999999994,-3.5
4506.0,47.3,-3.58
4506.25,45.9,-3.3000000000000003
4506.5,44.2,-3.1999999999999997
4506.75,38.5,-3.0700000000000003
4507.0,38.5,-3.1499999999999995
4507.25,37.1,-3.6099999999999994
4507.5,35.9,-3.47
4507.75,27.13,-1.7799999999999998
4508.0,20.36,-0.4370000000000001
4508.25,18.32,-0.43200000000000005
4508.5,12.89,0.28630999999999995
4508.75,10.36,0.0020000000000000018
4509.0,7.885,0.198
4509.25,7.390000000000001,0.5148
4509.5,7.367,0.5315
4509.75,7.228000000000001,0.33999999999999997
4510.0,7.218999999999999,0.3118
4510.25,7.406000000000001,0.52818
4510.5,7.137,0.23299999999999998
4510.75,7.13,0.36388
4511.0,5.687,0.6335000000000001
4511.25,5.1530000000000005,0.5549
4511.5,4.964,0.30169999999999997
4511.75,5.144,0.41670999999999997
4512.0,5.268000000000001,0.6345000000000001
4512.25,5.116,0.5236000000000001
4512.5,5.12,0.5485
4512.75,4.972,0.328
4513.0,5.212,0.6132000000000001
4513.25,4.972,0.36979999999999996
4513.5,4.953,0.3608
4513.75,5.256,0.7624
4514.0,4.976999999999999,0.3892
4514.25,4.845999999999999,0.19499999999999995
4514.5,4.979,0.3701
4514.75,5.188,0.582
4515.0,5.025,0.41900000000000004
4515.25,4.954,0.369
4515.5,4.888,0.264
4515.75,4.9830000000000005,0.372
4516.0,4.944,0.313
4516.25,4.887,0.27999999999999997
4516.5,5.034999999999999,0.455
4516.75,5.062,0.491
4517.0,4.832,0.22099999999999997
4517.25,4.822,0.20700000000000002
4517.5,5.040000000000001,0.47700000000000004
4517.75,4.148,0.2825
4518.0,3.399,0.123
4518.25,2.8930000000000002,0.503
4518.5,2.8289999999999997,0.4465
4518.75,7.06,-0.3510000000000001
4519.0,34.79,-3.7
4519.25,36.650000000000006,-3.8
4519.5,40.9,-4.5
4519.75,45.599999999999994,-4.6
4520.0,45.4,-4.5
4520.25,47.0,-4.6000000000000005
4520.5,49.099999999999994,-4.6
4520.75,51.1,-4.5
4521.0,52.7,-4.5
4521.25,53.5,-4.5
4521.5,50.599999999999994,-4.8
4521.75,51.2,-4.7
4522.0,51.699999999999996,-4.8
4522.25,54.8,-4.5
4522.5,55.900000000000006,-4.2
4522.75,51.800000000000004,-4.6
4523.0,50.5,-4.37
4523.25,49.699999999999996,-4.069999999999999
4523.5,49.1,-4.29
4523.75,47.5,-4.2
4524.0,45.3,-4.27
4524.25,44.099999999999994,-4.1499999999999995
4524.5,44.0,-4.18
4524.75,45.099999999999994,-4.49
4525.0,43.0,-4.6000000000000005
4525.25,44.099999999999994,-4.4
4525.5,44.699999999999996,-4.74
4525.75,44.900000000000006,-4.6
4526.0,43.699999999999996,-4.3500000000000005
4526.25,45.39999999999999,-4.33
4526.5,42.2,-4.1
4526.75,41.099999999999994,-3.85
4527.0,40.2,-3.9499999999999997
4527.25,39.599999999999994,-4.09
4527.5,39.099999999999994,-4.119999999999999
4527.75,37.9,-4.08
4528.0,38.1,-4.21
4528.25,39.1,-3.79
4528.5,37.31,-4.07
4528.75,37.32,-4.08
4529.0,36.449999999999996,-4.07
4529.25,37.03,-3.9799999999999995
4529.5,38.7,-3.9400000000000004
4529.75,38.7,-4.1
4530.0,31.650000000000002,-3.37
4530.25,25.15,-2.23
4530.5,24.0,-2.21
4530.75,23.66,-2.01
4531.0,23.95,-1.9700000000000002
4531.25,23.2,-2.25
4531.5,23.09,-2.16
4531.75,20.66,-2.0
4532.0,11.379999999999999,-0.8275000000000001
4532.25,6.96,-0.046999999999999986
4532.5,7.17,0.008000000000000007
4532.75,6.93,-0.03500000000000003
4533.0,6.342,0.4577
4533.25,6.210999999999999,0.45472
4533.5,5.75,0.3936
4533.75,5.827999999999999,0.474
4534.0,5.96,0.6617999999999999
4534.25,6.055,0.71946
4534.5,5.795,0.45640000000000003
4534.75,5.523999999999999,0.214
4535.0,5.720000000000001,0.282
4535.25,5.129,0.40975
4535.5,4.967999999999999,0.4037
4535.75,4.972,0.376
4536.0,4.997,0.6393
4536.25,5.074,0.5145
4536.5,5.096,0.6416
4536.75,5.098,0.628
4537.0,3.972,0.528
4537.25,2.54,0.185
4537.5,2.5060000000000002,0.127
4537.75,2.732,0.3821
4538.0,2.62,0.2873
4538.25,2.524,0.16399999999999998
4538.5,2.5380000000000003,0.16099999999999998
4538.75,2.787,0.476
4539.0,2.645,0.26906
4539.25,2.732,0.3216
4539.5,2.942,0.7214
4539.75,2.7510000000000003,0.432
4540.0,2.6470000000000002,0.256
4540.25,2.553,0.191
4540.5,2.617,0.26221
4540.75,2.7139999999999995,0.371
4541.0,2.55,0.214
4541.25,2.657,0.35500000000000004
4541.5,2.7289999999999996,0.38060000000000005
4541.75,2.7259999999999995,0.341
4542.0,2.656,0.358
4542.25,2.6220000000000003,0.36569999999999997
4542.5,2.8259999999999996,0.282
4542.75,21.36,-2.94
4543.0,30.660000000000004,-4.0
4543.25,34.2,-4.6
4543.5,39.1,-4.5
4543.75,45.599999999999994,-4.29
4544.0,44.7,-4.34
4544.25,48.4,-2.87
4544.5,50.5,-1.929286
4544.75,54.900000000000006,-2.4000000000000004
4545.0,54.4,-2.6399999999999997
4545.25,59.3,-2.6
4545.5,61.39999999999999,-3.0
4545.75,63.699999999999996,-2.54
4546.0,64.7,-3.0700000000000003
4546.25,65.5,-2.1100000000000003
4546.5,65.7,-2.76
4546.75,65.19999999999999,-3.31
4547.0,64.39999999999999,-2.94
4547.25,62.800000000000004,-2.7
4547.5,60.5,-3.02
4547.75,61.7,-3.02
4548.0,58.900000000000006,-4.3
4548.25,58.1,-4.34
4548.5,60.3,-3.84
4548.75,59.5,-4.4
4549.0,61.099999999999994,-4.29
4549.25,59.3,-4.1
4549.5,60.9,-4.5
4549.75,60.800000000000004,-4.0600000000000005
4550.0,60.4,-3.9
4550.25,59.5,-4.3
4550.5,59.6,-4.3
4550.75,62.5,-4.300000000000001
4551.0,60.5,-4.27
4551.25,61.599999999999994,-4.5
4551.5,60.099999999999994,-4.4
4551.75,59.099999999999994,-4.5
4552.0,62.2,-4.3500000000000005
4552.25,57.699999999999996,-4.16
4552.5,52.4,-3.8
4552.75,49.3,-3.6100000000000003
4553.0,48.5,-3.6599999999999997
4553.25,47.7,-3.8
4553.5,47.7,-4.1
4553.75,45.2,-4.1
4554.0,43.7,-3.46
4554.25,43.2,-3.62
4554.5,42.0,-3.5700000000000003
4554.75,36.6,-3.03
4555.0,33.5,-3.33
4555.25,33.4,-3.38
4555.5,28.879999999999995,-2.17
4555.75,19.52,-0.8145830000000001
4556.0,15.18,-0.06270000000000003
4556.25,11.7,0.07500000000000004
4556.5,10.370000000000001,0.236
4556.75,9.690000000000001,0.14799999999999996
4557.0,8.57,0.431
4557.25,7.74,0.73
4557.5,7.6,0.5700000000000001
4557.75,7.61,0.613
4558.0,7.73,0.745
4558.25,7.659999999999999,0.754
4558.5,7.529999999999999,0.81543
4558.75,6.58,0.753
4559.0,5.47,0.78
4559.25,5.35,0.6439999999999999
4559.5,5.29,0.5589999999999999
4559.75,5.3100000000000005,0.583
4560.0,5.48,0.749
4560.25,5.3,0.5660000000000001
4560.5,5.3100000000000005,0.607
4560.75,5.529999999999999,0.8621
4561.0,5.5,0.872
4561.25,5.35,0.629
4561.5,5.43,0.7515000000000001
4561.75,5.4399999999999995,0.7108000000000001
4562.0,5.32,0.576
4562.25,5.35,0.623
4562.5,5.35,0.635
4562.75,5.5,0.803
4563.0,5.26,0.516
4563.25,5.25,0.501
4563.5,5.37,0.657
4563.75,5.54,0.869
4564.0,5.42,0.758
4564.25,5.37,0.7
4564.5,5.4,0.6439999999999999
4564.75,5.26,0.505
4565.0,5.2,0.419
4565.25,5.26,0.507
4565.5,5.35,0.579
4565.75,4.2,0.40700000000000003
4566.0,3.6900000000000004,0.376
4566.25,3.0840000000000005,0.635
4566.5,3.177,0.7449999999999999
4566.75,8.02,0.01239999999999998
4567.0,17.71,-1.1099999999999999
4567.25,33.0,-4.01
4567.5,39.3,-4.1000000000000005
4567.75,43.3,-4.8
4568.0,45.4,-4.6
4568.25,48.9,-2.81
4568.5,49.5,-2.415
4568.75,52.7,-3.5100000000000002
4569.0,54.0,-2.99
4569.25,57.0,-2.83
4569.5,57.0,-3.35
4569.75,59.5,-3.2800000000000002
4570.0,58.900000000000006,-3.6
4570.25,60.9,-2.45
4570.5,60.400000000000006,-3.1
4570.75,60.5,-2.71
4571.0,57.699999999999996,-3.39
4571.25,60.2,-2.39
4571.5,57.5,-3.38
4571.75,55.8,-3.15
4572.0,54.0,-3.84
4572.25,53.2,-4.0
4572.5,51.9,-4.2
4572.75,54.8,-4.0
4573.0,50.7,-4.4
4573.25,49.89999999999999,-4.5
4573.5,51.2,-4.08
4573.75,52.0,-3.92
4574.0,52.9,-4.0
4574.25,52.8,-4.0600000000000005
4574.5,52.1,-3.78
4574.75,52.400000000000006,-4.2
4575.0,53.699999999999996,-4.4
4575.25,50.900000000000006,-4.3
4575.5,52.5,-3.84
4575.75,51.1,-4.47
4576.0,51.900000000000006,-4.300000000000001
4576.25,50.800000000000004,-4.6
4576.5,47.599999999999994,-4.6
4576.75,43.7,-4.2
4577.0,39.7,-3.9699999999999998
4577.25,40.2,-4.2700000000000005
4577.5,40.5,-4.07
4577.75,40.3,-4.08
4578.0,34.61,-3.32
4578.25,26.82,-2.2
4578.5,24.580000000000002,-2.06
4578.75,23.749999999999996,-1.46
4579.0,23.68,-1.62
4579.25,24.040000000000003,-1.68
4579.5,23.990000000000002,-1.6300000000000001
4579.75,10.05,-0.1429999999999999
4580.0,8.55,-0.137
4580.25,8.870000000000001,0.11699999999999999
4580.5,10.43,0.21699999999999992
4580.75,10.510000000000002,0.06799999999999995
4581.0,8.17,0.252
4581.25,6.325,0.4317000000000001
4581.5,4.942,0.5266000000000001
4581.75,4.787999999999999,0.339
4582.0,4.9670000000000005,0.4272
4582.25,4.680000000000001,0.495
4582.5,4.6000000000000005,0.443
4582.75,4.629,0.482
4583.0,4.633000000000001,0.529
4583.25,4.384,0.385
4583.5,4.332,0.33599999999999997
4583.75,4.469,0.4757
4584.0,4.351,0.30199999999999994
4584.25,4.397,0.383
4584.5,4.328,0.28300000000000003
4584.75,4.28,0.26699999999999996
4585.0,3.342,0.31010000000000004
4585.25,2.691,0.2665
4585.5,2.857,0.508
4585.75,2.6820000000000004,0.31900000000000006
4586.0,2.537,0.07899999999999996
4586.25,2.7009999999999996,0.28890000000000005
4586.5,2.622,0.193
4586.75,2.5620000000000003,0.11500000000000005
4587.0,2.584,0.11499999999999999
4587.25,2.6959999999999997,0.2288
4587.5,2.624,0.18100000000000005
4587.75,2.6289999999999996,0.183
4588.0,2.696,0.22359999999999994
4588.25,2.768,0.359
4588.5,2.536,0.07400000000000001
4588.75,2.516,0.035999999999999976
4589.0,2.7350000000000003,0.27420000000000005
4589.25,2.581,0.09999999999999998
4589.5,2.542,0.08400000000000002
4589.75,2.601,0.07400000000000001
4590.0,2.735,0.2173
4590.25,2.5749999999999997,0.13479999999999998
4590.5,2.919,0.31623
4590.75,10.77,-0.866
4591.0,15.870000000000001,-1.1400000000000001
4591.25,25.68,-3.0500000000000003
4591.5,42.2,-4.1
4591.75,46.60000000000001,-3.6399999999999997
4592.0,45.800000000000004,-3.66
4592.25,47.9,-3.6099999999999994
4592.5,49.5,-3.83
4592.75,51.60000000000001,-3.5
4593.0,50.5,-3.59
4593.25,49.900000000000006,-3.48
4593.5,51.0,-3.51
4593.75,50.699999999999996,-3.3600000000000003
4594.0,51.2,-3.75
4594.25,53.1,-3.88
4594.5,54.1,-4.01
4594.75,52.00000000000001,-3.99
4595.0,51.50000000000001,-4.1000000000000005
4595.25,49.800000000000004,-4.16
4595.5,50.2,-4.04
4595.75,50.3,-3.97
4596.0,48.400000000000006,-4.04
4596.25,47.7,-4.1
4596.5,49.5,-3.85
4596.75,51.6,-3.75
4597.0,51.599999999999994,-3.95
4597.25,52.4,-3.5100000000000002
4597.5,50.3,-3.71
4597.75,49.199999999999996,-3.8400000000000003
4598.0,52.0,-3.89
4598.25,52.2,-4.08
4598.5,52.7,-3.82
4598.75,49.5,-4.14
4599.0,48.3,-4.43
4599.25,46.8,-4.46
4599.5,46.9,-4.38
4599.75,44.7,-4.49
4600.0,41.2,-4.4
4600.25,40.2,-4.529999999999999
4600.5,39.5,-4.64
4600.75,39.5,-4.24
4601.0,40.4,-3.9499999999999997
4601.25,43.5,-3.6399999999999997
4601.5,42.8,-3.47
4601.75,38.0,-3.51
4602.0,36.2,-3.6
4602.25,33.28,-2.81
4602.5,32.72,-3.3600000000000003
4602.75,30.950000000000003,-3.32
4603.0,30.770000000000003,-3.24
4603.25,28.02,-2.95
4603.5,23.400000000000002,-1.9500000000000002
4603.75,14.33,-0.45130000000000003
4604.0,9.1,0.32
4604.25,8.41,0.469
4604.5,8.0,0.6789999999999999
4604.75,7.3999999999999995,0.3611
4605.0,5.86,0.6234
4605.25,5.890000000000001,0.9162999999999999
4605.5,5.78,0.87
4605.75,5.74,0.7965
4606.0,5.789999999999999,0.9423300000000001
4606.25,5.66,0.753
4606.5,5.59,0.6995
4606.75,5.7,0.833
4607.0,5.680000000000001,1.1320000000000001
4607.25,5.39,0.7596
4607.5,5.47,0.8513999999999999
4607.75,5.43,0.712
4608.0,5.43,0.7308
4608.25,5.34,0.6647
4608.5,5.369999999999999,0.6545000000000001
4608.75,5.630000000000001,0.9279999999999999
4609.0,5.42,0.7016
4609.25,5.48,0.8184
4609.5,5.6499999999999995,0.9993
4609.75,5.67,1.03
4610.0,5.48,0.879
4610.25,5.41,0.7084
4610.5,5.51,0.816
4610.75,5.47,0.762
4611.0,5.369999999999999,0.6613
4611.25,5.32,0.576
4611.5,5.460000000000001,0.715
4611.75,5.390000000000001,0.6074
4612.0,5.42,0.612
4612.25,5.58,0.829
4612.5,5.48,0.687
4612.75,5.35,0.515
4613.0,5.34,0.5324000000000001
4613.25,5.35,0.5327000000000001
4613.5,5.3999999999999995,0.6023000000000001
4613.75,4.92,0.6468
4614.0,3.76,0.47244
4614.25,3.505,0.619
4614.5,3.234,0.617
4614.75,6.590000000000001,0.546
4615.0,6.57,0.6970000000000001
4615.25,6.53,0.567
4615.5,9.25,0.695
4615.75,10.129999999999999,0.915
4616.0,9.84,0.9039999999999999
4616.25,9.67,0.8061
4616.5,9.969999999999999,0.972
4616.75,10.7,0.9229999999999999
4617.0,10.9,0.93
4617.25,10.51,0.951
4617.5,10.62,0.9019999999999999
4617.75,10.719999999999999,1.067
4618.0,10.32,1.057
4618.25,8.78,0.734
4618.5,9.33,0.7637
4618.75,10.27,0.847
4619.0,9.379999999999999,0.7268
4619.25,10.05,0.861
4619.5,10.3,0.7681
4619.75,10.46,0.898
4620.0,10.54,1.01
4620.25,10.489999999999998,1.064
4620.5,10.43,0.976
4620.75,9.45,1.27
4621.0,10.170000000000002,0.9900000000000001
4621.25,9.03,0.94
4621.5,7.99,1.026
4621.75,8.02,1.033
4622.0,8.95,1.054
4622.25,8.86,0.9604
4622.5,10.76,1.113
4622.75,10.5,1.284
4623.0,10.41,1.0670000000000002
4623.25,9.58,0.9096
4623.5,7.640000000000001,1.046
4623.75,9.01,0.9081
4624.0,8.88,0.8331
4624.25,8.91,0.9204000000000001
4624.5,9.19,1.043
4624.75,9.129999999999999,1.016
4625.0,9.509999999999998,0.8975000000000001
4625.25,7.6899999999999995,0.829
4625.5,6.359999999999999,0.8260000000000001
4625.75,4.279999999999999,0.596
4626.0,3.66,0.536
4626.25,3.84,0.745
4626.5,3.63,0.481
4626.75,3.5789999999999997,0.6489999999999999
4627.0,4.73,0.816
4627.25,5.0600000000000005,0.88781
4627.5,4.989999999999999,0.7653
4627.75,5.0,0.671
4628.0,4.96,0.649
4628.25,5.2299999999999995,0.8660000000000001
4628.5,5.029999999999999,0.8107
4628.75,5.09,0.84076
4629.0,5.06,0.8809999999999999
4629.25,5.0200000000000005,0.795
4629.5,4.890000000000001,0.6273
4629.75,5.43,0.7529999999999999
4630.0,4.99,0.6659999999999999
4630.25,4.69,0.6339999999999999
4630.5,4.73,0.7694
4630.75,4.79,0.8180000000000001
4631.0,4.75,0.7689999999999999
4631.25,4.75,0.7887
4631.5,4.51,0.49476000000000003
4631.75,4.73,0.6717
4632.0,4.72,0.692
4632.25,4.61,0.601
4632.5,4.67,0.691
4632.75,4.62,0.61422
4633.0,4.27,0.6819999999999999
4633.25,2.782,0.3582
4633.5,2.9030000000000005,0.5107
4633.75,2.9130000000000003,0.5249999999999999
4634.0,3.069,0.717
4634.25,2.8289999999999997,0.4305
4634.5,2.811,0.39599999999999996
4634.75,2.9450000000000003,0.5491
4635.0,2.906,0.49929999999999997
4635.25,2.754,0.31500000000000006
4635.5,2.779,0.35300000000000004
4635.75,2.8890000000000002,0.4594
4636.0,3.002,0.612
4636.25,2.806,0.3599
4636.5,2.899,0.505
4636.75,3.0169999999999995,0.621
4637.0,3.0260000000000002,0.683
4637.25,2.799,0.38399999999999995
4637.5,2.8950000000000005,0.48000000000000004
4637.75,2.99,0.496
4638.0,3.032,0.717
4638.25,2.802,0.4700000000000001
4638.5,2.726,0.37399999999999994
4638.75,2.525,0.568
4639.0,2.261,0.58
4639.25,2.277,0.594
4639.5,2.282,0.587
4639.75,2.435,0.838
4640.0,2.242,0.5661
4640.25,2.274,0.6195
4640.5,2.217,0.5432
4640.75,2.197,0.5152
4641.0,2.23,0.5509999999999999
4641.25,2.198,0.5385000000000001
4641.5,2.202,0.5186
4641.75,2.42,0.829
4642.0,2.416,0.766
4642.25,2.4130000000000003,0.6579999999999999
4642.5,2.526,0.777
4642.75,2.31,0.5670000000000001
4643.0,2.3200000000000003,0.6087
4643.25,2.4299999999999997,0.72
4643.5,2.332,0.611
4643.75,2.322,0.602
4644.0,2.251,0.5277000000000001
4644.25,2.2720000000000002,0.5334
4644.5,2.302,0.57
4644.75,2.489,0.636
4645.0,2.574,0.552
4645.25,2.383,0.629
4645.5,2.489,0.7909999999999999
4645.75,2.168,0.531
4646.0,2.192,0.5599999999999999
4646.25,2.3080000000000003,0.7040000000000001
4646.5,2.365,0.7629999999999999
4646.75,2.366,0.6926
4647.0,2.2039999999999997,0.4488
4647.25,2.335,0.653
4647.5,2.556,0.9789999999999999
4647.75,2.3369999999999997,0.6629999999999999
4648.0,2.338,0.645
4648.25,2.335,0.617
4648.5,2.311,0.5599999999999999
4648.75,2.296,0.5284
4649.0,2.282,0.5050000000000001
4649.25,2.419,0.753
4649.5,2.584,0.5870000000000001
4649.75,2.681,0.35400000000000004
4650.0,2.628,0.28
4650.25,2.9379999999999997,0.626
4650.5,2.802,0.482
4650.75,2.7990000000000004,0.5619999999999999
4651.0,2.85,0.596
4651.25,4.59,0.6636
4651.5,4.6899999999999995,0.5881
4651.75,4.7219999999999995,0.564
4652.0,4.726,0.54957
4652.25,4.854,0.6706000000000001
4652.5,3.716,0.46399999999999997
4652.75,2.9450000000000003,0.41969999999999996
4653.0,2.974,0.734
4653.25,2.8729999999999998,0.6239999999999999
4653.5,2.829,0.566
4653.75,2.812,0.53
4654.0,2.849,0.5812999999999999
4654.25,2.853,0.5388999999999999
4654.5,2.737,0.44699999999999995
4654.75,2.8520000000000003,0.4557
4655.0,2.955,0.6110000000000001
4655.25,2.806,0.5092000000000001
4655.5,2.8289999999999997,0.568
4655.75,2.928,0.621
4656.0,2.926,0.679
4656.25,2.716,0.42000000000000004
4656.5,2.7969999999999997,0.39266999999999996
4656.75,2.898,0.5929
4657.0,2.9170000000000003,0.675
4657.25,2.716,0.43256999999999995
4657.5,2.731,0.45909999999999995
4657.75,2.832,0.5827
4658.0,2.882,0.639
4658.25,2.753,0.49044
4658.5,2.785,0.5149999999999999
4658.75,2.9459999999999997,0.744
4659.0,3.08,0.9199999999999999
4659.25,2.755,0.48530000000000006
4659.5,2.737,0.45189999999999997
4659.75,2.775,0.4968
4660.0,2.817,0.5430999999999999
4660.25,2.763,0.49549999999999994
4660.5,2.734,0.454
4660.75,2.998,0.706
4661.0,2.8549999999999995,0.578
4661.25,2.803,0.49899999999999994
4661.5,2.792,0.5459999999999999
4661.75,2.863,0.6239999999999999
4662.0,2.801,0.5174
4662.25,2.777,0.4955
4662.5,2.64,0.333
4662.75,10.0,-0.6379999999999999
4663.0,32.61,-3.62
4663.25,35.39,-4.13
4663.5,37.7,-4.49
4663.75,36.7,-4.1899999999999995
4664.0,38.0,-4.43
4664.25,39.0,-4.29
4664.5,38.7,-4.34
4664.75,43.199999999999996,-4.5
4665.0,45.4,-4.71
4665.25,47.3,-4.5
4665.5,48.9,-4.48
4665.75,48.7,-4.7
4666.0,52.0,-4.39
4666.25,51.8,-4.5
4666.5,52.5,-4.2
4666.75,52.3,-4.27
4667.0,52.300000000000004,-4.2
4667.25,60.3,-1.568
4667.5,56.800000000000004,-3.5
4667.75,53.2,-4.58
4668.0,55.699999999999996,-4.2
4668.25,57.099999999999994,-3.6199999999999997
4668.5,57.2,-3.41
4668.75,55.699999999999996,-3.6100000000000003
4669.0,56.4,-3.6199999999999997
4669.25,55.400000000000006,-4.03
4669.5,55.5,-4.0200000000000005
4669.75,55.9,-1.9679000000000002
4670.0,56.400000000000006,-2.5300000000000002
4670.25,54.6,-3.0
4670.5,53.5,-2.76
4670.75,51.3,-3.8499999999999996
4671.0,53.300000000000004,-2.8200000000000003
4671.25,53.8,-3.05
4671.5,50.5,-3.94
4671.75,51.300000000000004,-4.09
4672.0,49.900000000000006,-4.58
4672.25,47.6,-4.390000000000001
4672.5,48.1,-4.59
4672.75,47.2,-4.6
4673.0,45.0,-4.48
4673.25,46.9,-4.25
4673.5,44.900000000000006,-4.3
4673.75,39.230000000000004,-3.69
4674.0,34.269999999999996,-2.9600000000000004
4674.25,28.49,-1.6300000000000001
4674.5,27.57,-1.56
4674.75,27.6,-1.47
4675.0,27.019999999999996,-1.25
4675.25,23.04,-1.94
4675.5,20.03,-1.6500000000000001
4675.75,14.21,-1.15
4676.0,6.84,-0.16799999999999998
4676.25,6.97,0.068
4676.5,7.1000000000000005,0.09700000000000003
4676.75,7.210000000000001,-0.04899999999999999
4677.0,5.575,0.17
4677.25,5.458,0.45699999999999996
4677.5,4.994,0.3662
4677.75,4.937,0.30333
4678.0,5.14,0.5585
4678.25,5.026999999999999,0.39459999999999995
4678.5,4.944999999999999,0.285
4678.75,4.859999999999999,0.21000000000000002
4679.0,5.098999999999999,0.47400000000000003
4679.25,4.6259999999999994,0.3977
4679.5,4.465999999999999,0.325
4679.75,4.676,0.463
4680.0,4.566,0.395
4680.25,4.624,0.642
4680.5,4.535,0.5760000000000001
4680.75,4.703,0.7790000000000001
4681.0,4.3469999999999995,0.29700000000000004
4681.25,4.381,0.277
4681.5,3.0519999999999996,0.3813
4681.75,2.5540000000000003,0.21400000000000002
4682.0,2.501,0.13499999999999995
4682.25,2.54,0.16645
4682.5,2.614,0.2835
4682.75,2.464,0.10299999999999998
4683.0,2.5669999999999997,0.20989999999999998
4683.25,2.684,0.35240000000000005
4683.5,2.6029999999999998,0.29
4683.75,2.498,0.10399999999999998
4684.0,2.584,0.136
4684.25,2.764,0.474
4684.5,2.4859999999999998,0.14399999999999996
4684.75,2.501,0.133
4685.0,2.612,0.2745
4685.25,2.536,0.176
4685.5,2.424,0.03999999999999998
4685.75,2.665,0.2803
4686.0,2.96,0.533
4686.25,2.6229999999999998,0.2474
4686.5,4.29,-0.09999999999999998
4686.75,10.18,-1.2009999999999998
4687.0,13.29,-1.12
4687.25,17.740000000000002,-1.4
4687.5,18.200000000000003,-1.51
4687.75,20.93,-1.5399999999999998
4688.0,21.82,-1.5899999999999999
4688.25,22.400000000000002,-1.7199999999999998
4688.5,22.890000000000004,-1.52
4688.75,25.17,-1.5399999999999998
4689.0,23.43,-1.74
4689.25,24.22,-1.96
4689.5,24.779999999999998,-1.88
4689.75,25.01,-2.09
4690.0,24.490000000000002,-1.92
4690.25,25.799999999999997,-1.9100000000000001
4690.5,25.259999999999998,-2.06
4690.75,19.740000000000002,-2.4000000000000004
4691.0,18.72,-2.2800000000000002
4691.25,18.96,-2.03
4691.5,18.549999999999997,-2.23
4691.75,19.880000000000003,-2.16
4692.0,19.18,-1.6241999999999999
4692.25,18.56,-2.21
4692.5,20.73,-1.6100000000000003
4692.75,19.28,-1.584
4693.0,18.68,-1.6400000000000001
4693.25,17.93,-1.99
4693.5,17.86,-1.9486700000000001
4693.75,18.93,-1.7019
4694.0,19.04,-2.029
4694.25,18.71,-1.904
4694.5,17.37,-1.7829999999999997
4694.75,16.45,-1.86714
4695.0,17.38,-2.0660000000000003
4695.25,17.8,-2.152
4695.5,18.6,-2.0725000000000002
4695.75,18.07,-2.2030000000000003
4696.0,16.73,-2.123
4696.25,18.36,-1.9211099999999999
4696.5,15.72,-1.9000000000000001
4696.75,12.43,-1.2890000000000001
4697.0,11.079999999999998,-1.309
4697.25,11.32,-1.084
4697.5,10.149999999999999,-0.7579999999999999
4697.75,9.81,-0.708
4698.0,7.789999999999999,-0.441
4698.25,7.63,-0.481
4698.5,4.072,-0.16399999999999992
4698.75,3.591,0.06499999999999995
4699.0,3.354,0.137
4699.25,3.322,0.17500000000000004
4699.5,3.4130000000000003,0.28850000000000003
4699.75,3.444,0.3431
4700.0,3.169,0.31700000000000006
4700.25,3.109,0.45699999999999996
4700.5,2.965,0.256
4700.75,2.995,0.27690000000000003
4701.0,2.925,0.20500000000000002
4701.25,2.909,0.16600000000000004
4701.5,3.0970000000000004,0.39199999999999996
4701.75,2.88,0.13899999999999996
4702.0,2.8869999999999996,0.14900000000000002
4702.25,3.038,0.31989999999999996
4702.5,3.121,0.46699999999999997
4702.75,3.045,0.475
4703.0,2.8409999999999997,0.36350000000000005
4703.25,2.881,0.368
4703.5,2.822,0.262
4703.75,2.751,0.22299999999999998
4704.0,2.7279999999999998,0.21200000000000002
4704.25,3.035,0.562
4704.5,2.8440000000000003,0.33799999999999997
4704.75,2.7990000000000004,0.18499999999999994
4705.0,2.867,0.333
4705.25,3.136,0.681
4705.5,2.871,0.383
4705.75,2.8850000000000002,0.42150000000000004
4706.0,2.971,0.494
4706.25,2.892,0.38
4706.5,2.778,0.27999999999999997
4706.75,2.7,0.174
4707.0,2.89,0.3889
4707.25,2.7800000000000002,0.25300000000000006
4707.5,2.683,0.14800000000000002
4707.75,2.944,0.46099999999999997
4708.0,2.9539999999999997,0.4759999999999999
4708.25,2.9019999999999997,0.37
4708.5,2.8680000000000003,0.382
4708.75,2.988,0.535
4709.0,2.79,0.26
4709.25,2.792,0.267
4709.5,2.807,0.27099999999999996
4709.75,2.863,0.34530000000000005
4710.0,2.803,0.277
4710.25,2.748,0.186
4710.5,3.011,0.528
4710.75,3.305,0.17400000000000004
4711.0,4.718,0.03799999999999998
4711.25,5.8500000000000005,-0.10699999999999998
4711.5,9.79,-0.532
4711.75,9.219999999999999,-0.304
4712.0,9.52,-0.7200000000000001
4712.25,14.27,-0.824
4712.5,13.950000000000001,-0.5840000000000001
4712.75,15.84,-0.99
4713.0,16.91,-0.8810000000000001
4713.25,13.21,-0.7899999999999999
4713.5,12.780000000000001,-0.6439999999999999
4713.75,14.06,-1.246
4714.0,18.12,-1.459
4714.25,17.68,-1.71
4714.5,17.15,-1.82
4714.75,21.88,-1.56
4715.0,21.09,-1.55
4715.25,19.509999999999998,-2.2199999999999998
4715.5,19.919999999999998,-2.1799999999999997
4715.75,21.310000000000002,-1.5499999999999998
4716.0,23.02,-0.8619999999999999
4716.25,21.84,-1.51
4716.5,19.48,-2.13
4716.75,19.13,-1.72
4717.0,19.97,-1.77
4717.25,19.58,-1.59
4717.5,20.12,-1.89
4717.75,20.84,-1.2499999999999998
4718.0,23.009999999999998,-0.5130000000000001
4718.25,22.919999999999998,-0.709
4718.5,21.790000000000003,-0.836
4718.75,19.799999999999997,-0.91143
4719.0,18.619999999999997,-1.53
4719.25,20.58,-0.679
4719.5,18.77,-1.42
4719.75,19.150000000000002,-1.6400000000000001
4720.0,18.56,-1.6900000000000002
4720.25,17.83,-1.83
4720.5,17.61,-1.54
4720.75,16.03,-1.65
4721.0,15.23,-1.7700000000000002
4721.25,13.790000000000001,-1.5
4721.5,11.68,-1.1093
4721.75,11.65,-1.331
4722.0,11.509999999999998,-1.09
4722.25,10.52,-0.6923499999999999
4722.5,6.63,-0.11399999999999999
4722.75,4.277,0.20350000000000001
4723.0,3.952,0.354
4723.25,3.363,0.2367
4723.5,3.641,0.28400000000000003
4723.75,3.619,0.20879999999999999
4724.0,3.6559999999999997,0.23860000000000003
4724.25,3.5530000000000004,0.13720000000000004
4724.5,3.595,0.06
4724.75,3.215,0.279
4725.0,3.227,0.5987
4725.25,3.0,0.631
4725.5,2.871,0.5960000000000001
4725.75,2.747,0.454
4726.0,2.775,0.46490000000000004
4726.25,2.668,0.32
4726.5,2.7350000000000003,0.4138
4726.75,2.711,0.404
4727.0,2.754,0.43410000000000004
4727.25,2.874,0.511
4727.5,2.4869999999999997,0.40950000000000003
4727.75,2.4819999999999998,0.4331
4728.0,2.566,0.428
4728.25,2.617,0.5780000000000001
4728.5,2.676,0.6035
4728.75,2.505,0.4753
4729.0,2.5389999999999997,0.42310000000000003
4729.25,2.339,0.24600000000000002
4729.5,2.363,0.3528
4729.75,2.32,0.275
4730.0,2.5429999999999997,0.5566
4730.25,2.332,0.311
4730.5,2.496,0.42600000000000005
4730.75,2.561,0.5660000000000001
4731.0,2.517,0.543
4731.25,2.386,0.38989999999999997
4731.5,2.3819999999999997,0.3751
4731.75,2.5829999999999997,0.5880000000000001
4732.0,2.416,0.42100000000000004
4732.25,2.287,0.255
4732.5,2.335,0.31499999999999995
4732.75,2.585,0.6325000000000001
4733.0,2.3409999999999997,0.316
4733.25,2.314,0.28300000000000003
4733.5,2.761,0.716
4733.75,2.531,0.465
4734.0,2.549,0.4262
4734.25,2.374,0.28900000000000003
4734.5,2.5229999999999997,0.456
4734.75,8.81,-0.43071000000000004
4735.0,14.27,-0.94
4735.25,15.94,-1.2
4735.5,32.2,-3.43
4735.75,32.94,-3.8100000000000005
4736.0,32.14,-3.69
4736.25,31.57,-3.66
4736.5,37.4,-3.6499999999999995
4736.75,46.0,-3.3
4737.0,43.0,-3.5300000000000002
4737.25,41.4,-3.8000000000000003
4737.5,41.9,-3.74
4737.75,44.300000000000004,-3.3099999999999996
4738.0,45.7,-3.1
4738.25,47.5,-3.39
4738.5,46.0,-3.85
4738.75,47.6,-3.38
4739.0,47.400000000000006,-3.7399999999999998
4739.25,46.4,-3.8000000000000003
4739.5,46.2,-3.5
4739.75,44.9,-3.74
4740.0,48.0,-3.4
4740.25,48.0,-3.43
4740.5,47.8,-3.36
4740.75,47.4,-3.6
4741.0,44.1,-3.84
4741.25,46.1,-3.6700000000000004
4741.5,44.900000000000006,-3.9
4741.75,43.3,-3.76
4742.0,41.2,-3.7
4742.25,41.4,-3.6300000000000003
4742.5,40.6,-3.8699999999999997
4742.75,43.2,-3.76
4743.0,39.7,-4.1000000000000005
4743.25,41.0,-3.7700000000000005
4743.5,40.4,-3.9600000000000004
4743.75,40.7,-3.7600000000000002
4744.0,42.2,-3.57
4744.25,42.900000000000006,-3.61
4744.5,41.5,-3.66
4744.75,40.5,-3.63
4745.0,38.11,-3.73
4745.25,39.010000000000005,-3.68
4745.5,39.42,-3.8600000000000003
4745.75,35.129999999999995,-2.89
4746.0,32.15,-2.6799999999999997
4746.25,31.549999999999997,-2.7399999999999998
4746.5,32.12,-2.1199999999999997
4746.75,29.15,-2.82
4747.0,28.909999999999997,-2.8200000000000003
4747.25,27.32,-2.87
4747.5,28.75,-2.84
4747.75,15.39,-0.7369999999999999
4748.0,9.89,0.35800000000000004
4748.25,9.9,0.1180000000000001
4748.5,9.71,0.0
4748.75,9.719999999999999,-0.05399999999999994
4749.0,7.22,-0.11299999999999999
4749.25,7.1899999999999995,-0.263
4749.5,7.26,-0.138
4749.75,7.430000000000001,0.03799999999999998
4750.0,7.3500000000000005,-0.08000000000000002
4750.25,7.390000000000001,0.01599999999999996
4750.5,6.9,0.04999999999999999
4750.75,6.75,0.09999999999999992
4751.0,5.1899999999999995,-0.09199999999999997
4751.25,5.16,-0.007000000000000006
4751.5,5.29,0.14600000000000002
4751.75,5.14,-0.13399999999999995
4752.0,5.2,-0.02999999999999997
4752.25,5.2299999999999995,0.057999999999999996
4752.5,5.1,-0.10000000000000003
4752.75,5.220000000000001,-0.008000000000000007
4753.0,5.209999999999999,-0.01200000000000001
4753.25,5.31,0.012999999999999956
4753.5,5.32,0.16200000000000003
4753.75,5.18,-0.028000000000000025
4754.0,5.18,-0.03699999999999998
4754.25,5.1499999999999995,-0.07900000000000001
4754.5,5.03,-0.22999999999999998
4754.75,5.05,-0.191
4755.0,5.22,-0.0040000000000000036
4755.25,5.1000000000000005,-0.15600000000000003
4755.5,5.239999999999999,0.02100000000000002
4755.75,5.25,0.01200000000000001
4756.0,5.14,-0.06
4756.25,5.199999999999999,0.02899999999999997
4756.5,5.14,-0.09000000000000002
4756.75,5.22,0.019999999999999962
4757.0,5.130000000000001,-0.068
4757.25,5.109999999999999,-0.10100000000000003
4757.5,5.17,-0.031000000000000028
4757.75,5.41,0.20499999999999996
4758.0,4.16,-0.187
4758.25,3.2379999999999995,0.004139999999999977
4758.5,2.4960000000000004,0.04899999999999999
4758.75,5.16,-0.16900000000000004
4759.0,13.25,-1.1309999999999998
4759.25,34.769999999999996,-3.9000000000000004
4759.5,37.25,-3.58
4759.75,38.65,-3.59
4760.0,38.08,-3.6199999999999997
4760.25,39.7,-3.4
4760.5,40.9,-3.71
4760.75,40.4,-3.66
4761.0,41.28,-3.48
4761.25,41.0,-3.5
4761.5,43.0,-3.6399999999999997
4761.75,44.400000000000006,-3.86
4762.0,43.6,-3.9499999999999997
4762.25,43.599999999999994,-3.92
4762.5,45.2,-3.9099999999999997
4762.75,46.900000000000006,-4.199999999999999
4763.0,46.8,-4.08
4763.25,46.6,-4.17
4763.5,46.6,-4.04
4763.75,46.3,-3.8000000000000003
4764.0,43.2,-4.0
4764.25,45.8,-4.1499999999999995
4764.5,45.1,-3.88
4764.75,42.1,-4.17
4765.0,40.5,-4.12
4765.25,31.81,-2.3000000000000003
4765.5,21.08,-1.267
4765.75,21.34,-0.952
4766.0,19.42,-0.7410000000000001
4766.25,19.81,-0.8459999999999999
4766.5,18.89,-1.038
4766.75,19.91,-1.0499999999999998
4767.0,20.71,-1.1070000000000002
4767.25,20.939999999999998,-1.211
4767.5,20.59,-1.1440000000000001
4767.75,20.88,-1.1209999999999998
4768.0,19.78,-1.26
4768.25,20.15,-1.382
4768.5,19.39,-1.2449999999999999
4768.75,18.990000000000002,-0.9950000000000001
4769.0,18.82,-1.047
4769.25,20.2,-0.905
4769.5,18.79,-0.8419999999999999
4769.75,17.39,-1.062
4770.0,18.23,-1.213
4770.25,18.3,-1.2340000000000002
4770.5,12.5,-0.512
4770.75,8.48,-0.20399999999999996
4771.0,5.1770000000000005,0.09699999999999998
4771.25,5.24,0.24899999999999997
4771.5,4.5969999999999995,0.33699999999999997
4771.75,4.44,0.185
4772.0,4.685,0.505
4772.25,4.442,0.19799999999999998
4772.5,4.470000000000001,0.175
4772.75,4.55,0.26
4773.0,4.67,0.375
4773.25,4.183,0.16999999999999998
4773.5,4.183,0.14700000000000002
4773.75,4.326,0.304
4774.0,4.5809999999999995,0.454
4774.25,4.562,0.371
4774.5,4.308,0.252
4774.75,4.4959999999999996,0.41800000000000004
4775.0,4.265,0.23200000000000004
4775.25,4.036,0.138
4775.5,4.13,0.20199999999999996
4775.75,4.131,0.191
4776.0,4.183,0.276
4776.25,4.1530000000000005,0.283
4776.5,4.154,0.296
4776.75,4.496,0.47400000000000003
4777.0,4.263,0.4254
4777.25,3.567,0.29400000000000004
4777.5,2.408,0.212
4777.75,2.21,-0.012000000000000066
4778.0,2.466,0.286
4778.25,2.428,0.1925
4778.5,2.582,0.42199999999999993
4778.75,2.2089999999999996,-0.03300000000000003
4779.0,2.378,0.14799999999999996
4779.25,2.46,0.24
4779.5,2.3369999999999997,0.13
4779.75,2.415,0.24500000000000002
4780.0,2.385,0.16000000000000003
4780.25,0.0,0.0
4780.5,2.37,0.15999999999999998
4780.75,2.187,-0.08200000000000002
4781.0,2.418,0.19599999999999998
4781.25,2.325,0.12
4781.5,2.2249999999999996,-0.02200000000000002
4781.75,2.232,-0.045999999999999985
4782.0,2.706,0.17970000000000003
4782.25,2.47,0.18
4782.5,2.48,0.27332999999999996
4782.75,3.718,-0.27
4783.0,6.0200000000000005,0.045499999999999985
4783.25,5.630000000000001,0.05299999999999999
4783.5,5.51,-0.10900000000000004
4783.75,5.83,0.024999999999999967
4784.0,5.72,-0.03999999999999998
4784.25,6.38,-0.08999999999999997
4784.5,5.9799999999999995,0.025999999999999968
4784.75,5.7,-0.0040000000000000036
4785.0,5.779999999999999,0.11399999999999999
4785.25,6.2,0.05799999999999994
4785.5,6.33,0.10300000000000004
4785.75,6.27,-0.0050000000000000044
4786.0,6.26,-0.03600000000000003
4786.25,6.18,-0.11000000000000004
4786.5,5.878,0.009999999999999953
4786.75,5.5600000000000005,0.24999999999999994
4787.0,5.522,0.172
4787.25,5.29,0.17799999999999994
4787.5,5.292,0.184
4787.75,5.263,0.1437
4788.0,6.92,0.16999999999999996
4788.25,4.963,0.24000000000000005
4788.5,4.909,0.191
4788.75,4.856,0.126
4789.0,3.127,-0.0030000000000000027
4789.25,3.334,-0.05399999999999994
4789.5,3.47,0.36
4789.75,3.15,-0.11000000000000004
4790.0,3.0629999999999997,-0.12600000000000006
4790.25,3.23,0.11500000000000005
4790.5,3.261,0.20875
4790.75,3.276,0.21500000000000002
4791.0,3.1440000000000006,0.06000000000000005
4791.25,3.6870000000000003,0.14890000000000003
4791.5,3.036,-0.11299999999999993
4791.75,3.0,-0.15200000000000002
4792.0,3.0600000000000005,-0.09200000000000003
4792.25,3.1930000000000005,0.06999999999999995
4792.5,2.9930000000000003,-0.15000000000000002
4792.75,3.0200000000000005,-0.128
4793.0,3.24,0.12499999999999997
4793.25,3.123,0.07300000000000001
4793.5,2.887,-0.04099999999999998
4793.75,2.702,-0.182
4794.0,2.52,0.034999999999999976
4794.25,2.45,-0.030000000000000027
4794.5,2.3569999999999998,0.09399999999999997
4794.75,2.133,0.04099999999999998
4795.0,2.343,0.21699999999999997
4795.25,2.274,0.057999999999999996
4795.5,2.2640000000000002,0.20500000000000002
4795.75,2.355,0.3126
4796.0,2.2800000000000002,0.26999999999999996
4796.25,2.282,0.24800000000000005
4796.5,0.0,0.0
4796.75,0.0,0.0
4797.0,2.176,0.10599999999999993
4797.25,2.17,0.07800000000000001
4797.5,2.12,0.050000000000000044
4797.75,2.255,0.14429999999999998
4798.0,2.19,0.10999999999999999
4798.25,2.31,0.13
4798.5,2.268,0.10299999999999998
4798.75,2.316,0.266
4799.0,2.253,0.22999999999999998
4799.25,2.31,0.26699999999999996
4799.5,2.093,-0.03999999999999998
4799.75,2.06,-0.06
4800.0,2.064,-0.04799999999999993
4800.25,2.1449999999999996,0.035999999999999976
4800.5,2.285,0.2117
4800.75,2.167,0.09399999999999997
4801.0,2.1799999999999997,0.14399999999999996
4801.25,2.44,0.44700000000000006
4801.5,2.386,0.31000000000000005
4801.75,2.113,0.022999999999999965
4802.0,2.184,0.121
4802.25,2.077,-0.020000000000000018
4802.5,0.0,0.0
4802.75,2.102,0.008000000000000007
4803.0,2.0949999999999998,0.025000000000000022
4803.25,2.271,0.18000000000000005
4803.5,2.495,0.506
4803.75,2.11,0.03999999999999998
4804.0,2.3,0.30799999999999994
4804.25,2.167,0.10699999999999998
4804.5,2.214,0.126
4804.75,2.237,0.20000000000000007
4805.0,2.116,0.04199999999999998
4805.25,2.3,0.24500000000000002
4805.5,2.243,0.18999999999999997
4805.75,2.025,-0.08000000000000002
4806.0,2.182,0.12800000000000006
4806.25,2.395,0.37
4806.5,2.316,0.28400000000000003
4806.75,2.165,0.02100000000000002
4807.0,2.3609999999999998,-0.040000000000000036
4807.25,2.633,0.10599999999999998
4807.5,4.125,0.01200000000000001
4807.75,2.646,0.013000000000000012
4808.0,2.41,0.10700000000000004
4808.25,2.288,0.53
4808.5,0.0,0.0
4808.75,2.0730000000000004,0.25
4809.0,1.945,0.06499999999999995
4809.25,2.1599999999999997,0.33999999999999997
4809.5,2.81,0.08600000000000002
4809.75,1.87,0.05399999999999999
4810.0,1.8399999999999999,0.040000000000000036
4810.25,1.961,0.18299999999999994
4810.5,1.884,0.07800000000000001
4810.75,1.965,0.16599999999999998
4811.0,1.907,0.09700000000000003
4811.25,1.957,0.136
4811.5,1.93,0.12999999999999995
4811.75,2.708,0.20599999999999996
4812.0,2.292,0.2216
4812.25,2.262,0.222
4812.5,2.354,0.15999999999999998
4812.75,2.333,0.13499999999999995
4813.0,1.8539999999999999,0.18
4813.25,1.896,0.254
4813.5,1.923,0.28300000000000003
4813.75,2.36,0.21799999999999997
4814.0,2.4739999999999998,0.368
4814.25,2.4919999999999995,0.44399999999999995
4814.5,2.413,0.3413
4814.75,2.462,0.393
4815.0,2.109,0.42600000000000005
4815.25,1.667,0.127
4815.5,1.648,0.09499999999999997
4815.75,1.79,0.246
4816.0,1.733,0.15299999999999997
4816.25,1.776,0.26
4816.5,1.781,0.253
4816.75,1.8880000000000001,0.28709999999999997
4817.0,1.964,0.43999999999999995
4817.25,1.7659999999999998,0.21699999999999997
4817.5,1.9560000000000002,0.11500000000000005
4817.75,1.838,0.30400000000000005
4818.0,1.6900000000000002,0.08499999999999996
4818.25,2.0309999999999997,0.0020000000000000018
4818.5,2.585,0.01799999999999996
4818.75,4.166,0.20199999999999999
4819.0,3.9899999999999998,0.12899999999999995
4819.25,4.0009999999999994,0.14100000000000001
4819.5,4.037,0.22000000000000003
4819.75,4.223,0.42000000000000004
4820.0,4.231999999999999,0.34600000000000003
4820.25,4.073,0.189
4820.5,4.156,0.4167
4820.75,4.0600000000000005,0.27999999999999997
4821.0,4.1850000000000005,0.49
4821.25,4.205,0.404
4821.5,5.65,0.4573
4821.75,4.16,0.5
4822.0,4.3100000000000005,0.43000000000000005
4822.25,5.992,0.32200000000000006
4822.5,5.961,0.34311
4822.75,5.942,0.31
4823.0,5.8100000000000005,0.10699999999999998
4823.25,5.983,0.32699999999999996
4823.5,6.036,0.322
4823.75,5.859999999999999,0.15000000000000002
4824.0,5.938000000000001,0.253
4824.25,5.893,0.22899999999999998
4824.5,6.085,0.41
4824.75,6.063,0.455
4825.0,6.122999999999999,0.45999999999999996
4825.25,3.782,0.246
4825.5,2.375,0.12
4825.75,2.201,-0.09899999999999998
4826.0,2.383,0.020999999999999908
4826.25,2.4,0.14800000000000002
4826.5,2.365,0.11499999999999999
4826.75,2.2439999999999998,-0.03400000000000003
4827.0,2.308,0.03999999999999998
4827.25,2.3259999999999996,0.06599999999999995
4827.5,2.444,0.17969999999999997
4827.75,2.41,0.19300000000000006
4828.0,2.367,0.16699999999999998
4828.25,2.457,0.22799999999999998
4828.5,2.3289999999999997,0.067
4828.75,2.262,-0.02899999999999997
4829.0,2.362,0.121
4829.25,2.29,0.0030000000000000027
4829.5,2.4669999999999996,0.10400000000000004
4829.75,2.5060000000000002,0.20600000000000002
4830.0,2.3049999999999997,-0.056999999999999995
4830.25,2.393,0.062
4830.5,2.573,0.23399999999999999
4830.75,15.06,-1.66
4831.0,33.3,-4.7
4831.25,36.2,-4.9
4831.5,35.18,-4.89
4831.75,36.4,-4.87
4832.0,36.6,-4.86
4832.25,37.900000000000006,-5.08
4832.5,41.6,-5.02
4832.75,41.2,-4.82
4833.0,42.1,-4.49
4833.25,42.8,-4.75
4833.5,43.300000000000004,-4.72
4833.75,46.8,-4.83
4834.0,44.2,-4.91
4834.25,43.0,-5.16
4834.5,42.400000000000006,-4.9399999999999995
4834.75,43.2,-4.760000000000001
4835.0,42.75,-5.04
4835.25,44.940000000000005,-4.66
4835.5,46.2,-4.55
4835.75,43.900000000000006,-4.5
4836.0,41.4,-4.46
4836.25,42.46,-4.08
4836.5,40.86,-4.35
4836.75,39.58,-4.41
4837.0,38.53,-4.27
4837.25,38.29,-4.369999999999999
4837.5,25.990000000000002,-2.72
4837.75,23.38,-2.18
4838.0,22.39,-1.85
4838.25,19.47,-2.0100000000000002
4838.5,15.920000000000002,-2.12
4838.75,15.55,-2.27
4839.0,16.08,-1.9378
4839.25,13.47,-1.8538000000000001
4839.5,13.950000000000001,-1.6400000000000001
4839.75,12.77,-1.8600000000000003
4840.0,12.33,-1.5624999999999998
4840.25,11.149999999999999,-1.5425
4840.5,8.76,-0.9289999999999998
4840.75,9.120000000000001,-1.157
4841.0,5.75,-0.42999999999999994
4841.25,7.1499999999999995,-0.3551
4841.5,6.6499999999999995,-0.12199999999999994
4841.75,6.62,-0.22999999999999993
4842.0,5.0600000000000005,0.19690000000000002
4842.25,4.57,0.4
4842.5,3.96,0.138
4842.75,3.0749999999999997,0.10800000000000004
4843.0,2.864,0.20399999999999996
4843.25,2.88,0.22999999999999998
4843.5,2.787,0.09000000000000002
4843.75,2.955,0.29500000000000004
4844.0,3.06,0.30300000000000005
4844.25,3.067,0.383
4844.5,2.98,0.286
4844.75,2.9099999999999997,0.15999999999999998
4845.0,3.1100000000000003,0.307
4845.25,2.926,0.15799999999999997
4845.5,2.9030000000000005,0.16599999999999998
4845.75,3.097,0.43000000000000005
4846.0,2.9379999999999997,0.21600000000000008
4846.25,3.2569999999999997,0.124
4846.5,4.19,0.304
4846.75,3.8970000000000002,0.495
4847.0,3.5799999999999996,0.61
4847.25,3.71,0.23399999999999999
4847.5,3.8800000000000003,0.46299999999999997
4847.75,3.9050000000000002,0.328
4848.0,3.3070000000000004,0.128
4848.25,3.39,0.04400000000000004
4848.5,3.692,0.044999999999999984
4848.75,3.6239999999999997,0.126
4849.0,3.447,0.18
4849.25,4.065,0.326
4849.5,3.8190000000000004,0.362
4849.75,3.7779999999999996,0.43329999999999996
4850.0,3.681,0.261
4850.25,3.521,0.09399999999999997
4850.5,3.84,0.06
4850.75,3.4600000000000004,0.138
4851.0,3.7539999999999996,0.11200000000000004
4851.25,3.546,0.23300000000000004
4851.5,3.8369999999999997,0.39599999999999996
4851.75,3.5380000000000003,0.01200000000000001
4852.0,3.5399999999999996,0.09499999999999997
4852.25,3.4299999999999997,0.19000000000000006
4852.5,3.7730000000000006,0.46599999999999997
4852.75,3.7379999999999995,0.346
4853.0,0.0,0.0
4853.25,3.4809999999999994,0.01100000000000001
4853.5,3.754,0.241
4853.75,3.064,0.021999999999999964
4854.0,2.87,-0.04700000000000004
4854.25,2.439,0.07100000000000001
4854.5,2.5570000000000004,0.367
4854.75,6.109999999999999,-0.36200000000000004
4855.0,13.23,-1.325
4855.25,31.669999999999998,-4.53
4855.5,32.6,-4.390000000000001
4855.75,32.980000000000004,-4.710000000000001
4856.0,34.8,-5.01
4856.25,34.97,-4.79
4856.5,34.86,-4.62
4856.75,35.3,-5.1000000000000005
4857.0,34.75,-5.110000000000001
4857.25,34.480000000000004,-4.88
4857.5,0.0,0.0
4857.75,36.58,-4.33
4858.0,36.65,-4.37
4858.25,37.43,-4.15
4858.5,38.599999999999994,-4.59
4858.75,38.1,-4.55
4859.0,38.8,-4.43
4859.25,41.3,-4.33
4859.5,41.8,-4.49
4859.75,41.4,-4.27
4860.0,42.9,-4.49
4860.25,40.699999999999996,-3.77
4860.5,41.4,-3.75
4860.75,41.4,-3.83
4861.0,38.71,-3.93
4861.25,35.980000000000004,-4.08
4861.5,26.24,-3.0399999999999996
4861.75,21.189999999999998,-2.33
4862.0,15.25,-1.17
4862.25,12.530000000000001,-1.5899999999999999
4862.5,12.370000000000001,-1.38
4862.75,11.95,-1.1509999999999998
4863.0,11.959999999999999,-1.2786
4863.25,12.059999999999999,-1.3125
4863.5,11.059999999999999,-1.32
4863.75,11.42,-1.09
4864.0,11.02,-1.4649999999999999
4864.25,7.06,-0.7899999999999998
4864.5,0.0,0.0
4864.75,4.71,-0.2
4865.0,0.0,0.0
4865.25,0.0,0.0
4865.5,0.0,0.0
4865.75,4.029999999999999,0.030000000000000027
4866.0,3.576,0.1336
4866.25,3.241,0.39
4866.5,2.9299999999999997,0.08000000000000002
4866.75,3.1959999999999997,0.021999999999999964
4867.0,2.9810000000000003,-0.052000000000000046
4867.25,3.004,0.13700000000000004
4867.5,2.9050000000000002,0.119
4867.75,2.8920000000000003,0.063
4868.0,2.98,0.172
4868.25,4.54,0.10000000000000003
4868.5,4.359999999999999,-0.07
4868.75,4.896,0.14600000000000002
4869.0,4.423,0.34700000000000003
4869.25,4.38,0.32
4869.5,4.135,0.04999999999999999
4869.75,4.12,0.02999999999999997
4870.0,0.0,0.0
4870.25,4.2,-0.010000000000000009
4870.5,4.23,0.13999999999999996
4870.75,4.470000000000001,0.57
4871.0,0.0,0.0
4871.25,0.0,0.0
4871.5,0.0,0.0
4871.75,4.32,0.29000000000000004
4872.0,4.301,0.2803
4872.25,4.251,0.15599999999999997
4872.5,4.321000000000001,0.192
4872.75,4.4030000000000005,0.446
4873.0,4.284,0.264
4873.25,4.241,0.181
4873.5,3.377,0.39619999999999994
4873.75,2.217,0.17800000000000005
4874.0,2.152,0.061
4874.25,2.3,0.2297
4874.5,2.247,0.21399999999999997
4874.75,2.293,0.2773
4875.0,2.292,0.24400000000000005
4875.25,2.295,0.22499999999999998
4875.5,2.114,0.009999999999999953
4875.75,2.109,0.013999999999999957
4876.0,2.226,0.14899999999999997
4876.25,2.5570000000000004,0.5289999999999999
4876.5,2.19,0.15000000000000002
4876.75,2.2560000000000002,0.18899999999999997
4877.0,2.373,0.3
4877.25,2.165,0.11999999999999994
4877.5,2.38,0.2220000000000001
4877.75,2.24,-0.019999999999999962
4878.0,2.532,0.28800000000000003
4878.25,2.281,0.06799999999999995
4878.5,2.366,0.034999999999999976
4878.75,24.64,-3.16
4879.0,30.88,-4.16
4879.25,33.5,-5.0
4879.5,35.1,-4.68
4879.75,34.59,-4.41
4880.0,35.4,-4.67
4880.25,35.16,-4.4
4880.5,39.1,-4.989999999999999
4880.75,39.7,-4.77
4881.0,40.3,-4.6899999999999995
4881.25,40.8,-4.66
4881.5,42.800000000000004,-4.37
4881.75,40.1,-4.7299999999999995
4882.0,44.599999999999994,-4.62
4882.25,44.2,-4.45
4882.5,45.3,-4.47
4882.75,45.4,-4.529999999999999
4883.0,48.400000000000006,-4.15
4883.25,48.5,-3.8699999999999997
4883.5,49.50000000000001,-4.32
4883.75,51.7,-4.41
4884.0,49.800000000000004,-4.17
4884.25,49.1,-3.83
4884.5,45.300000000000004,-3.66
4884.75,43.7,-3.72
4885.0,42.78,-3.69
4885.25,38.260000000000005,-2.7199999999999998
4885.5,26.37,-1.396
4885.75,23.759999999999998,-1.288
4886.0,18.71,-1.6800000000000002
4886.25,20.07,-1.6
4886.5,20.169999999999998,-1.553
4886.75,19.68,-1.66
4887.0,20.490000000000002,-1.407
4887.25,20.21,-1.72
4887.5,19.03,-1.69
4887.75,16.72,-1.07
4888.0,16.2,-1.0999999999999999
4888.25,16.82,-1.29
4888.5,16.66,-1.19
4888.75,16.37,-1.35
4889.0,15.21,-1.05
4889.25,10.89,-0.775
4889.5,11.03,-0.4769999999999999
4889.75,10.83,-0.53
4890.0,9.11,-0.504
4890.25,9.06,-0.148
4890.5,7.09,-0.387
4890.75,6.72,-0.221
4891.0,6.7299999999999995,-0.14300000000000002
4891.25,6.8999999999999995,0.05499999999999999
4891.5,6.66,-0.14
4891.75,6.680000000000001,-0.09300000000000003
4892.0,6.8500000000000005,0.08400000000000002
4892.25,7.1,-0.05800000000000005
4892.5,6.57,-0.05499999999999999
4892.75,6.579999999999999,-0.04899999999999999
4893.0,6.8,0.24929999999999997
4893.25,6.529999999999999,-0.040000000000000036
4893.5,6.5,-0.05199999999999999
4893.75,6.8100000000000005,0.33
4894.0,6.49,-0.08200000000000007
4894.25,6.58,0.08000000000000002
4894.5,6.58,-0.006000000000000005
4894.75,6.77,0.14100000000000001
4895.0,5.16,-0.15000000000000002
4895.25,4.97,-0.04600000000000004
4895.5,5.1499999999999995,-0.12000000000000005
4895.75,5.22,0.2047
4896.0,5.16,-0.021999999999999964
4896.25,5.02,0.02799999999999997
4896.5,5.48,0.13599999999999998
4896.75,4.7,-0.187
4897.0,4.85,-0.23000000000000004
4897.25,4.970000000000001,-0.14300000000000002
4897.5,5.05,-0.09000000000000008
4897.75,5.02,-0.15800000000000003
4898.0,5.21,-0.2119999999999999
4898.25,4.74,-0.15699999999999992
4898.5,5.430000000000001,0.025000000000000022
4898.75,4.99,-0.21700000000000003
4899.0,5.029999999999999,-0.15299999999999997
4899.25,5.21,-0.137
4899.5,5.3100000000000005,-0.08000000000000002
4899.75,5.26,-0.061
4900.0,5.02,-0.18000000000000005
4900.25,5.1,-0.064
4900.5,5.21,-0.13
4900.75,4.87,-5.551115123125783e-17
4901.0,5.01,-0.17099999999999999
4901.25,5.52,0.22399999999999998
4901.5,4.96,-0.07200000000000001
4901.75,4.78,-0.14500000000000002
4902.0,4.46,-0.187
4902.25,4.53,-0.127
4902.5,4.49,-0.16200000000000003
4902.75,12.2,-1.5
4903.0,36.07,-4.08
4903.25,39.7,-4.26
4903.5,42.900000000000006,-4.04
4903.75,41.599999999999994,-4.16
4904.0,45.0,-3.76
4904.25,49.900000000000006,-3.9499999999999997
4904.5,48.2,-3.9099999999999997
4904.75,49.800000000000004,-4.0
4905.0,50.8,-3.6900000000000004
4905.25,51.4,-3.69
4905.5,46.0,-4.12
4905.75,48.0,-3.88
4906.0,47.8,-4.16
4906.25,44.900000000000006,-4.33
4906.5,45.5,-4.16
4906.75,46.5,-3.9299999999999997
4907.0,48.6,-4.14
4907.25,46.699999999999996,-4.05
4907.5,44.4,-4.31
4907.75,43.0,-4.13
4908.0,42.6,-3.91
4908.25,43.0,-3.7800000000000002
4908.5,41.7,-4.02
4908.75,38.900000000000006,-3.79
4909.0,39.9,-4.140000000000001
4909.25,33.02,-3.1999999999999997
4909.5,21.19,-0.9979999999999999
4909.75,16.52,-0.7600000000000001
4910.0,11.68,-1.1700000000000002
4910.25,13.5,-1.254
4910.5,11.42,-1.346
4910.75,11.99,-1.3280000000000003
4911.0,0.0,0.0
4911.25,11.86,-1.2433
4911.5,11.290000000000001,-1.26
4911.75,0.0,0.0
4912.0,10.76,-1.2950000000000002
4912.25,10.6,-0.9099999999999999
4912.5,9.85,-1.1219999999999999
4912.75,9.83,-1.17
4913.0,9.76,-0.923
4913.25,9.899999999999999,-1.0719999999999998
4913.5,6.39,-0.45
4913.75,6.109999999999999,-0.505
4914.0,4.83,0.019000000000000017
4914.25,4.243,-0.127
4914.5,4.155,-0.007000000000000006
4914.75,4.02,0.17329999999999995
4915.0,3.9899999999999998,0.29200000000000004
4915.25,4.03,0.3339
4915.5,3.79,0.22100000000000003
4915.75,3.78,0.19599999999999995
4916.0,3.9300000000000006,0.23300000000000004
4916.25,3.658,0.018000000000000016
4916.5,4.739,0.16400000000000003
4916.75,6.2,0.43699999999999994
4917.0,5.27,0.224
4917.25,5.379999999999999,0.425
4917.5,5.49,0.5640000000000001
4917.75,5.700000000000001,0.29400000000000004
4918.0,5.42,0.2983
4918.25,5.133,0.07100000000000001
4918.5,5.5,0.328
4918.75,5.53,0.46699999999999997
4919.0,5.49,0.332
4919.25,5.282,0.37499999999999994
4919.5,5.41,0.415
4919.75,5.156000000000001,0.202
4920.0,5.27,0.326
4920.25,5.41,0.588
4920.5,5.47,0.5929
4920.75,5.164,0.359
4921.0,5.618,0.354
4921.25,4.735,0.5009999999999999
4921.5,3.442,0.28400000000000003
4921.75,3.4219999999999997,0.14100000000000001
4922.0,3.602,0.12799999999999995
4922.25,3.56,0.40199999999999997
4922.5,3.08,-0.040000000000000036
4922.75,3.484,0.23610000000000003
4923.0,3.84,0.34029999999999994
4923.25,3.56,0.273
4923.5,3.137,0.035999999999999976
4923.75,3.3200000000000003,0.0
4924.0,3.5,0.2760000000000001
4924.25,3.257,0.16699999999999993
4924.5,3.4829999999999997,0.05799999999999994
4924.75,3.623,0.127
4925.0,3.215,0.09999999999999998
4925.25,3.8000000000000003,0.010000000000000009
4925.5,3.315,0.265
4925.75,3.3770000000000002,0.07
4926.0,3.3900000000000006,0.302
4926.25,3.276,0.354
4926.5,3.122,0.02699999999999997
4926.75,9.26,-0.42199999999999993
4927.0,16.13,-1.2257
4927.25,0.0,0.0
4927.5,34.2,-4.7
4927.75,35.3,-4.800000000000001
4928.0,34.6,-4.89
4928.25,35.5,-4.78
4928.5,36.4,-4.53
4928.75,38.4,-4.65
4929.0,38.1,-4.4399999999999995
4929.25,38.0,-4.83
4929.5,37.3,-4.529999999999999
4929.75,37.5,-4.640000000000001
4930.0,38.5,-4.7
4930.25,35.900000000000006,-5.12
4930.5,36.4,-4.739999999999999
4930.75,37.1,-4.96
4931.0,36.8,-4.96
4931.25,38.0,-4.95
4931.5,38.6,-5.029999999999999
4931.75,37.2,-4.81
4932.0,39.8,-4.58
4932.25,38.0,-4.54
4932.5,38.1,-4.64
4932.75,39.2,-4.36
4933.0,35.6,-4.529999999999999
4933.25,33.91,-4.63
4933.5,24.15,-3.3
4933.75,0.0,0.0
4934.0,16.990000000000002,-2.246
4934.25,16.85,-2.0
4934.5,16.57,-2.34
4934.75,17.5,-2.24
4935.0,17.18,-2.17
4935.25,16.85,-2.26
4935.5,17.89,-2.24
4935.75,16.95,-2.35
4936.0,16.04,-2.0970000000000004
4936.25,15.52,-1.954
4936.5,15.419999999999998,-1.947
4936.75,16.22,-2.12
4937.0,16.04,-2.21
4937.25,15.85,-2.42
4937.5,8.27,-1.02
4937.75,5.83,-0.5419999999999999
4938.0,3.306,-0.30400000000000005
4938.25,3.358,-0.14300000000000002
4938.5,3.373,-0.14199999999999996
4938.75,3.4219999999999997,-0.134
4939.0,3.5970000000000004,0.07300000000000001
4939.25,3.2319999999999998,-0.07299999999999995
4939.5,3.056,0.22999999999999998
4939.75,3.2430000000000003,0.0
4940.0,2.777,-0.10300000000000004
4940.25,2.8200000000000003,-0.062
4940.5,2.894,0.030000000000000027
4940.75,2.79,-0.06300000000000006
4941.0,3.03,0.13600000000000007
4941.25,2.875,0.031000000000000028
4941.5,2.842,0.014000000000000012
4941.75,2.957,0.14
4942.0,2.874,0.04899999999999999
4942.25,3.007,0.22299999999999998
4942.5,2.75,-0.10800000000000004
4942.75,2.908,-0.02999999999999997
4943.0,2.725,0.14900000000000002
4943.25,2.806,0.22550000000000003
4943.5,2.6020000000000003,-0.033999999999999975
4943.75,2.625,-0.08000000000000002
4944.0,2.742,0.11000000000000004
4944.25,2.86,0.32799999999999996
4944.5,2.785,0.263
4944.75,2.721,0.174
4945.0,2.84,0.28600000000000003
4945.25,2.6950000000000003,0.118
4945.5,2.503,-0.13400000000000006
4945.75,2.61,0.009999999999999953
4946.0,2.8000000000000003,0.21799999999999997
4946.25,2.598,-0.0010000000000000009
4946.5,2.599,-0.0020000000000000018
4946.75,2.6310000000000002,0.034999999999999976
4947.0,2.832,0.2676
4947.25,2.6310000000000002,0.03899999999999998
4947.5,2.738,0.2149999999999999
4947.75,2.784,0.23800000000000004
4948.0,2.807,0.25110000000000005
4948.25,2.5229999999999997,-0.10000000000000003
4948.5,2.5519999999999996,-0.06
4948.75,2.56,-0.06
4949.0,2.609,0.01799999999999996
4949.25,2.524,-0.10000000000000003
4949.5,2.653,-0.02200000000000002
4949.75,2.91,0.41800000000000004
4950.0,2.674,0.08999999999999997
4950.25,2.63,0.08999999999999997
4950.5,2.8000000000000003,0.29
4950.75,4.16,0.398
4951.0,5.21,0.010000000000000009
4951.25,5.705,0.325
4951.5,4.545,0.38499999999999995
4951.75,5.07,0.35000000000000003
4952.0,5.913,-0.07300000000000006
4952.25,6.231999999999999,0.03200000000000003
4952.5,6.1049999999999995,0.16499999999999998
4952.75,6.367000000000001,0.18499999999999994
4953.0,6.191,0.24
4953.25,6.43,0.54
4953.5,0.0,0.0
4953.75,6.058,0.008000000000000007
4954.0,5.78,0.07199999999999995
4954.25,5.590000000000001,-0.06999999999999995
4954.5,5.82,0.19999999999999996
4954.75,5.9670000000000005,0.1529999999999999
4955.0,5.3100000000000005,0.06999999999999995
4955.25,5.256,0.01200000000000001
4955.5,5.393,0.14500000000000002
4955.75,5.72,0.26
4956.0,5.4270000000000005,0.16870999999999997
4956.25,5.437,0.11700000000000005
4956.5,5.325,0.05499999999999994
4956.75,5.32,-0.009999999999999898
4957.0,3.306,-0.16100000000000003
4957.25,3.4779999999999998,0.05249999999999999
4957.5,3.29,-0.17999999999999994
4957.75,3.326,-0.16900000000000004
4958.0,4.517,0.09999999999999998
4958.25,3.971,0.0817
4958.5,3.4610000000000003,-0.030999999999999917
4958.75,3.433,-0.07800000000000007
4959.0,3.52,0.013000000000000012
4959.25,3.35,-0.19000000000000006
4959.5,3.4,-0.09300000000000008
4959.75,4.07,0.09299999999999997
4960.0,4.336,0.16599999999999993
4960.25,3.29,-0.21399999999999997
4960.5,3.355,-0.14900000000000002
4960.75,4.96,-0.028000000000000025
4961.0,5.199999999999999,0.10499999999999998
4961.25,5.285,0.11299999999999999
4961.5,5.58,0.08300000000000002
4961.75,5.842,0.25
4962.0,5.3740000000000006,-0.059
4962.25,5.123,-0.16600000000000004
4962.5,5.209999999999999,-0.019999999999999962
4962.75,4.936999999999999,0.10999999999999999
4963.0,4.55,0.10300000000000004
4963.25,4.443,0.2
4963.5,4.678,0.438
4963.75,4.533,0.3513
4964.0,4.365,0.13499999999999995
4964.25,4.426,0.15500000000000003
4964.5,4.628,0.374
4964.75,4.4510000000000005,0.21799999999999997
4965.0,4.404,0.17600000000000005
4965.25,4.367,0.10299999999999998
4965.5,5.123,0.3317
4965.75,4.5489999999999995,0.225
4966.0,4.353,0.181
4966.25,4.557,0.35933000000000004
4966.5,4.62,0.3266
4966.75,4.436,0.118
4967.0,4.564,0.27399999999999997
4967.25,4.58,0.24899999999999994
4967.5,4.583,0.20600000000000007
4967.75,4.242,0.01599999999999996
4968.0,4.236000000000001,0.06399999999999995
4968.25,4.476999999999999,0.3424
4968.5,4.44,0.179
4968.75,4.233,-0.024999999999999967
4969.0,3.73,0.38469999999999993
4969.25,2.7119999999999997,0.36199999999999993
4969.5,2.562,0.188
4969.75,2.45,0.06300000000000006
4970.0,2.439,-0.009000000000000008
4970.25,2.4699999999999998,0.026000000000000023
4970.5,2.47,0.02300000000000002
4970.75,2.3,-0.18
4971.0,2.4859999999999998,0.03600000000000003
4971.25,2.42,-0.025000000000000022
4971.5,2.443,-0.02200000000000002
4971.75,2.5140000000000002,0.10000000000000003
4972.0,2.5199999999999996,0.13
4972.25,2.484,0.07999999999999996
4972.5,2.5620000000000003,0.16033000000000003
4972.75,2.598,0.18600000000000005
4973.0,2.553,0.14499999999999996
4973.25,2.423,-0.009000000000000008
4973.5,2.36,-0.13999999999999996
4973.75,2.479,0.05299999999999999
4974.0,2.4219999999999997,-0.09100000000000003
4974.25,2.347,-0.07200000000000001
4974.5,2.379,-0.018000000000000016
4974.75,2.5709999999999997,0.22799999999999998
4975.0,2.423,0.07200000000000001
4975.25,2.529,0.18209999999999998
4975.5,2.356,-0.029999999999999916
4975.75,2.335,-0.07
4976.0,2.353,0.003999999999999948
4976.25,2.2809999999999997,-0.13
4976.5,2.408,0.07700000000000001
4976.75,2.383,0.006999999999999951
4977.0,2.3569999999999998,0.01600000000000007
4977.25,2.447,0.09890000000000004
4977.5,2.363,0.026000000000000023
4977.75,2.485,0.15669999999999998
4978.0,2.3810000000000002,0.026000000000000023
4978.25,2.366,-0.041000000000000036
4978.5,2.442,0.08200000000000002
4978.75,2.395,0.04299999999999998
4979.0,2.3449999999999998,-0.07500000000000001
4979.25,2.434,0.08799999999999997
4979.5,2.317,-0.07600000000000001
4979.75,2.282,-0.10999999999999999
4980.0,2.456,0.15000000000000002
4980.25,2.4859999999999998,0.15779999999999994
4980.5,2.436,0.14600000000000002
4980.75,2.607,0.3466699999999999
4981.0,2.4,-0.025000000000000022
4981.25,2.403,-0.06
4981.5,2.458,0.14300000000000002
4981.75,2.34,0.017000000000000015
4982.0,2.357,0.04300000000000004
4982.25,2.42,0.08299999999999996
4982.5,2.488,0.21299999999999997
4982.75,2.46,0.19
4983.0,2.33,0.024999999999999967
4983.25,2.6399999999999997,0.37999999999999995
4983.5,2.446,0.193
4983.75,2.254,-0.08800000000000002
4984.0,2.344,0.010000000000000009
4984.25,2.507,0.17000000000000004
4984.5,2.2489999999999997,-0.11600000000000005
4984.75,2.308,-0.014000000000000012
4985.0,2.2569999999999997,-0.09300000000000003
4985.25,2.46,0.09000000000000002
4985.5,2.386,0.034999999999999976
4985.75,2.407,0.04299999999999998
4986.0,2.446,0.127
4986.25,2.6500000000000004,0.314
4986.5,2.237,-0.14499999999999996
4986.75,2.311,-0.03300000000000003
4987.0,0.0,0.0
4987.25,2.495,0.12000000000000005
4987.5,4.16,0.010000000000000009
4987.75,2.55,-0.14999999999999997
4988.0,2.99,-0.12
4988.25,4.26,-0.019999999999999962
4988.5,3.3200000000000003,-0.05999999999999994
4988.75,0.0,0.0
4989.0,2.72,0.13
4989.25,2.9579999999999997,0.186
4989.5,2.73,0.12
4989.75,3.27,-0.08999999999999997
4990.0,2.908,0.18870000000000003
4990.25,2.9899999999999998,0.11629999999999996
4990.5,0.0,0.0
4990.75,0.0,0.0
4991.0,3.18,0.09000000000000002
4991.25,3.04,0.05499999999999999
4991.5,2.8400000000000003,0.31000000000000005
4991.75,0.0,0.0
4992.0,0.0,0.0
4992.25,2.813,-0.07300000000000001
4992.5,2.54,-0.10000000000000003
4992.75,0.0,0.0
4993.0,0.0,0.0
4993.25,3.4000000000000004,0.17000000000000004
4993.5,2.63,-0.10000000000000003
4993.75,0.0,0.0
4994.0,3.68,0.41000000000000003
4994.25,3.6799999999999997,0.42000000000000004
4994.5,3.05,0.09500000000000008
4994.75,2.7359999999999998,0.12970000000000004
4995.0,3.347,0.20599999999999996
4995.25,3.46,0.13
4995.5,2.812,0.018000000000000016
4995.75,2.9010000000000002,-0.04299999999999998
4996.0,2.788,0.01200000000000001
4996.25,3.002,0.08999999999999997
4996.5,2.724,-0.08399999999999996
4996.75,2.892,0.14249999999999996
4997.0,2.9960000000000004,0.15199999999999997
4997.25,2.7430000000000003,0.133
4997.5,3.0249999999999995,0.07999999999999996
4997.75,2.8899999999999997,0.02999999999999997
4998.0,2.23,-0.18
4998.25,2.505,0.14
4998.5,2.293,-0.10000000000000003
4998.75,9.76,-0.7460000000000001
4999.0,0.0,0.0
4999.25,30.0,-4.05
4999.5,34.3,-4.41
4999.75,36.099999999999994,-4.37
5000.0,35.6,-4.7
5000.25,37.2,-4.45
5000.5,37.2,-4.41
5000.75,38.3,-4.45
5001.0,38.900000000000006,-4.220000000000001
5001.25,0.0,0.0
5001.5,42.0,-4.17
5001.75,0.0,0.0
5002.0,40.400000000000006,-4.47
5002.25,43.9,-3.8200000000000003
5002.5,43.4,-3.74
5002.75,43.2,-3.52
5003.0,43.1,-3.44
5003.25,41.5,-4.01
5003.5,43.8,-4.15
5003.75,34.599999999999994,-2.6399999999999997
5004.0,35.72,-2.43
5004.25,36.9,-1.8850000000000002
5004.5,32.05,-1.597
5004.75,32.480000000000004,-1.4900000000000002
5005.0,31.06,-1.393
5005.25,25.330000000000002,-1.81
5005.5,16.61,-0.923
5005.75,14.84,-0.43710000000000004
5006.0,11.83,-0.18800000000000006
5006.25,10.41,-0.47100000000000003
5006.5,10.14,-0.5080000000000001
5006.75,10.69,-0.26
5007.0,13.07,-0.319
5007.25,12.5,-0.528
5007.5,12.44,-0.126
5007.75,12.700000000000001,-0.04999999999999999
5008.0,13.24,0.30300000000000005
5008.25,11.66,-0.557
5008.5,9.309999999999999,-0.045999999999999985
5008.75,7.379999999999999,0.020000000000000018
5009.0,6.218,0.020000000000000018
5009.25,6.425,-0.02200000000000002
5009.5,6.36,0.35
5009.75,6.17,0.14600000000000002
5010.0,5.754,0.18599999999999997
5010.25,5.763,0.065
5010.5,5.76,0.1786
5010.75,4.845000000000001,0.2693
5011.0,4.683,0.21000000000000002
5011.25,4.779,0.4364
5011.5,4.641,0.37267000000000006
5011.75,4.417,0.11200000000000004
5012.0,4.511,0.16500000000000004
5012.25,4.73,0.275
5012.5,4.5760000000000005,0.265
5012.75,5.0600000000000005,0.45530000000000004
5013.0,4.359,0.17290000000000003
5013.25,5.042,0.593
5013.5,5.355,0.509
5013.75,5.235,0.37029999999999996
5014.0,5.2010000000000005,0.35309999999999997
5014.25,5.35,0.525
5014.5,4.34,0.305
5014.75,4.404,0.389
5015.0,4.277,0.237
5015.25,4.43,0.43000000000000005
5015.5,4.38,0.377
5015.75,4.168,0.244
5016.0,4.606999999999999,0.7270000000000001
5016.25,4.299,0.38230000000000003
5016.5,4.379,0.47700000000000004
5016.75,4.367,0.5287
5017.0,4.388,0.496
5017.25,4.24,0.26
5017.5,2.594,0.16000000000000003
5017.75,2.567,0.127
5018.0,2.726,0.395
5018.25,2.664,0.33999999999999997
5018.5,2.602,0.267
5018.75,2.639,0.309
5019.0,2.67,0.3782
5019.25,2.57,0.255
5019.5,2.639,0.32299999999999995
5019.75,2.464,0.08099999999999996
5020.0,2.592,0.192
5020.25,2.489,0.10000000000000003
5020.5,2.497,0.12
5020.75,2.575,0.24
5021.0,2.628,0.31999999999999995
5021.25,2.455,0.11499999999999999
5021.5,2.718,0.42000000000000004
5021.75,2.593,0.17700000000000005
5022.0,2.7089999999999996,0.336
5022.25,2.5869999999999997,0.19099999999999995
5022.5,2.6879999999999997,0.23699999999999993
5022.75,5.57,0.10399999999999998
5023.0,8.14,-0.31600000000000006
5023.25,23.580000000000002,-2.7699999999999996
5023.5,23.47,-2.87
5023.75,23.18,-2.84
5024.0,23.580000000000002,-2.62
5024.25,23.87,-2.67
5024.5,24.509999999999998,-2.6599999999999997
5024.75,24.82,-2.58
5025.0,24.66,-2.58
5025.25,24.15,-2.7199999999999998
5025.5,24.32,-2.58
5025.75,24.8,-2.47
5026.0,25.419999999999998,-2.37
5026.25,24.69,-2.5
5026.5,25.080000000000002,-2.29
5026.75,26.28,-2.18
5027.0,25.49,-2.2
5027.25,26.740000000000002,-2.2
5027.5,28.21,-2.36
5027.75,27.29,-2.3000000000000003
5028.0,25.240000000000002,-2.34
5028.25,23.759999999999998,-2.37
5028.5,22.78,-2.4
5028.75,0.0,0.0
5029.0,22.73,-2.3600000000000003
5029.25,23.92,-2.4699999999999998
5029.5,23.799999999999997,-2.41
5029.75,23.909999999999997,-2.42
5030.0,22.82,-2.02
5030.25,21.66,-1.86
5030.5,21.61,-1.788
5030.75,21.799999999999997,-1.591
5031.0,22.46,-1.65
5031.25,22.33,-2.02
5031.5,21.97,-2.17
5031.75,21.91,-1.99
5032.0,21.9,-2.06
5032.25,21.71,-1.95
5032.5,20.64,-2.07
5032.75,21.42,-1.45
5033.0,22.01,-1.5400000000000003
5033.25,14.43,-0.8
5033.5,14.48,-0.8730000000000001
5033.75,15.370000000000001,-0.40670000000000006
5034.0,11.09,-0.56
5034.25,11.220000000000002,-0.349
5034.5,10.29,-0.20400000000000001
5034.75,8.36,-0.17300000000000004
5035.0,4.62,0.021999999999999964
5035.25,4.571,0.16199999999999998
5035.5,4.655,0.28400000000000003
5035.75,4.638,0.27243999999999996
5036.0,4.476999999999999,0.07600000000000001
5036.25,4.633,0.312
5036.5,4.491,0.10999999999999996
5036.75,4.6419999999999995,0.31199999999999994
5037.0,4.563,0.20099999999999996
5037.25,4.494,0.13999999999999999
5037.5,4.757,0.247
5037.75,4.7250000000000005,0.18499999999999997
5038.0,4.7,0.172
5038.25,4.785,0.318
5038.5,4.7860000000000005,0.29200000000000004
5038.75,2.965,-0.062
5039.0,2.45,0.16499999999999998
5039.25,2.2880000000000003,0.010999999999999954
5039.5,2.466,0.20699999999999996
5039.75,2.375,0.09399999999999997
5040.0,2.466,0.21900000000000003
5040.25,2.527,0.32900000000000007
5040.5,2.484,0.257
5040.75,2.4480000000000004,0.20199999999999999
5041.0,2.4640000000000004,0.21731000000000003
5041.25,2.385,0.136
5041.5,2.483,0.13799999999999996
5041.75,2.548,0.3713
5042.0,2.474,0.223
5042.25,2.4410000000000003,0.135
5042.5,2.529,0.20699999999999996
5042.75,2.425,0.13099999999999995
5043.0,2.5340000000000003,0.2839999999999999
5043.25,2.482,0.25299999999999995
5043.5,2.5130000000000003,0.2864
5043.75,2.5949999999999998,0.39
5044.0,2.404,0.14800000000000002
5044.25,2.3739999999999997,0.09000000000000002
5044.5,2.445,0.19699999999999995
5044.75,2.493,0.22299999999999998
5045.0,2.42,0.16899999999999998
5045.25,2.3899999999999997,0.12999999999999995
5045.5,2.3689999999999998,0.11700000000000005
5045.75,2.4050000000000002,0.135
5046.0,2.434,0.19199999999999995
5046.25,2.58,0.354
5046.5,2.433,0.196
5046.75,3.98,0.2686
5047.0,6.11,-0.23699999999999996
5047.25,24.849999999999998,-2.23
5047.5,26.54,-2.34
5047.75,25.96,-2.2199999999999998
5048.0,25.919999999999998,-2.34
5048.25,0.0,0.0
5048.5,26.840000000000003,-2.36
5048.75,27.299999999999997,-2.33
5049.0,29.88,-2.24
5049.25,30.220000000000002,-2.18
5049.5,31.6,-1.94
5049.75,30.549999999999997,-1.99
5050.0,29.34,-2.5100000000000002
5050.25,29.300000000000004,-2.46
5050.5,29.8,-2.38
5050.75,29.730000000000004,-2.42
5051.0,30.4,-2.33
5051.25,30.999999999999996,-2.44
5051.5,30.17,-2.2199999999999998
5051.75,29.189999999999998,-2.35
5052.0,28.259999999999998,-2.24
5052.25,26.189999999999998,-2.41
5052.5,25.72,-2.66
5052.75,25.259999999999998,-2.78
5053.0,23.58,-2.5700000000000003
5053.25,23.14,-2.98
5053.5,23.52,-2.85
5053.75,24.549999999999997,-2.68
5054.0,24.06,-2.8800000000000003
5054.25,22.6,-3.0799999999999996
5054.5,21.76,-2.48
5054.75,20.4,-2.35
5055.0,22.58,-2.79
5055.25,19.42,-2.4699999999999998
5055.5,20.1,-2.58
5055.75,20.299999999999997,-2.16
5056.0,20.09,-2.27
5056.25,19.14,-2.21
5056.5,14.829999999999998,-1.59
5056.75,9.26,-0.8
5057.0,8.879999999999999,-1.065
5057.25,8.93,-0.964
5057.5,8.97,-0.958
5057.75,9.15,-0.7533000000000001
5058.0,7.54,-0.608
5058.25,6.83,-0.6356999999999999
5058.5,3.837,-0.041000000000000036
5058.75,3.89,0.07030000000000003
5059.0,0.0,0.0
5059.25,4.429,-0.007000000000000006
5059.5,4.652,0.213
5059.75,4.8,0.395
5060.0,4.7170000000000005,0.358
5060.25,4.643,0.284
5060.5,5.12,0.4077
5060.75,4.658,0.19
5061.0,4.588,0.234
5061.25,4.431,0.04499999999999993
5061.5,4.717,0.398
5061.75,4.494000000000001,0.15699999999999997
5062.0,4.487,0.13399999999999998
5062.25,4.454,0.11699999999999997
5062.5,4.645,0.345
5062.75,4.521,0.22400000000000003
5063.0,4.558,0.37070000000000003
5063.25,4.489999999999999,0.34
5063.5,4.46,0.27999999999999997
5063.75,4.297000000000001,0.08999999999999997
5064.0,4.272,0.07700000000000001
5064.25,4.523,0.394
5064.5,4.4239999999999995,0.268
5064.75,4.305,0.14250000000000002
5065.0,4.3,0.15000000000000002
5065.25,3.3379999999999996,0.22100000000000003
5065.5,2.7430000000000003,0.127
5065.75,2.729,0.15800000000000003
5066.0,2.7350000000000003,0.15900000000000003
5066.25,2.8230000000000004,0.20529999999999998
5066.5,2.7279999999999998,0.10999999999999993
5066.75,2.629,-0.010000000000000009
5067.0,2.622,-0.022000000000000075
5067.25,2.83,0.129
5067.5,2.8449999999999998,0.08749999999999997
5067.75,2.6799999999999997,0.04899999999999999
5068.0,2.716,0.08999999999999997
5068.25,2.791,0.19699999999999995
5068.5,3.037,0.47200000000000003
5068.75,2.706,0.0030000000000000027
5069.0,2.794,0.21200000000000008
5069.25,2.797,0.19
5069.5,2.923,0.27499999999999997
5069.75,2.68,-0.129
5070.0,2.653,-0.14500000000000002
5070.25,2.614,-0.08000000000000002
5070.5,3.004,0.062
5070.75,25.99,-3.1400000000000006
5071.0,34.83,-3.84
5071.25,37.2,-4.4
5071.5,37.89,-4.38
5071.75,39.06,-4.39
5072.0,39.2,-4.51
5072.25,37.9,-4.9
5072.5,41.199999999999996,-5.0
5072.75,41.2,-4.91
5073.0,41.0,-4.96
5073.25,40.7,-4.65
5073.5,42.50000000000001,-4.43
5073.75,43.099999999999994,-4.32
5074.0,42.6,-4.21
5074.25,42.599999999999994,-4.55
5074.5,40.8,-4.46
5074.75,41.8,-4.25
5075.0,43.6,-4.55
5075.25,42.5,-4.72
5075.5,43.0,-4.49
5075.75,43.400000000000006,-4.59
5076.0,42.0,-4.57
5076.25,41.6,-4.28
5076.5,37.8,-4.33
5076.75,38.599999999999994,-4.18
5077.0,36.599999999999994,-4.24
5077.25,34.1,-4.49
5077.5,24.07,-2.68
5077.75,13.18,-1.265
5078.0,14.579999999999998,-1.45
5078.25,15.079999999999998,-1.5799999999999998
5078.5,12.76,-1.69
5078.75,13.84,-1.45
5079.0,13.38,-1.727
5079.25,12.93,-1.65
5079.5,11.3,-1.279
5079.75,11.22,-1.357
5080.0,10.28,-1.523
5080.25,5.58,-0.8690000000000001
5080.5,5.83,-0.40599999999999997
5080.75,6.22,-0.747
5081.0,5.37,-0.8720000000000001
5081.25,5.300000000000001,-0.7799999999999999
5081.5,5.36,-0.6639999999999999
5081.75,5.54,-0.557
5082.0,4.300000000000001,-0.35100000000000003
5082.25,4.91,-0.32800000000000007
5082.5,3.8200000000000003,-0.344
5082.75,3.8699999999999997,-0.3550000000000001
5083.0,3.8899999999999997,-0.31300000000000006
5083.25,3.88,-0.303
5083.5,3.83,-0.375
5083.75,0.0,0.0
5084.0,3.7199999999999998,-0.38999999999999996
5084.25,3.75,-0.352
5084.5,3.84,-0.2710000000000001
5084.75,3.91,-0.1421
5085.0,3.7399999999999998,-0.28
5085.25,3.91,-0.13699999999999996
5085.5,4.47,-0.24700000000000005
5085.75,3.63,0.019999999999999962
5086.0,0.0,0.0
5086.25,3.4200000000000004,-0.33699999999999997
5086.5,3.484,-0.3399999999999999
5086.75,3.493,-0.08000000000000002
5087.0,3.2670000000000003,-0.2720000000000001
5087.25,3.5229999999999997,-0.21900000000000003
5087.5,3.547,-0.08399999999999996
5087.75,3.527,0.10810000000000003
5088.0,3.505,-0.15400000000000003
5088.25,3.3449999999999998,-0.2370000000000001
5088.5,3.747,-0.236
5088.75,3.433,-0.29
5089.0,3.3880000000000003,-0.193
5089.25,3.2589999999999995,-0.30399999999999994
5089.5,3.63,-0.08100000000000002
5089.75,3.53,-0.21200000000000002
5090.0,3.56,-0.08400000000000002
5090.25,3.6,-0.13999999999999996
5090.5,3.449,0.04999999999999993
5090.75,3.4479999999999995,0.03500000000000003
5091.0,3.5010000000000003,-0.21899999999999992
5091.25,3.388,-0.016000000000000014
5091.5,3.52,-0.12300000000000005
5091.75,3.66,-0.2
5092.0,3.408,-0.06
5092.25,3.53,-0.3349999999999999
5092.5,3.588,-0.044999999999999984
5092.75,3.6260000000000003,0.019000000000000017
5093.0,3.8,0.05299999999999999
5093.25,3.8970000000000002,0.172
5093.5,3.587,-0.061000000000000054
5093.75,3.1319999999999997,-0.24799999999999994
5094.0,3.0729999999999995,-0.08200000000000002
5094.25,2.7979999999999996,-0.020000000000000018
5094.5,3.92,-0.36600000000000005
5094.75,25.259999999999998,-3.5199999999999996
5095.0,31.07,-4.4
5095.25,31.4,-4.3
5095.5,33.87,-4.8
5095.75,33.8,-4.680000000000001
5096.0,33.06,-4.6
5096.25,33.63,-4.49
5096.5,34.2,-4.800000000000001
5096.75,36.1,-4.8100000000000005
5097.0,34.8,-4.71
5097.25,36.3,-4.6
5097.5,36.099999999999994,-4.9
5097.75,37.3,-4.779999999999999
5098.0,39.2,-4.61
5098.25,38.4,-4.7
5098.5,39.7,-4.7
5098.75,39.8,-4.43
5099.0,39.7,-4.7
5099.25,38.4,-4.8
5099.5,40.6,-4.68
5099.75,39.3,-4.83
5100.0,39.6,-4.72
5100.25,38.599999999999994,-4.74
5100.5,39.1,-4.48
5100.75,37.9,-4.6899999999999995
5101.0,37.3,-4.43
5101.25,32.7,-4.28
5101.5,26.48,-3.3699999999999997
5101.75,25.47,-3.2300000000000004
5102.0,23.689999999999998,-2.54
5102.25,10.72,-0.8519
5102.5,8.55,-0.619
5102.75,8.67,-0.465
5103.0,8.56,-0.712
5103.25,9.61,-0.46499999999999997
5103.5,9.23,-0.21370000000000006
5103.75,8.59,-0.19340000000000002
5104.0,8.01,-0.08800000000000002
5104.25,7.41,-0.14000000000000007
5104.5,6.6899999999999995,-0.422
5104.75,6.12,-0.432
5105.0,5.87,-0.25
5105.25,7.11,-0.43499999999999994
5105.5,7.19,-0.5650000000000001
5105.75,7.140000000000001,-0.734
5106.0,6.58,-0.20400000000000001
5106.25,6.27,-0.4800000000000001
5106.5,6.22,-0.501
5106.75,6.23,-0.3730000000000001
5107.0,3.467,0.317
5107.25,4.588,0.149
5107.5,4.52,0.08699999999999997
5107.75,4.676,0.24800000000000003
5108.0,4.913,0.3455
5108.25,4.6499999999999995,0.29389999999999994
5108.5,4.595,0.185
5108.75,4.997,0.3403
5109.0,4.845,0.423
5109.25,4.58,0.383
5109.5,4.58,0.3734
5109.75,4.125,0.4
5110.0,2.523,0.268
5110.25,2.4530000000000003,0.237
5110.5,2.556,0.32899999999999996
5110.75,2.33,0.04400000000000004
5111.0,2.396,0.122
5111.25,2.401,0.184
5111.5,2.617,0.5143
5111.75,2.4499999999999997,0.3267
5112.0,2.465,0.34700000000000003
5112.25,2.5500000000000003,0.445
5112.5,2.432,0.22399999999999998
5112.75,2.3600000000000003,0.11099999999999999
5113.0,2.461,0.217
5113.25,2.513,0.253
5113.5,2.439,0.21899999999999997
5113.75,2.565,0.4
5114.0,2.431,0.192
5114.25,2.343,0.08300000000000002
5114.5,2.463,0.265
5114.75,2.283,0.14
5115.0,2.3,0.2
5115.25,2.369,0.267
5115.5,2.21,0.04999999999999999
5115.75,2.336,0.22000000000000003
5116.0,2.324,0.18
5116.25,2.287,0.14300000000000002
5116.5,2.273,0.118
5116.75,2.53,0.38029999999999997
5117.0,2.476,0.276
5117.25,2.365,0.21299999999999997
5117.5,2.557,0.509
5117.75,2.561,0.484
5118.0,2.356,0.23600000000000004
5118.25,2.322,0.197
5118.5,2.5100000000000002,0.30867
5118.75,3.33,0.05299999999999999
5119.0,4.1,-0.127
5119.25,4.140000000000001,-0.36899999999999994
5119.5,3.49,-0.010000000000000064
5119.75,3.55,0.08200000000000002
5120.0,3.6660000000000004,0.2215999999999999
5120.25,3.593,0.133
5120.5,0.0,0.0
5120.75,0.0,0.0
5121.0,0.0,0.0
5121.25,3.49,0.03699999999999998
5121.5,3.612,0.09600000000000003
5121.75,3.226,-0.11600000000000005
5122.0,3.577,0.26999999999999996
5122.25,3.405,0.118
5122.5,3.43,0.09000000000000002
5122.75,4.93,0.09999999999999998
5123.0,3.91,0.1663
5123.25,3.409,0.139
5123.5,3.3539999999999996,0.039000000000000035
5123.75,3.3899999999999997,0.050000000000000044
5124.0,3.4800000000000004,0.17500000000000004
5124.25,2.5060000000000002,0.118
5124.5,2.5860000000000003,0.22999999999999998
5124.75,2.54,0.14
5125.0,3.019,0.13899999999999996
5125.25,2.591,0.2728
5125.5,2.505,0.315
5125.75,2.9579999999999997,0.62
5126.0,2.58,0.45099999999999996
5126.25,2.3440000000000003,0.20600000000000002
5126.5,2.543,0.3517
5126.75,2.29,-0.030000000000000027
5127.0,2.375,0.30229999999999996
5127.25,2.0,0.009999999999999953
5127.5,2.29,0.47700000000000004
5127.75,2.0140000000000002,0.25999999999999995
5128.0,2.092,0.44399999999999995
5128.25,2.31,0.77
5128.5,1.953,0.33999999999999997
5128.75,1.983,0.37
5129.0,2.164,0.606
5129.25,1.923,0.3370000000000001
5129.5,2.746,0.394
5129.75,2.5869999999999997,0.2
5130.0,2.49,0.29000000000000004
5130.25,2.215,-0.05500000000000005
5130.5,2.2849999999999997,0.04500000000000004
5130.75,2.4,0.15999999999999998
5131.0,0.0,0.0
5131.25,2.3129999999999997,0.238
5131.5,2.474,0.4143
5131.75,2.473,0.41879999999999995
5132.0,2.298,0.246
5132.25,2.235,0.135
5132.5,2.33,0.22999999999999998
5132.75,2.344,0.2767
5133.0,2.238,0.12999999999999995
5133.25,2.3120000000000003,0.188
5133.5,2.504,0.448
5133.75,2.464,0.28200000000000003
5134.0,2.287,0.14999999999999997
5134.25,0.0,0.0
5134.5,2.38,0.3
5134.75,2.267,0.15000000000000002
5135.0,2.12,-0.044999999999999984
5135.25,2.4699999999999998,0.37499999999999994
5135.5,2.279,0.15299999999999997
5135.75,0.0,0.0
5136.0,2.314,0.16199999999999998
5136.25,2.51,0.42000000000000004
5136.5,2.342,0.244
5136.75,2.305,0.191
5137.0,0.0,0.0
5137.25,2.48,0.4367
5137.5,2.182,0.03799999999999998
5137.75,2.396,0.28200000000000003
5138.0,2.3449999999999998,0.245
5138.25,0.0,0.0
5138.5,2.228,0.11299999999999999
5138.75,2.336,0.192
5139.0,2.48,0.41300000000000003
5139.25,2.449,0.27999999999999997
5139.5,0.0,0.0
5139.75,0.0,0.0
5140.0,2.283,0.23399999999999999
5140.25,2.314,0.228
5140.5,2.42,0.29500000000000004
5140.75,2.17,0.050000000000000044
5141.0,2.4829999999999997,0.47
5141.25,2.34,0.246
5141.5,2.533,0.46669999999999995
5141.75,2.327,0.253
5142.0,2.266,0.16699999999999998
5142.25,2.58,0.522
5142.5,2.395,0.33130000000000004
5142.75,2.3449999999999998,0.276
5143.0,2.359,0.29600000000000004
5143.25,2.4210000000000003,0.33999999999999997
5143.5,2.353,0.2789999999999999
5143.75,3.058,0.11699999999999999
5144.0,2.815,0.29700000000000004
5144.25,1.6940000000000002,0.318
5144.5,1.548,0.14
5144.75,1.9529999999999998,0.317
5145.0,1.834,0.4961
5145.25,1.818,0.47400000000000003
5145.5,1.7630000000000001,0.366
5145.75,1.813,0.376
5146.0,1.6380000000000001,0.188
5146.25,1.585,0.11500000000000005
5146.5,1.71,0.27999999999999997
5146.75,1.9329999999999998,0.5166999999999999
5147.0,1.73,0.28
5147.25,1.7229999999999999,0.29499999999999993
5147.5,1.75,0.22999999999999995
5147.75,2.056,0.6579999999999999
5148.0,1.805,0.388
5148.25,1.694,0.281
5148.5,1.933,0.5670000000000001
5148.75,1.7770000000000001,0.35800000000000004
5149.0,1.68,0.22799999999999998
5149.25,1.9529999999999998,0.5549999999999999
5149.5,2.097,0.5529999999999999
5149.75,1.858,0.44700000000000006
5150.0,1.694,0.21099999999999997
5150.25,2.111,0.32199999999999995
5150.5,2.092,0.561
5150.75,1.932,0.272
5151.0,1.879,0.4106000000000001
5151.25,2.024,0.6537
5151.5,1.9000000000000001,0.54
5151.75,1.776,0.372
5152.0,1.8600000000000003,0.438
5152.25,1.8970000000000002,0.4664999999999999
5152.5,1.664,0.20299999999999996
5152.75,1.728,0.254
5153.0,1.789,0.325
5153.25,1.88,0.43739999999999996
5153.5,1.842,0.4099999999999999
5153.75,2.967,0.13199999999999995
5154.0,2.66,0.14299999999999996
5154.25,2.6479999999999997,0.137
5154.5,2.6630000000000003,-0.02100000000000002
5154.75,2.7640000000000002,0.15850000000000003
5155.0,2.669,0.04799999999999999
5155.25,2.465,0.183
5155.5,2.519,0.19
5155.75,2.321,-0.03400000000000003
5156.0,3.412,0.188
5156.25,4.212,0.273
5156.5,4.285,0.33499999999999996
5156.75,4.339,0.3575
5157.0,4.3,0.165
5157.25,4.316,0.266
5157.5,4.327,0.318
5157.75,4.416,0.383
5158.0,4.215,0.20999999999999996
5158.25,4.2540000000000004,0.24
5158.5,4.369,0.383
5158.75,4.195,0.16299999999999998
5159.0,4.175,0.14100000000000001
5159.25,4.352,0.35530000000000006
5159.5,4.376,0.37529999999999997
5159.75,4.403,0.43733
5160.0,4.2780000000000005,0.25
5160.25,4.2219999999999995,0.255
5160.5,4.406,0.45
5160.75,4.238,0.22900000000000004
5161.0,4.25,0.226
5161.25,3.6790000000000003,0.17099999999999999
5161.5,2.453,0.25999999999999995
5161.75,2.335,0.08900000000000002
5162.0,2.339,0.07100000000000001
5162.25,2.5300000000000002,0.31699999999999995
5162.5,2.388,0.18200000000000002
5162.75,2.4989999999999997,0.29279999999999995
5163.0,2.3499999999999996,0.06
5163.25,2.394,0.09400000000000003
5163.5,2.432,0.22699999999999998
5163.75,2.3899999999999997,0.15900000000000003
5164.0,2.368,0.14300000000000002
5164.25,2.436,0.206
5164.5,2.388,0.15300000000000002
5164.75,2.359,0.11700000000000005
5165.0,2.525,0.32167
5165.25,2.458,0.265
5165.5,2.487,0.2903
5165.75,2.269,0.018000000000000016
5166.0,2.474,0.2403
5166.25,2.3099999999999996,0.061
5166.5,2.271,0.08700000000000002
5166.75,4.46,-0.32500000000000007
5167.0,11.45,-0.9919999999999999
5167.25,21.009999999999998,-2.6800000000000006
5167.5,35.8,-5.18
5167.75,34.6,-4.88
5168.0,33.6,-5.1
5168.25,35.4,-5.069999999999999
5168.5,36.7,-5.199999999999999
5168.75,40.0,-5.069999999999999
5169.0,39.900000000000006,-5.22
5169.25,40.3,-5.1
5169.5,40.6,-4.989999999999999
5169.75,41.3,-5.039999999999999
5170.0,43.6,-5.03
5170.25,42.6,-5.16
5170.5,42.1,-5.039999999999999
5170.75,42.3,-4.85
5171.0,40.3,-4.9
5171.25,40.6,-4.83
5171.5,42.8,-4.91
5171.75,42.2,-4.8
5172.0,42.400000000000006,-4.49
5172.25,42.1,-4.66
5172.5,42.0,-4.1
5172.75,41.7,-4.34
5173.0,44.099999999999994,-4.5600000000000005
5173.25,45.300000000000004,-4.13
5173.5,42.39000000000001,-4.45
5173.75,43.0,-4.529999999999999
5174.0,43.1,-4.54
5174.25,44.5,-4.859999999999999
5174.5,45.099999999999994,-4.9
5174.75,45.8,-5.1
5175.0,47.900000000000006,-4.55
5175.25,45.3,-4.46
5175.5,43.8,-4.72
5175.75,44.5,-4.61
5176.0,43.0,-4.45
5176.25,44.5,-4.6
5176.5,41.4,-4.77
5176.75,37.0,-4.9
5177.0,36.3,-4.95
5177.25,36.400000000000006,-5.1000000000000005
5177.5,33.230000000000004,-4.47
5177.75,34.32000000000001,-3.89
5178.0,0.0,0.0
5178.25,28.89,-3.7199999999999998
5178.5,27.87,-3.69
5178.75,26.14,-3.76
5179.0,25.270000000000003,-3.8800000000000003
5179.25,25.560000000000002,-3.7
5179.5,24.699999999999996,-3.47
5179.75,20.53,-3.65
5180.0,10.31,-1.35
5180.25,10.3,-1.1900000000000002
5180.5,5.87,-0.42200000000000004
5180.75,6.5,-0.35400000000000004
5181.0,6.51,-0.23
5181.25,5.42,0.07550000000000001
5181.5,5.220000000000001,0.046999999999999986
5181.75,5.16,0.0030000000000000027
5182.0,4.9,0.10500000000000001
5182.25,4.73,0.06499999999999997
5182.5,4.58,-0.16
5182.75,4.67,-0.18899999999999997
5183.0,5.22,-0.0005000000000000004
5183.25,4.46,0.04999999999999999
5183.5,4.166,-0.055999999999999994
5183.75,3.915,-0.027000000000000024
5184.0,4.416,0.18399999999999997
5184.25,3.5900000000000003,0.0030000000000000027
5184.5,3.678,-0.00030000000000002247
5184.75,4.19,0.12499999999999997
5185.0,4.137,0.2
5185.25,0.0,0.0
5185.5,4.027,-0.050000000000000044
5185.75,4.4,-0.05299999999999999
5186.0,4.438000000000001,0.08900000000000002
5186.25,4.053,-0.03999999999999998
5186.5,4.231,-0.046999999999999986
5186.75,4.404,0.14800000000000002
5187.0,4.3500000000000005,0.14500000000000002
5187.25,4.62,0.23240000000000005
5187.5,4.2090000000000005,0.08820000000000006
5187.75,4.511,0.1775
5188.0,4.37,0.177
5188.25,4.137,-0.05799999999999994
5188.5,4.628,0.04999999999999999
5188.75,4.116,-0.009000000000000008
5189.0,4.632,0.07400000000000001
5189.25,4.225,0.020000000000000018
5189.5,4.385999999999999,0.151
5189.75,4.466,0.097
5190.0,3.6320000000000006,0.0019999999999999463
5190.25,3.729,0.08100000000000002
5190.5,3.669,0.019999999999999962
5190.75,7.84,-0.251
5191.0,18.54,-2.14
5191.25,20.11,-2.42
5191.5,36.5,-4.79
5191.75,36.900000000000006,-5.0
5192.0,36.7,-5.0
5192.25,36.400000000000006,-5.0
5192.5,36.8,-4.9
5192.75,36.599999999999994,-4.9
5193.0,36.5,-4.77
5193.25,37.6,-4.9
5193.5,38.7,-4.8
5193.75,41.1,-4.73
5194.0,43.7,-4.62
5194.25,45.0,-4.38
5194.5,44.2,-4.5
5194.75,43.7,-4.6
5195.0,43.3,-4.569999999999999
5195.25,42.5,-4.140000000000001
5195.5,42.2,-4.6
5195.75,42.4,-4.3
5196.0,41.2,-4.47
5196.25,40.900000000000006,-4.779999999999999
5196.5,40.9,-4.859999999999999
5196.75,41.58,-4.5
5197.0,40.9,-4.4
5197.25,42.199999999999996,-4.6000000000000005
5197.5,43.699999999999996,-4.5
5197.75,43.3,-4.4
5198.0,39.9,-4.5
5198.25,40.7,-4.67
5198.5,41.9,-4.42
5198.75,42.6,-4.779999999999999
5199.0,42.5,-4.71
5199.25,42.400000000000006,-4.38
5199.5,41.1,-4.7
5199.75,39.2,-4.72
5200.0,39.1,-4.62
5200.25,40.6,-4.82
5200.5,0.0,0.0
5200.75,0.0,0.0
5201.0,0.0,0.0
5201.25,0.0,0.0
5201.5,35.4,-3.88
5201.75,36.2,-3.96
5202.0,31.14,-3.0799999999999996
5202.25,26.45,-2.0500000000000003
5202.5,24.840000000000003,-2.07
5202.75,22.07,-2.3
5203.0,21.75,-1.91
5203.25,21.650000000000002,-2.06
5203.5,22.84,-1.9100000000000001
5203.75,18.509999999999998,-1.52
5204.0,11.71,0.031000000000000028
5204.25,9.67,-0.20900000000000002
5204.5,8.85,-0.09899999999999998
5204.75,7.73,0.26899999999999996
5205.0,5.804,0.43900000000000006
5205.25,5.306,0.42800000000000005
5205.5,5.202000000000001,0.20429999999999998
5205.75,5.367999999999999,0.324
5206.0,5.359,0.339
5206.25,5.306,0.29400000000000004
5206.5,5.4159999999999995,0.42600000000000005
5206.75,5.453,0.528
5207.0,5.351999999999999,0.506
5207.25,4.7829999999999995,0.4195
5207.5,4.781999999999999,0.477
5207.75,4.777,0.4544
5208.0,4.873,0.5773
5208.25,4.713,0.4727
5208.5,4.725,0.436
5208.75,4.858,0.599
5209.0,4.792,0.525
5209.25,4.411,0.5700000000000001
5209.5,2.968,0.313
5209.75,2.942,0.246
5210.0,2.8729999999999998,0.182
5210.25,2.967,0.30900000000000005
5210.5,2.899,0.17060000000000003
5210.75,3.0460000000000003,0.396
5211.0,2.874,0.2127
5211.25,3.0150000000000006,0.27
5211.5,3.005,0.2783
5211.75,3.016,0.346
5212.0,3.0589999999999997,0.459
5212.25,3.121,0.492
5212.5,3.009,0.2988
5212.75,3.0460000000000003,0.39799999999999996
5213.0,3.011,0.2907
5213.25,3.008,0.304
5213.5,2.8520000000000003,0.17409999999999998
5213.75,2.856,0.13579999999999998
5214.0,2.9829999999999997,0.335
5214.25,2.8689999999999998,0.147625
5214.5,2.925,0.384
5214.75,6.18,-0.055300000000000016
5215.0,11.760000000000002,-0.6532
5215.25,21.12,-2.21
5215.5,34.4,-4.65
5215.75,34.6,-4.68
5216.0,33.7,-4.7299999999999995
5216.25,32.6,-4.7700000000000005
5216.5,34.0,-5.0
5216.75,36.4,-4.7299999999999995
5217.0,36.3,-4.8999999999999995
5217.25,36.3,-4.78
5217.5,36.900000000000006,-4.66
5217.75,36.9,-4.7
5218.0,37.0,-4.66
5218.25,38.3,-4.17
5218.5,38.8,-4.45
5218.75,38.8,-4.0600000000000005
5219.0,39.7,-4.58
5219.25,39.5,-4.319999999999999
5219.5,41.7,-4.1
5219.75,42.2,-3.8699999999999997
5220.0,40.599999999999994,-4.02
5220.25,41.5,-4.17
5220.5,39.9,-4.19
5220.75,40.2,-4.25
5221.0,39.9,-4.68
5221.25,39.7,-4.5
5221.5,37.3,-4.67
5221.75,38.2,-4.6
5222.0,36.4,-4.83
5222.25,36.3,-4.61
5222.5,38.0,-4.6499999999999995
5222.75,37.300000000000004,-4.55
5223.0,36.8,-4.3
5223.25,38.4,-4.5
5223.5,38.2,-4.43
5223.75,37.8,-4.3
5224.0,38.1,-4.48
5224.25,37.3,-4.59
5224.5,38.6,-4.47
5224.75,35.8,-3.92
5225.0,32.05,-3.79
5225.25,31.54,-3.83
5225.5,31.909999999999997,-3.96
5225.75,32.13,-3.64
5226.0,31.22,-3.67
5226.25,29.540000000000003,-3.8100000000000005
5226.5,29.42,-3.59
5226.75,28.17,-3.7800000000000002
5227.0,24.61,-3.3200000000000003
5227.25,23.82,-3.23
5227.5,23.880000000000003,-3.1199999999999997
5227.75,16.509999999999998,-2.12
5228.0,8.8,-0.545
5228.25,7.66,-0.133
5228.5,6.29,0.06699999999999995
5228.75,5.96,0.295
5229.0,4.506,0.704
5229.25,4.45,0.345
5229.5,4.161,0.347
5229.75,4.117,0.379
5230.0,4.459,0.456
5230.25,4.258,0.247
5230.5,4.337,0.32299999999999995
5230.75,4.427,0.495
5231.0,4.267,0.33799999999999997
5231.25,4.457,0.451
5231.5,4.462,0.436
5231.75,4.413,0.5609999999999999
5232.0,4.170999999999999,0.424
5232.25,4.28,0.40700000000000003
5232.5,4.376,0.471
5232.75,4.344,0.484
5233.0,4.231,0.24370000000000003
5233.25,4.282,0.451
5233.5,4.5840000000000005,0.506
5233.75,4.093999999999999,0.29000000000000004
5234.0,4.197,0.43200000000000005
5234.25,4.443,0.4640000000000001
5234.5,4.647,0.675
5234.75,4.308,0.4
5235.0,4.069,0.391
5235.25,4.284,0.442
5235.5,4.116,0.542
5235.75,4.288,0.374
5236.0,4.315,0.341
5236.25,4.375,0.40599999999999997
5236.5,4.421,0.44000000000000006
5236.75,4.189,0.21499999999999997
5237.0,4.4190000000000005,0.488
5237.25,4.534,0.659
5237.5,4.445,0.44800000000000006
5237.75,3.867,0.31600000000000006
5238.0,3.776,0.19599999999999995
5238.25,3.435,0.5860000000000001
5238.5,3.1279999999999997,0.318
5238.75,11.879999999999999,-1.162
5239.0,31.06,-3.8200000000000003
5239.25,32.3,-4.3
5239.5,36.2,-4.699999999999999
5239.75,34.5,-4.48
5240.0,34.4,-4.33
5240.25,34.099999999999994,-4.76
5240.5,35.7,-4.29
5240.75,38.0,-4.29
5241.0,38.3,-4.2299999999999995
5241.25,37.8,-4.4
5241.5,38.0,-4.4399999999999995
5241.75,39.5,-4.2
5242.0,38.400000000000006,-4.5
5242.25,38.800000000000004,-4.38
5242.5,38.6,-4.32
5242.75,38.4,-4.2700000000000005
5243.0,38.9,-4.23
5243.25,39.599999999999994,-4.300000000000001
5243.5,39.1,-4.56
5243.75,39.7,-4.57
5244.0,38.599999999999994,-4.46
5244.25,39.6,-4.210000000000001
5244.5,39.03,-4.29
5244.75,38.6,-4.41
5245.0,40.6,-4.67
5245.25,41.7,-4.49
5245.5,40.5,-4.38
5245.75,39.8,-4.62
5246.0,39.8,-4.5600000000000005
5246.25,39.099999999999994,-4.449999999999999
5246.5,38.95,-4.5
5246.75,40.0,-4.3999999999999995
5247.0,39.6,-4.56
5247.25,36.9,-4.529999999999999
5247.5,36.3,-4.11
5247.75,36.09,-4.24
5248.0,36.0,-4.42
5248.25,35.300000000000004,-4.37
5248.5,35.4,-4.37
5248.75,34.099999999999994,-4.27
5249.0,34.019999999999996,-4.6000000000000005
5249.25,35.7,-4.489999999999999
5249.5,34.78,-4.6899999999999995
5249.75,34.93,-4.64
5250.0,29.009999999999998,-3.63
5250.25,25.55,-3.1099999999999994
5250.5,27.68,-2.85
5250.75,27.060000000000002,-2.87
5251.0,25.75,-3.17
5251.25,25.97,-2.9699999999999998
5251.5,25.96,-2.73
5251.75,23.849999999999998,-2.54
5252.0,10.46,-0.8470000000000002
5252.25,10.03,-0.946
5252.5,6.6499999999999995,-0.21000000000000002
5252.75,5.34,-0.17275000000000001
5253.0,4.48,0.276
5253.25,5.153,0.569
5253.5,5.026000000000001,0.464
5253.75,5.014,0.43299999999999994
5254.0,4.95,0.33999999999999997
5254.25,5.135,0.595
5254.5,5.097,0.61
5254.75,4.965,0.4505
5255.0,5.02,0.505
5255.25,4.73,0.47
5255.5,4.65,0.42200000000000004
5255.75,4.533,0.393
5256.0,4.72,0.45999999999999996
5256.25,0.0,0.0
5256.5,4.73,0.47
5256.75,4.880000000000001,0.7050000000000001
5257.0,4.8,0.644
5257.25,4.673,0.536
5257.5,4.758,0.571
5257.75,3.0890000000000004,0.396
5258.0,2.867,0.41000000000000003
5258.25,2.741,0.22499999999999995
5258.5,2.804,0.326
5258.75,2.7169999999999996,0.22900000000000004
5259.0,2.753,0.23870000000000002
5259.25,2.7039999999999997,0.191
5259.5,2.859,0.368
5259.75,2.856,0.37529999999999997
5260.0,2.95,0.504
5260.25,3.0380000000000003,0.651
5260.5,2.8729999999999998,0.43200000000000005
5260.75,2.757,0.2690000000000001
5261.0,2.785,0.27440000000000003
5261.25,2.7489999999999997,0.2528
5261.5,2.734,0.19999999999999998
5261.75,2.839,0.2475
5262.0,2.9739999999999998,0.26232999999999995
5262.25,2.867,0.41780000000000006
5262.5,3.185,0.3744
5262.75,7.57,-0.020000000000000018
5263.0,14.79,-1.017
5263.25,22.7,-2.45
5263.5,36.3,-4.27
5263.75,34.3,-4.4399999999999995
5264.0,35.900000000000006,-4.16
5264.25,34.7,-4.3
5264.5,34.4,-4.51
5264.75,34.900000000000006,-4.62
5265.0,36.0,-4.53
5265.25,36.2,-4.800000000000001
5265.5,38.7,-4.38
5265.75,39.7,-4.28
5266.0,41.400000000000006,-4.0
5266.25,41.3,-4.16
5266.5,39.8,-3.98
5266.75,41.0,-3.64
5267.0,39.1,-4.21
5267.25,40.8,-3.9899999999999998
5267.5,41.9,-3.8299999999999996
5267.75,42.0,-3.8099999999999996
5268.0,42.1,-3.66
5268.25,43.0,-3.51
5268.5,42.0,-3.54
5268.75,42.4,-3.47
5269.0,43.0,-3.69
5269.25,41.7,-3.77
5269.5,41.0,-3.9499999999999997
5269.75,43.900000000000006,-3.89
5270.0,47.4,-2.75
5270.25,44.9,-3.52
5270.5,42.9,-4.2
5270.75,44.1,-4.15
5271.0,42.0,-3.96
5271.25,40.7,-4.36
5271.5,39.8,-4.17
5271.75,40.400000000000006,-4.2
5272.0,40.3,-4.01
5272.25,40.5,-3.7
5272.5,41.300000000000004,-3.82
5272.75,37.9,-4.0200000000000005
5273.0,37.5,-4.16
5273.25,38.2,-4.36
5273.5,37.7,-4.5
5273.75,35.5,-4.15
5274.0,27.019999999999996,-2.86
5274.25,21.2,-2.16
5274.5,20.27,-2.22
5274.75,20.25,-2.23
5275.0,20.4,-2.0
5275.25,20.11,-2.24
5275.5,20.060000000000002,-2.27
5275.75,16.779999999999998,-1.8
5276.0,8.64,-0.276
5276.25,7.88,-0.42200000000000004
5276.5,7.549999999999999,-0.0741
5276.75,8.059999999999999,0.06400000000000003
5277.0,6.09,0.244
5277.25,5.6499999999999995,0.2333
5277.5,5.62,0.20600000000000002
5277.75,5.720000000000001,0.3407
5278.0,5.68,0.31729999999999997
5278.25,5.06,0.2
5278.5,4.994,0.3849
5278.75,4.954000000000001,0.31300000000000006
5279.0,4.997,0.362
5279.25,5.051,0.4499
5279.5,5.144,0.569
5279.75,5.035,0.569
5280.0,4.91,0.5509999999999999
5280.25,4.722,0.255
5280.5,4.92,0.469
5280.75,4.698,0.208
5281.0,4.792,0.3306
5281.25,4.738,0.27
5281.5,4.002,0.2985
5281.75,3.235,0.238
5282.0,3.2279999999999998,0.28120000000000006
5282.25,3.168,0.20740000000000003
5282.5,3.3320000000000003,0.452
5282.75,3.0810000000000004,0.16099999999999998
5283.0,3.0909999999999997,0.13499999999999995
5283.25,3.0810000000000004,0.09100000000000003
5283.5,3.135,0.1625
5283.75,3.056,0.09399999999999997
5284.0,3.112,0.14999999999999997
5284.25,3.174,0.2153
5284.5,3.0950000000000006,0.128
5284.75,3.126,0.1615
5285.0,3.192,0.24
5285.25,3.223,0.27349999999999997
5285.5,3.162,0.16560000000000005
5285.75,3.0989999999999998,0.11499999999999999
5286.0,3.133,0.14399999999999996
5286.25,3.3200000000000003,0.34199999999999997
5286.5,3.079,0.16199999999999998
5286.75,4.989999999999999,0.16699999999999998
5287.0,6.45,0.23399999999999999
5287.25,5.84,0.267
5287.5,6.76,-0.0018100000000000338
5287.75,6.88,0.12169999999999997
5288.0,6.259,0.15200000000000002
5288.25,6.45,0.365
5288.5,6.321,0.18400000000000005
5288.75,6.382,0.024999999999999967
5289.0,6.537,0.064
5289.25,6.917,0.19569999999999996
5289.5,6.249,0.18735
5289.75,6.119,0.122
5290.0,6.0809999999999995,0.057999999999999996
5290.25,6.3919999999999995,0.44300000000000006
5290.5,6.357,0.3875
5290.75,6.837000000000001,0.35000000000000003
5291.0,6.804,0.478
5291.25,6.345,0.27099999999999996
5291.5,6.512,0.20650000000000002
5291.75,6.399,0.20699999999999996
5292.0,6.301,0.09299999999999997
5292.25,6.928,0.396
5292.5,6.538,0.339
5292.75,7.050000000000001,0.26799999999999996
5293.0,6.291,0.392
5293.25,5.864,0.44599999999999995
5293.5,6.229,0.21629999999999994
5293.75,6.159,0.201
5294.0,5.516,0.132
5294.25,6.2780000000000005,0.372
5294.5,5.8229999999999995,0.39699999999999996
5294.75,5.721,0.256
5295.0,5.76,0.269
5295.25,4.675,0.11779999999999996
5295.5,3.9879999999999995,-0.00036999999999992594
5295.75,4.161,0.21299999999999997
5296.0,4.0729999999999995,0.1316
5296.25,4.158,0.23599999999999996
5296.5,4.095,0.04122999999999999
5296.75,4.107,0.08409999999999995
5297.0,4.061,0.07
5297.25,3.9939999999999998,-0.051000000000000045
5297.5,3.9769999999999994,-0.08599999999999997
5297.75,4.471,-0.12500000000000006
5298.0,3.62,0.19949999999999998
5298.25,3.5999999999999996,0.24260000000000004
5298.5,3.51,0.08100000000000002
5298.75,3.3129999999999997,0.3402
5299.0,4.419,0.4959999999999999
5299.25,4.079000000000001,0.21699999999999997
5299.5,4.211,0.296
5299.75,4.001,0.134
5300.0,4.1080000000000005,0.2816
5300.25,4.468999999999999,0.07599999999999996
5300.5,4.295,0.07900000000000001
5300.75,4.1450000000000005,0.07200000000000001
5301.0,4.333,0.2528
5301.25,4.077,0.11359999999999998
5301.5,4.126,0.1974
5301.75,4.021,0.0928
5302.0,4.145,0.277
5302.25,3.955,0.03700000000000003
5302.5,4.103,0.12199999999999994
5302.75,3.925,0.08400000000000002
5303.0,4.178,0.298
5303.25,4.02,0.22900000000000004
5303.5,3.999,0.118
5303.75,3.912,0.181
5304.0,4.221,0.38
5304.25,4.1499999999999995,0.23549999999999996
5304.5,4.037,0.22100000000000003
5304.75,4.063,0.19
5305.0,4.131,0.2608
5305.25,4.071,0.21500000000000008
5305.5,3.996,0.13
5305.75,4.044,0.008000000000000007
5306.0,3.994,0.23600000000000004
5306.25,4.079,0.1729
5306.5,3.8599999999999994,-0.004000000000000059
5306.75,4.123,0.1824
5307.0,4.133,0.36
5307.25,4.27,0.35960000000000003
5307.5,4.1259999999999994,0.17670999999999998
5307.75,4.154999999999999,0.125
5308.0,4.153,0.1913
5308.25,4.057,0.19726999999999997
5308.5,3.96,0.067
5308.75,4.183,0.10799999999999998
5309.0,4.152,0.14100000000000001
5309.25,4.239,0.175
5309.5,4.131,0.24309999999999998
5309.75,3.807,0.20199999999999999
5310.0,3.4090000000000003,0.09819999999999995
5310.25,3.1900000000000004,0.30999999999999994
5310.5,0.0,0.0
5310.75,0.0,0.0
5311.0,0.0,0.0
5311.25,0.0,0.0
5311.5,3.18,0.175
5311.75,3.22,0.21300000000000002
5312.0,3.103,0.09400000000000003
5312.25,3.4179999999999997,0.46699999999999997
5312.5,3.246,0.301
5312.75,3.1879999999999997,0.20942
5313.0,3.123,0.3038
5313.25,2.9859999999999998,0.17009999999999997
5313.5,2.92,0.122
5313.75,2.879,0.07
5314.0,2.9400000000000004,0.12099999999999994
5314.25,3.099,0.3489
5314.5,2.8280000000000003,0.01200000000000001
5314.75,3.061,0.13499999999999995
5315.0,2.96,0.15599999999999997
5315.25,3.04,0.396
5315.5,2.8599999999999994,0.18329999999999996
5315.75,2.91,0.24999999999999997
5316.0,3.021,0.36499999999999994
5316.25,3.062,0.4139999999999999
5316.5,2.934,0.27130000000000004
5316.75,2.7960000000000003,0.10299999999999998
5317.0,2.943,0.30700000000000005
5317.25,3.005,0.32730000000000004
5317.5,3.09,0.45
5317.75,3.022,0.40499999999999997
5318.0,2.973,0.3537
5318.25,3.11,0.5
5318.5,3.06,0.444
5318.75,2.7800000000000002,0.07
5319.0,2.81,0.13799999999999996
5319.25,2.8649999999999998,0.14499999999999996
5319.5,3.01,0.30200000000000005
5319.75,2.933,0.263
5320.0,2.8920000000000003,0.16199999999999998
5320.25,2.85,0.135
5320.5,2.9090000000000003,0.14529999999999998
5320.75,2.84,0.07499999999999996
5321.0,2.88,0.154
5321.25,2.983,0.3325
5321.5,3.066,0.39969999999999994
5321.75,2.957,0.23667
5322.0,2.802,0.05499999999999999
5322.25,2.834,0.05499999999999999
5322.5,2.9819999999999998,0.2368
5322.75,2.8840000000000003,0.127
5323.0,2.9699999999999998,0.28
5323.25,2.983,0.14799999999999996
5323.5,3.2,0.42
5323.75,3.0229999999999997,0.297
5324.0,2.99,0.33
5324.25,2.95,0.253
5324.5,3.072,0.4041
5324.75,2.9859999999999998,0.178
5325.0,2.9540000000000006,0.242
5325.25,2.91,0.185
5325.5,3.0410000000000004,0.346
5325.75,2.964,0.21699999999999997
5326.0,2.8670000000000004,0.09100000000000003
5326.25,2.8810000000000002,0.09799999999999998
5326.5,3.081,0.34199999999999997
5326.75,2.9210000000000003,0.191
5327.0,2.976,0.21400000000000002
5327.25,2.885,0.11599999999999999
5327.5,2.9299999999999997,0.17269999999999996
5327.75,2.84,0.08999999999999997
5328.0,2.873,0.09699999999999998
5328.25,2.865,0.122
5328.5,3.0060000000000002,0.29
5328.75,2.8280000000000003,0.09199999999999997
5329.0,3.0,0.27089
5329.25,3.078,0.3364
5329.5,2.993,0.259
5329.75,2.829,0.04099999999999998
5330.0,2.817,0.02100000000000002
5330.25,2.858,0.045999999999999985
5330.5,2.942,0.1621
5330.75,2.8840000000000003,0.14
5331.0,2.869,0.09899999999999998
5331.25,2.927,0.16700000000000004
5331.5,2.89,0.10999999999999999
5331.75,2.98,0.26054
5332.0,3.033,0.3073
5332.25,2.878,0.12
5332.5,2.925,0.1501
5332.75,2.9139999999999997,0.1509
5333.0,2.856,0.07099999999999995
5333.25,2.814,0.02999999999999997
5333.5,2.851,0.044999999999999984
5333.75,2.965,0.09032999999999997
5334.0,2.939,0.21500000000000002
5334.25,2.825,0.08099999999999996
5334.5,2.873,0.15199999999999997
5334.75,5.4399999999999995,0.384
5335.0,14.309999999999999,-0.6285
5335.25,28.58,-2.75
5335.5,43.0,-1.2353
5335.75,44.0,-1.1231399999999998
5336.0,42.400000000000006,-2.1
5336.25,42.9,-1.65269
5336.5,44.7,-1.2400000000000002
5336.75,50.4,-0.9440000000000002
5337.0,50.400000000000006,-2.4299999999999997
5337.25,52.0,-1.4280000000000002
5337.5,52.2,-1.0950000000000002
5337.75,52.8,-1.4269999999999998
5338.0,51.3,-1.6922
5338.25,50.3,-1.6867
5338.5,49.6,-2.63
5338.75,50.699999999999996,-2.028
5339.0,51.599999999999994,-1.705
5339.25,52.400000000000006,-1.7
5339.5,53.5,-2.04
5339.75,51.900000000000006,-1.594
5340.0,52.60000000000001,-1.308
5340.25,50.9,-2.1010000000000004
5340.5,51.400000000000006,-1.377
5340.75,50.599999999999994,-0.9769999999999999
5341.0,50.1,-1.187
5341.25,46.900000000000006,-1.3849999999999998
5341.5,44.0,-2.4880000000000004
5341.75,44.8,-4.18
5342.0,45.7,-3.99
5342.25,45.9,-3.86
5342.5,46.2,-4.01
5342.75,47.400000000000006,-3.8099999999999996
5343.0,47.3,-3.76
5343.25,47.599999999999994,-3.72
5343.5,45.6,-3.84
5343.75,44.400000000000006,-4.17
5344.0,0.0,0.0
5344.25,41.900000000000006,-4.16
5344.5,40.2,-4.18
5344.75,40.0,-4.140000000000001
5345.0,39.9,-4.2700000000000005
5345.25,40.1,-4.22
5345.5,40.3,-4.26
5345.75,41.6,-3.7
5346.0,37.699999999999996,-3.6999999999999997
5346.25,29.450000000000003,-2.1999999999999997
5346.5,24.8,-1.9999999999999998
5346.75,25.51,-2.07
5347.0,24.619999999999997,-1.96
5347.25,23.93,-1.92
5347.5,22.689999999999998,-2.12
5347.75,17.66,-1.337
5348.0,10.99,-0.412
5348.25,9.72,-0.16970000000000002
5348.5,11.1,-0.0020000000000000018
5348.75,9.89,-0.041999999999999926
5349.0,10.84,0.52
5349.25,7.34,0.348
5349.5,7.25,0.30200000000000005
5349.75,7.12,0.15799999999999992
5350.0,7.27,0.33000000000000007
5350.25,7.0,0.32999999999999996
5350.5,6.569999999999999,0.311
5350.75,6.57,0.27799999999999997
5351.0,6.6499999999999995,0.3450000000000001
5351.25,6.75,0.7130000000000001
5351.5,6.63,0.605
5351.75,6.33,0.474
5352.0,6.48,0.6595
5352.25,6.449999999999999,0.59
5352.5,6.289999999999999,0.4620000000000001
5352.75,6.1899999999999995,0.346
5353.0,6.279999999999999,0.47500000000000003
5353.25,6.449999999999999,0.65
5353.5,4.553,0.15700000000000003
5353.75,4.569,0.17999999999999994
5354.0,4.71,0.33899999999999997
5354.25,4.726,0.376
5354.5,4.575,0.245
5354.75,4.542,0.182
5355.0,4.574,0.15199999999999997
5355.25,4.635999999999999,0.26689999999999997
5355.5,4.59,0.27
5355.75,4.399,0.128
5356.0,4.58,0.246
5356.25,4.5649999999999995,0.19999999999999996
5356.5,4.487,0.14700000000000002
5356.75,4.558,0.20600000000000002
5357.0,4.67,0.33599999999999997
5357.25,4.79,0.5219999999999999
5357.5,4.4830000000000005,0.15700000000000003
5357.75,4.6129999999999995,0.3
5358.0,4.513,0.14
5358.25,4.468,0.129
5358.5,4.85,0.09199999999999997
5358.75,25.46,-3.0700000000000003
5359.0,34.89,-3.42
5359.25,38.5,-3.9800000000000004
5359.5,42.9,-4.22
5359.75,39.8,-4.21
5360.0,39.7,-3.9899999999999998
5360.25,40.699999999999996,-4.52
5360.5,41.4,-4.5
5360.75,41.8,-4.569999999999999
5361.0,42.8,-3.94
5361.25,46.8,-4.0200000000000005
5361.5,50.6,-4.2
5361.75,48.199999999999996,-4.08
5362.0,49.699999999999996,-4.08
5362.25,50.4,-3.8400000000000003
5362.5,50.3,-3.3800000000000003
5362.75,50.2,-3.8899999999999997
5363.0,52.9,-3.82
5363.25,50.2,-4.04
5363.5,49.6,-4.03
5363.75,47.400000000000006,-4.13
5364.0,47.3,-4.140000000000001
5364.25,48.8,-3.8
5364.5,49.0,-4.1
5364.75,46.599999999999994,-4.3999999999999995
5365.0,45.1,-4.3500000000000005
5365.25,47.5,-4.27
5365.5,47.599999999999994,-4.51
5365.75,47.0,-4.26
5366.0,47.7,-4.3
5366.25,47.9,-4.04
5366.5,46.4,-3.91
5366.75,46.2,-4.37
5367.0,48.6,-3.94
5367.25,45.900000000000006,-4.25
5367.5,46.1,-4.29
5367.75,47.199999999999996,-4.279999999999999
5368.0,47.2,-4.16
5368.25,46.0,-3.94
5368.5,43.7,-4.26
5368.75,41.7,-4.5
5369.0,44.3,-4.17
5369.25,44.1,-3.8459999999999996
5369.5,43.5,-4.66
5369.75,45.400000000000006,-4.16
5370.0,0.0,0.0
5370.25,0.0,0.0
5370.5,6.369999999999999,0.5569999999999999
5370.75,6.54,0.678
5371.0,0.0,0.0
5371.25,0.0,0.0
5371.5,6.389999999999999,0.9810000000000001
5371.75,6.66,0.815
5372.0,6.800000000000001,0.7000000000000001
5372.25,6.76,0.601
5372.5,6.57,0.668
5372.75,6.48,0.52
5373.0,6.4,0.5232
5373.25,6.51,0.677
5373.5,6.7,0.732
5373.75,6.51,0.5402
5374.0,6.54,0.6054999999999999
5374.25,6.63,0.6579999999999999
5374.5,6.75,0.711
5374.75,6.82,0.8540000000000001
5375.0,6.75,0.861
5375.25,6.85,0.998
5375.5,6.65,0.6940999999999999
5375.75,6.51,0.675
5376.0,6.76,0.802
5376.25,6.37,0.647
5376.5,6.59,0.6169
5376.75,6.66,0.757
5377.0,6.550000000000001,0.8109999999999999
5377.25,6.84,0.9019999999999999
5377.5,6.25,0.678
5377.75,6.74,0.866
5378.0,6.640000000000001,0.9390000000000001
5378.25,6.640000000000001,0.714
5378.5,6.47,0.601
5378.75,6.48,0.663
5379.0,6.66,0.7889999999999999
5379.25,6.15,0.757
5379.5,6.58,0.588
5379.75,6.58,0.6385
5380.0,6.72,0.907
5380.25,6.48,0.649
5380.5,6.64,0.733
5380.75,6.55,0.696
5381.0,6.61,0.669
5381.25,6.609999999999999,0.642
5381.5,6.34,0.637
5381.75,6.109999999999999,0.673
5382.0,5.949999999999999,0.736
5382.25,5.34,0.46680000000000005
5382.5,5.55,0.4878
5382.75,11.92,0.11939999999999998
5383.0,17.3,-0.424
5383.25,19.7,-0.8340000000000001
5383.5,37.4,-2.69
5383.75,42.7,-1.1440000000000001
5384.0,42.7,-0.9759000000000001
5384.25,44.6,-1.012
5384.5,44.900000000000006,-1.0130000000000001
5384.75,48.5,-0.782
5385.0,46.7,-1.4163
5385.25,45.3,-2.02
5385.5,46.3,-1.3504
5385.75,46.7,-0.9960000000000002
5386.0,47.2,-0.9339999999999999
5386.25,48.8,-0.726
5386.5,49.599999999999994,-0.6739999999999999
5386.75,46.9,-2.593
5387.0,47.0,-3.61
5387.25,51.7,-3.18
5387.5,52.099999999999994,-2.73
5387.75,51.8,-3.6799999999999997
5388.0,48.6,-3.5300000000000002
5388.25,48.6,-3.45
5388.5,47.0,-3.7800000000000002
5388.75,48.5,-3.5700000000000003
5389.0,50.199999999999996,-3.11
5389.25,47.0,-3.44
5389.5,48.3,-3.12
5389.75,47.3,-3.12
5390.0,47.300000000000004,-3.1836
5390.25,48.099999999999994,-3.13
5390.5,51.3,-3.097
5390.75,50.099999999999994,-3.2800000000000002
5391.0,47.5,-3.54
5391.25,47.2,-3.53
5391.5,49.0,-3.26
5391.75,51.5,-3.4800000000000004
5392.0,47.7,-3.7900000000000005
5392.25,48.4,-3.4899999999999998
5392.5,44.7,-3.7
5392.75,49.099999999999994,-3.3200000000000003
5393.0,49.1,-3.17
5393.25,48.2,-3.66
5393.5,47.400000000000006,-3.8499999999999996
5393.75,46.6,-3.52
5394.0,47.1,-3.71
5394.25,39.7,-2.33
5394.5,31.240000000000002,-1.125
5394.75,30.529999999999998,-1.1341
5395.0,27.24,-1.56
5395.25,29.17,-1.207
5395.5,26.85,-1.247
5395.75,16.7,-0.30100000000000005
5396.0,12.27,0.4070000000000001
5396.25,12.25,0.6469999999999999
5396.5,12.42,0.5740000000000001
5396.75,9.89,0.5070000000000001
5397.0,3.3520000000000003,0.347
5397.25,3.3129999999999997,0.426
5397.5,3.2119999999999997,0.3606999999999999
5397.75,3.234,0.33940000000000003
5398.0,3.269,0.35300000000000004
5398.25,4.2829999999999995,0.312
5398.5,4.815,0.26759999999999995
5398.75,4.853000000000001,0.35700000000000004
5399.0,4.956,0.5700000000000001
5399.25,4.712,0.2305
5399.5,4.942,0.33499999999999996
5399.75,4.838,0.361
5400.0,4.857,0.43900000000000006
5400.25,4.82,0.398
5400.5,4.652,0.192
5400.75,4.785,0.336
5401.0,4.8260000000000005,0.394
5401.25,3.8209999999999997,0.18000000000000005
5401.5,2.926,0.11399999999999999
5401.75,3.07,0.264
5402.0,2.966,0.07699999999999996
5402.25,2.9730000000000003,0.17800000000000002
5402.5,2.956,0.1527
5402.75,3.072,0.30200000000000005
5403.0,3.0380000000000003,0.2274
5403.25,3.019,0.12900000000000006
5403.5,3.0140000000000002,0.2
5403.75,2.949,0.124
5404.0,2.905,0.06630000000000003
5404.25,2.989,0.188
5404.5,2.963,0.14900000000000002
5404.75,2.9219999999999997,0.09290000000000004
5405.0,3.003,0.171
5405.25,3.144,0.4
5405.5,3.147,0.42500000000000004
5405.75,3.004,0.23190000000000005
5406.0,2.9739999999999998,0.12630000000000002
5406.25,3.014,0.238
5406.5,2.999,0.2042
5406.75,7.949999999999999,-0.251
5407.0,15.15,-0.9209999999999999
5407.25,25.9,-2.9099999999999997
5407.5,36.5,-4.3
5407.75,39.0,-4.2
5408.0,41.5,-4.2
5408.25,41.1,-3.97
5408.5,43.800000000000004,-3.8600000000000003
5408.75,47.5,-3.98
5409.0,49.2,-3.94
5409.25,49.5,-3.94
5409.5,49.3,-3.94
5409.75,49.8,-3.9699999999999998
5410.0,48.8,-3.94
5410.25,46.5,-4.02
5410.5,47.4,-4.02
5410.75,50.2,-3.8400000000000003
5411.0,50.400000000000006,-3.3499999999999996
5411.25,49.8,-3.6
5411.5,50.8,-3.83
5411.75,48.0,-3.8800000000000003
5412.0,46.6,-3.91
5412.25,47.3,-3.7800000000000002
5412.5,47.300000000000004,-3.6700000000000004
5412.75,47.4,-3.61
5413.0,48.3,-3.79
5413.25,48.6,-3.89
5413.5,49.2,-3.7699999999999996
5413.75,51.0,-4.11
5414.0,50.199999999999996,-4.0
5414.25,48.5,-3.9299999999999997
5414.5,50.900000000000006,-3.86
5414.75,51.1,-3.8400000000000003
5415.0,49.9,-3.4400000000000004
5415.25,48.9,-3.88
5415.5,48.5,-3.8099999999999996
5415.75,49.7,-3.8699999999999997
5416.0,48.5,-4.09
5416.25,47.3,-3.7600000000000002
5416.5,47.900000000000006,-3.5500000000000003
5416.75,48.599999999999994,-3.93
5417.0,45.400000000000006,-4.58
5417.25,45.400000000000006,-4.13
5417.5,44.3,-3.8600000000000003
5417.75,42.8,-4.15
5418.0,40.8,-4.3
5418.25,39.800000000000004,-3.8
5418.5,33.599999999999994,-3.73
5418.75,33.2,-3.5100000000000002
5419.0,33.2,-3.3999999999999995
5419.25,33.2,-3.4399999999999995
5419.5,32.9,-3.5900000000000003
5419.75,17.38,-1.1540000000000001
5420.0,10.39,-0.0040000000000000036
5420.25,10.67,0.10699999999999998
5420.5,10.06,-0.0040000000000000036
5420.75,10.829999999999998,0.09000000000000002
5421.0,8.7,0.4354
5421.25,8.4,0.314
5421.5,7.66,0.32099999999999995
5421.75,6.21,0.43
5422.0,6.138,0.46629999999999994
5422.25,6.054,0.382
5422.5,5.9,0.178
5422.75,6.0600000000000005,0.32499999999999996
5423.0,5.894,0.15299999999999997
5423.25,5.9879999999999995,0.31500000000000006
5423.5,5.771,0.07900000000000001
5423.75,5.976999999999999,0.33199999999999996
5424.0,5.778,0.138
5424.25,6.041,0.33099999999999996
5424.5,6.232,0.34400000000000003
5424.75,5.9959999999999996,0.32256999999999997
5425.0,5.941,0.33699999999999997
5425.25,5.867999999999999,0.238
5425.5,5.881,0.23399999999999999
5425.75,5.873,0.23299999999999998
5426.0,5.823,0.09299999999999997
5426.25,5.761,0.13999999999999996
5426.5,5.959999999999999,0.33699999999999997
5426.75,5.8,0.211
5427.0,6.0,0.39999999999999997
5427.25,5.848000000000001,0.244
5427.5,5.937,0.3023
5427.75,5.826,0.238
5428.0,5.816,0.16200000000000003
5428.25,5.736,0.13
5428.5,5.88,0.264
5428.75,5.8069999999999995,0.20299999999999996
5429.0,5.82,0.20400000000000001
5429.25,5.686999999999999,0.010000000000000009
5429.5,5.84,0.15200000000000002
5429.75,5.537,0.08299999999999996
5430.0,3.436,-0.07
5430.25,3.224,0.16799999999999998
5430.5,3.041,0.329
5430.75,2.8300000000000005,0.0010000000000000009
5431.0,2.8529999999999998,0.044999999999999984
5431.25,2.7640000000000002,-0.029000000000000026
5431.5,2.9459999999999997,0.196
5431.75,2.884,0.14600000000000002
5432.0,2.81,0.013999999999999957
5432.25,2.878,0.10200000000000004
5432.5,2.9939999999999998,0.2465
5432.75,2.961,0.259
5433.0,2.915,0.132
5433.25,2.832,0.05300000000000005
5433.5,2.913,0.09199999999999997
5433.75,2.8009999999999997,-0.02400000000000002
5434.0,2.848,0.04199999999999998
5434.25,2.77,-0.07
5434.5,2.974,0.18799999999999994
5434.75,2.7560000000000002,-0.06499999999999995
5435.0,2.8200000000000003,-0.05900000000000005
5435.25,2.79,-0.09200000000000003
5435.5,3.05,0.275
5435.75,2.908,0.16749999999999998
5436.0,2.866,0.10999999999999999
5436.25,2.8259999999999996,0.006000000000000005
5436.5,2.978,0.17469999999999997
5436.75,2.86,-0.06
5437.0,2.87,-0.016000000000000014
5437.25,2.903,0.09399999999999997
5437.5,3.02,0.24370000000000003
5437.75,2.87,0.09999999999999998
5438.0,2.975,0.135
5438.25,2.885,0.134
5438.5,3.21,0.495
5438.75,2.9259999999999997,0.19
5439.0,2.813,0.046999999999999986
5439.25,2.7449999999999997,-0.04999999999999999
5439.5,2.96,0.16309999999999997
5439.75,2.832,0.02999999999999997
5440.0,2.79,0.008000000000000007
5440.25,2.798,-0.032999999999999974
5440.5,2.95,0.14750000000000002
5440.75,2.9030000000000005,0.07900000000000001
5441.0,2.9070000000000005,0.13
5441.25,2.9859999999999998,0.242
5441.5,3.053,0.35
5441.75,2.91,0.12700000000000006
5442.0,2.776,-0.066
5442.25,2.81,-0.10699999999999998
5442.5,3.0749999999999997,0.15369999999999995
5442.75,2.9770000000000003,0.063
5443.0,3.077,0.16999999999999998
5443.25,4.419,0.194
5443.5,4.726,0.257
5443.75,4.759,0.31900000000000006
5444.0,4.8500000000000005,0.42200000000000004
5444.25,4.806,0.3274
5444.5,4.960000000000001,0.4894
5444.75,4.825,0.30600000000000005
5445.0,4.848000000000001,0.354
5445.25,4.8389999999999995,0.22599999999999998
5445.5,5.1659999999999995,0.32999999999999996
5445.75,0.0,0.0
5446.0,4.563000000000001,0.07800000000000001
5446.25,4.6000000000000005,0.08400000000000002
5446.5,4.78,0.3087
5446.75,4.735,0.373
5447.0,4.680000000000001,0.31010000000000004
5447.25,4.67,0.258
5447.5,4.745,0.27099999999999996
5447.75,4.603,0.009000000000000008
5448.0,4.619,0.012999999999999956
5448.25,4.612,0.04799999999999999
5448.5,4.84,0.262
5448.75,4.635,0.067
5449.0,4.640000000000001,0.05700000000000005
5449.25,4.149,0.15749999999999997
5449.5,2.995,0.09000000000000002
5449.75,2.92,0.10569999999999996
5450.0,2.933,0.14200000000000007
5450.25,2.893,0.08900000000000002
5450.5,2.8129999999999997,-0.033999999999999975
5450.75,2.857,0.006999999999999951
5451.0,2.779,-0.062000000000000055
5451.25,2.758,-0.10699999999999998
5451.5,3.0220000000000002,0.11840000000000006
5451.75,2.738,-0.11399999999999999
5452.0,2.941,0.11399999999999999
5452.25,2.913,0.09770000000000006
5452.5,2.88,0.05830000000000002
5452.75,2.822,0.004999999999999949
5453.0,2.77,-0.09800000000000003
5453.25,2.801,-0.14600000000000002
5453.5,3.03,0.15899999999999997
5453.75,2.798,-0.06000000000000005
5454.0,2.8230000000000004,0.07400000000000001
5454.25,2.85,0.13000000000000006
5454.5,2.8040000000000003,0.069
5454.75,2.717,-0.04299999999999998
5455.0,2.7439999999999998,-0.0040000000000000036
5455.25,2.783,0.033667
5455.5,2.923,0.22999999999999998
5455.75,2.6069999999999998,-0.15699999999999997
5456.0,2.681,-0.065
5456.25,2.718,-5.551115123125783e-17
5456.5,2.9370000000000003,0.27
5456.75,2.615,-0.11399999999999999
5457.0,2.646,-0.062000000000000055
5457.25,2.66,-0.04999999999999993
5457.5,2.847,0.1421
5457.75,2.787,0.09899999999999998
5458.0,2.784,0.15600000000000003
5458.25,2.8230000000000004,0.16799999999999998
5458.5,2.929,0.26
5458.75,2.6020000000000003,-0.10999999999999999
5459.0,2.691,-0.0050000000000000044
5459.25,2.632,-0.07199999999999995
5459.5,2.912,0.23940000000000006
5459.75,2.714,0.00599999999999995
5460.0,2.746,0.09700000000000009
5460.25,2.7520000000000002,0.08000000000000002
5460.5,2.782,0.09800000000000003
5460.75,2.803,0.10799999999999998
5461.0,2.751,0.1109
5461.25,2.7060000000000004,0.05499999999999999
5461.5,2.8449999999999998,0.137
5461.75,2.823,0.03899999999999998
5462.0,2.756,0.02200000000000002
5462.25,2.767,0.03699999999999998
5462.5,2.903,0.14299999999999996
5462.75,2.752,0.045999999999999985
5463.0,2.722,-0.02100000000000002
5463.25,2.77,0.07600000000000001
5463.5,2.907,0.20400000000000001
5463.75,2.705,-0.014999999999999958
5464.0,2.83,0.13957000000000003
5464.25,2.754,0.07299999999999995
5464.5,2.755,0.065
5464.75,2.685,0.0
5465.0,2.6870000000000003,0.004999999999999949
5465.25,2.818,0.14400000000000002
5465.5,2.827,0.17739999999999997
5465.75,2.684,0.009000000000000008
5466.0,2.7439999999999998,0.062
5466.25,3.024,0.30699999999999994
5466.5,2.871,0.14439999999999997
5466.75,2.7889999999999997,0.07745000000000002
5467.0,2.688,-0.04999999999999993
5467.25,2.9349999999999996,0.18000000000000002
5467.5,2.726,-0.028000000000000025
5467.75,2.738,0.009999999999999953
5468.0,2.702,-0.023999999999999966
5468.25,2.83,0.12999999999999995
5468.5,2.749,-0.007000000000000006
5468.75,2.674,-0.08600000000000002
5469.0,2.766,0.043999999999999984
5469.25,2.834,0.09029999999999994
5469.5,2.915,0.1983
5469.75,2.866,0.18399999999999994
5470.0,2.795,0.09500000000000003
5470.25,2.807,0.0479
5470.5,2.755,0.02200000000000002
5470.75,2.768,0.02400000000000002
5471.0,2.717,-0.10299999999999998
5471.25,2.927,0.10120000000000007
5471.5,2.7439999999999998,-0.025999999999999968
5471.75,2.801,0.04899999999999999
5472.0,2.8,0.054713999999999985
5472.25,2.8729999999999998,0.15860000000000002
5472.5,2.738,0.02400000000000002
5472.75,2.894,0.20239999999999997
5473.0,2.815,0.041000000000000036
5473.25,2.9160000000000004,0.16323
5473.5,2.676,-0.059
5473.75,2.683,-0.065
5474.0,2.831,0.06400000000000006
5474.25,3.0,0.25229999999999997
5474.5,2.735,-0.027000000000000024
5474.75,2.935,0.2763
5475.0,2.944,0.253
5475.25,3.0359999999999996,0.318
5475.5,2.8320000000000003,0.1773
5475.75,2.72,0.027000000000000024
5476.0,2.757,0.045999999999999985
5476.25,2.974,0.279
5476.5,2.689,-0.03799999999999998
5476.75,2.76,0.08400000000000002
5477.0,2.735,0.04200000000000004
5477.25,2.92,0.24070000000000003
5477.5,2.753,0.04799999999999999
5477.75,2.766,0.07400000000000001
5478.0,2.9029999999999996,0.19619999999999999
5478.25,3.017,0.40900000000000003
5478.5,2.899,0.2515
5478.75,2.854,0.198
5479.0,2.659,-0.04299999999999998
5479.25,2.829,0.14300000000000002
5479.5,2.822,0.14229999999999998
5479.75,2.69,0.011999999999999955
5480.0,2.636,-0.07200000000000001
5480.25,2.989,0.24420000000000003
5480.5,2.8240000000000003,0.16299999999999998
5480.75,2.92,0.30300000000000005
5481.0,2.7439999999999998,0.10099999999999992
5481.25,2.86,0.20999999999999996
5481.5,2.745,0.07300000000000001
5481.75,2.699,-0.006000000000000061
5482.0,2.7430000000000003,0.09199999999999997
5482.25,2.8360000000000003,0.16150000000000003
5482.5,2.633,-0.04899999999999999
5482.75,2.782,0.11199999999999999
5483.0,2.737,0.07500000000000001
5483.25,2.855,0.16770000000000002
5483.5,2.738,0.047599999999999976
5483.75,2.786,0.132
5484.0,2.87,0.16110000000000002
5484.25,2.8459999999999996,0.16999999999999998
5484.5,2.672,-0.01699999999999996
5484.75,2.718,0.027000000000000024
5485.0,2.74,0.020999999999999963
5485.25,2.785,0.07899999999999996
5485.5,2.7680000000000002,0.10699999999999998
5485.75,2.6580000000000004,-0.050000000000000044
5486.0,2.863,0.1823
5486.25,2.8869999999999996,0.2117
5486.5,2.887,0.153
5486.75,2.808,0.08341000000000004
5487.0,2.867,0.23119999999999996
5487.25,2.867,0.21199999999999997
5487.5,2.815,0.15600000000000003
5487.75,2.733,0.04300000000000004
5488.0,2.811,0.11170000000000002
5488.25,2.896,0.19290000000000002
5488.5,2.614,-0.12
5488.75,2.713,-0.017000000000000015
5489.0,2.867,0.0403
5489.25,2.9479999999999995,0.131
5489.5,2.847,0.194
5489.75,2.784,0.11499999999999999
5490.0,2.816,0.11579999999999999
5490.25,2.753,-0.0050000000000000044
5490.5,3.138,0.007999999999999952
5490.75,0.0,0.0
5491.0,4.788,0.184
5491.25,4.693,0.07400000000000001
5491.5,4.797000000000001,0.21700000000000003
5491.75,4.655,0.15500000000000003
5492.0,4.8629999999999995,0.403
5492.25,4.713,0.254
5492.5,4.788,0.3267
5492.75,4.676,0.22480000000000003
5493.0,4.776,0.32145999999999997
5493.25,4.687,0.185
5493.5,5.218,0.32799999999999996
5493.75,4.7620000000000005,0.217
5494.0,4.882,0.532
5494.25,4.596,0.15199999999999997
5494.5,4.6659999999999995,0.22399999999999998
5494.75,4.775,0.30500000000000005
5495.0,4.798,0.1995
5495.25,4.891,0.3173
5495.5,4.747,0.21400000000000002
5495.75,4.8229999999999995,0.25739999999999996
5496.0,4.735,0.20899999999999996
5496.25,4.663,0.137
5496.5,4.678,0.15400000000000003
5496.75,4.680999999999999,0.14499999999999996
5497.0,4.753,0.241
5497.25,4.7330000000000005,0.28600000000000003
5497.5,4.603,0.15100000000000002
5497.75,3.6950000000000003,0.32799999999999996
5498.0,2.9799999999999995,0.21199999999999997
5498.25,2.833,0.059
5498.5,2.7990000000000004,0.006000000000000005
5498.75,2.8979999999999997,0.07300000000000001
5499.0,3.0010000000000003,0.11499999999999999
5499.25,2.9139999999999997,0.16699999999999998
5499.5,2.8709999999999996,0.09699999999999998
5499.75,2.967,0.19358000000000003
5500.0,2.827,0.007000000000000006
5500.25,2.79,-0.02200000000000002
5500.5,2.8449999999999998,0.062
5500.75,2.915,0.1281
5501.0,2.9280000000000004,0.1647
5501.25,2.9520000000000004,0.2062
5501.5,2.793,0.006999999999999951
5501.75,3.024,0.19999999999999996
5502.0,2.7809999999999997,-0.021999999999999964
5502.25,2.739,-0.09899999999999998
5502.5,2.8209999999999997,0.10999999999999999
5502.75,3.7239999999999998,-0.12400000000000005
5503.0,8.049999999999999,-0.7530000000000001
5503.25,18.6,-2.16
5503.5,32.53,-3.98
5503.75,32.22,-3.89
5504.0,31.9,-4.1899999999999995
5504.25,33.22,-4.32
5504.5,35.0,-4.2
5504.75,38.5,-4.4
5505.0,40.4,-2.92
5505.25,43.800000000000004,-1.6173000000000002
5505.5,42.2,-1.83
5505.75,44.0,-2.53
5506.0,40.1,-4.79
5506.25,39.5,-4.36
5506.5,39.4,-4.43
5506.75,42.7,-3.59
5507.0,42.1,-4.16
5507.25,44.7,-4.26
5507.5,44.9,-4.3
5507.75,46.0,-4.12
5508.0,45.1,-3.5700000000000003
5508.25,46.099999999999994,-2.94
5508.5,44.8,-3.1
5508.75,43.0,-3.4699999999999998
5509.0,41.0,-3.7
5509.25,42.199999999999996,-3.91
5509.5,41.900000000000006,-4.1
5509.75,41.5,-4.04
5510.0,43.099999999999994,-3.8600000000000003
5510.25,42.6,-2.11
5510.5,43.2,-1.7799999999999998
5510.75,43.199999999999996,-1.334
5511.0,41.4,-1.6199999999999999
5511.25,44.0,-1.0559999999999998
5511.5,44.5,-2.12
5511.75,43.0,-3.75
5512.0,43.1,-3.5300000000000002
5512.25,40.4,-3.62
5512.5,39.6,-3.7199999999999998
5512.75,36.5,-3.46
5513.0,37.7,-3.06
5513.25,38.8,-3.9099999999999997
5513.5,39.9,-3.74
5513.75,39.1,-3.8600000000000003
5514.0,38.3,-3.9000000000000004
5514.25,40.0,-3.74
5514.5,36.51,-3.48
5514.75,33.08,-3.54
5515.0,31.21,-3.42
5515.25,29.880000000000003,-3.0100000000000002
5515.5,29.439999999999998,-3.08
5515.75,21.96,-1.84
5516.0,12.65,-0.2495
5516.25,10.66,-0.30510000000000004
5516.5,7.13,-0.407
5516.75,6.1499999999999995,-0.32800000000000007
5517.0,4.91,0.027000000000000024
5517.25,5.19,0.30899999999999994
5517.5,4.83,0.07300000000000001
5517.75,4.83,0.15899999999999997
5518.0,4.779999999999999,0.1704
5518.25,4.78,0.205
5518.5,4.68,0.0746
5518.75,4.74,0.09299999999999997
5519.0,3.9050000000000002,0.41900000000000004
5519.25,3.53,0.22333000000000003
5519.5,3.6310000000000002,0.13239999999999996
5519.75,3.546,0.11659999999999998
5520.0,3.614,0.16700000000000004
5520.25,3.852,0.335
5520.5,3.617,0.17132999999999998
5520.75,3.811,0.47400000000000003
5521.0,3.69,0.34700000000000003
5521.25,3.528,0.257
5521.5,3.67,0.317
5521.75,3.834,0.344
5522.0,3.7459999999999996,0.241
5522.25,3.5700000000000003,0.13299999999999995
5522.5,3.592,0.22600000000000003
5522.75,3.681,0.34199999999999997
5523.0,3.519,0.126
5523.25,3.634,0.1365
5523.5,3.96,0.386
5523.75,4.0120000000000005,0.397
5524.0,4.002000000000001,0.485
5524.25,3.701,0.39299999999999996
5524.5,3.918,0.525
5524.75,3.7409999999999997,0.2767
5525.0,3.6770000000000005,0.28800000000000003
5525.25,3.777,0.30499999999999994
5525.5,3.408,0.313
5525.75,3.3,0.14412000000000008
5526.0,3.23,0.14830999999999994
5526.25,3.016,0.061
5526.5,3.317,0.41900000000000004
5526.75,6.09,-0.06550000000000006
5527.0,12.97,-1.078
5527.25,24.31,-3.18
5527.5,37.9,-4.9
5527.75,39.4,-4.76
5528.0,38.3,-5.1
5528.25,38.4,-4.71
5528.5,37.8,-4.74
5528.75,38.400000000000006,-4.89
5529.0,38.0,-4.8100000000000005
5529.25,41.4,-4.71
5529.5,41.3,-4.68
5529.75,42.800000000000004,-4.28
5530.0,40.8,-4.28
5530.25,40.2,-4.4
5530.5,41.2,-4.3
5530.75,40.9,-4.44
5531.0,45.199999999999996,-3.97
5531.25,45.5,-4.14
5531.5,44.900000000000006,-4.15
5531.75,44.0,-4.21
5532.0,44.7,-3.7
5532.25,45.0,-4.07
5532.5,45.5,-3.95
5532.75,43.4,-4.05
5533.0,45.0,-4.4
5533.25,45.0,-4.08
5533.5,44.3,-4.2
5533.75,43.099999999999994,-4.5
5534.0,44.0,-4.52
5534.25,41.599999999999994,-4.38
5534.5,42.0,-4.82
5534.75,42.5,-4.88
5535.0,44.300000000000004,-4.43
5535.25,44.8,-4.21
5535.5,42.7,-4.03
5535.75,46.199999999999996,-3.649
5536.0,46.6,-3.7110000000000003
5536.25,45.8,-3.61
5536.5,44.9,-3.6790000000000003
5536.75,45.3,-3.64
5537.0,45.2,-3.6269
5537.25,43.5,-3.261
5537.5,42.6,-3.7056000000000004
5537.75,41.2,-4.011
5538.0,37.5,-2.989
5538.25,36.58,-2.52
5538.5,29.630000000000003,-2.299
5538.75,28.61,-1.7349999999999999
5539.0,26.22,-1.7120000000000002
5539.25,25.45,-2.142
5539.5,26.310000000000002,-2.2929999999999997
5539.75,19.15,-0.8970000000000001
5540.0,13.719999999999999,-0.927
5540.25,11.81,-0.695
5540.5,10.15,0.5990000000000001
5540.75,11.39,0.39
5541.0,4.34,-0.15799999999999997
5541.25,3.857,0.026000000000000023
5541.5,3.546,0.16499999999999998
5541.75,4.94,0.10966999999999999
5542.0,3.573,0.03500000000000003
5542.25,4.039000000000001,0.11159999999999998
5542.5,4.9590000000000005,0.3319
5542.75,5.144,-0.08800000000000008
5543.0,6.271,0.05399999999999994
5543.25,5.898,0.2385
5543.5,4.7059999999999995,0.10199999999999998
5543.75,4.731999999999999,0.14200000000000002
5544.0,4.922000000000001,0.057999999999999996
5544.25,6.489,0.363
5544.5,6.6240000000000006,0.4585
5544.75,5.962,0.2383
5545.0,4.8069999999999995,0.175
5545.25,3.131,0.0403
5545.5,2.6870000000000003,-0.16500000000000004
5545.75,4.613,0.20399999999999996
5546.0,4.017,0.029000000000000026
5546.25,4.24,-0.05399999999999999
5546.5,4.061,-0.0030000000000000027
5546.75,2.734,-0.125
5547.0,2.98,0.16210000000000002
5547.25,2.807,-0.14300000000000007
5547.5,4.702,0.12300000000000005
5547.75,4.254,0.20290000000000008
5548.0,3.004,0.20400000000000001
5548.25,2.8810000000000002,0.13367
5548.5,2.705,-0.11400000000000005
5548.75,3.929,0.07750000000000001
5549.0,4.153,0.20950000000000002
5549.25,3.93,-0.04200000000000004
5549.5,2.798,-0.02400000000000002
5549.75,2.764,-0.09199999999999997
5550.0,2.8310000000000004,-0.07299999999999995
5550.25,3.553,0.05299999999999999
5550.5,4.468,0.044999999999999984
5550.75,7.6,-0.40669999999999995
5551.0,11.950000000000001,-1.0718999999999999
5551.25,19.13,-1.98
5551.5,34.7,-4.33
5551.75,34.7,-4.36
5552.0,34.7,-4.51
5552.25,32.7,-4.7
5552.5,32.33,-4.52
5552.75,34.400000000000006,-4.37
5553.0,34.5,-4.64
5553.25,33.9,-4.66
5553.5,34.5,-4.529999999999999
5553.75,36.099999999999994,-4.51
5554.0,38.3,-4.5
5554.25,41.099999999999994,-3.8099999999999996
5554.5,40.5,-3.83
5554.75,41.2,-3.61
5555.0,42.9,-3.67
5555.25,42.2,-3.83
5555.5,43.5,-3.81
5555.75,44.0,-3.84
5556.0,46.9,-3.4200000000000004
5556.25,47.400000000000006,-3.4400000000000004
5556.5,45.8,-3.51
5556.75,44.4,-3.65
5557.0,44.4,-3.3200000000000003
5557.25,44.0,-3.29
5557.5,42.4,-3.7199999999999998
5557.75,41.5,-3.4699999999999998
5558.0,43.4,-3.54
5558.25,43.2,-3.71
5558.5,45.4,-3.57
5558.75,44.5,-3.79
5559.0,46.0,-3.93
5559.25,43.5,-3.77
5559.5,43.6,-3.65
5559.75,43.0,-3.66
5560.0,45.5,-3.6
5560.25,45.8,-3.18
5560.5,44.8,-3.48
5560.75,45.8,-3.74
5561.0,42.9,-3.3099999999999996
5561.25,43.5,-3.58
5561.5,43.7,-3.79
5561.75,43.3,-3.9000000000000004
5562.0,40.1,-3.99
5562.25,37.7,-3.5500000000000003
5562.5,34.3,-3.3
5562.75,33.97,-3.2100000000000004
5563.0,33.260000000000005,-3.21
5563.25,33.089999999999996,-3.06
5563.5,32.14,-2.84
5563.75,31.259999999999998,-2.59
5564.0,16.68,-0.23200000000000004
5564.25,13.79,0.601
5564.5,11.92,0.5499999999999999
5564.75,11.45,0.46399999999999997
5565.0,5.23,0.2815
5565.25,4.092,0.414
5565.5,4.007000000000001,0.28800000000000003
5565.75,3.854,0.1745
5566.0,3.6879999999999997,0.20700000000000002
5566.25,4.029,0.354
5566.5,3.8689999999999998,0.23660000000000003
5566.75,3.63,0.15499999999999997
5567.0,3.653,0.129
5567.25,3.875,0.304
5567.5,3.663,0.13209999999999994
5567.75,3.3009999999999997,0.059
5568.0,3.4739999999999993,0.1588
5568.25,3.315,0.31999999999999995
5568.5,3.234,0.24429999999999996
5568.75,3.51,0.33599999999999997
5569.0,3.527,0.31999999999999995
5569.25,3.188,0.08415
5569.5,3.4539999999999997,0.16899999999999998
5569.75,3.3659999999999997,0.14600000000000002
5570.0,3.595,0.406
5570.25,3.4080000000000004,0.269
5570.5,3.6660000000000004,0.22525
5570.75,3.371,0.33840000000000003
5571.0,3.4730000000000003,0.392
5571.25,3.671,0.3189
5571.5,3.2649999999999997,0.18899999999999997
5571.75,3.5829999999999997,0.28350000000000003
5572.0,0.0,0.0
5572.25,3.68,0.030000000000000027
5572.5,0.0,0.0
5572.75,0.0,0.0
5573.0,0.0,0.0
5573.25,3.6900000000000004,0.15999999999999998
5573.5,3.56,0.17500000000000004
5573.75,3.225,0.36500000000000005
5574.0,3.135,0.24000000000000005
5574.25,2.885,0.27499999999999997
5574.5,2.933,0.333
5574.75,3.5999999999999996,0.153
5575.0,10.49,-1.27
5575.25,0.0,0.0
5575.5,0.0,0.0
5575.75,31.900000000000002,-4.58
5576.0,31.869999999999997,-4.72
5576.25,32.67,-4.61
5576.5,33.19,-4.6
5576.75,34.7,-4.56
5577.0,35.7,-4.72
5577.25,35.800000000000004,-4.64
5577.5,37.2,-4.51
5577.75,37.8,-4.68
5578.0,36.7,-4.82
5578.25,36.8,-4.61
5578.5,36.2,-4.52
5578.75,34.5,-4.88
5579.0,34.9,-5.0
5579.25,37.3,-4.45
5579.5,37.199999999999996,-4.35
5579.75,37.3,-4.48
5580.0,37.2,-4.49
5580.25,38.0,-4.49
5580.5,37.9,-4.58
5580.75,37.099999999999994,-4.56
5581.0,36.7,-4.28
5581.25,36.3,-4.32
5581.5,36.25,-4.66
5581.75,36.55,-4.6499999999999995
5582.0,37.5,-4.51
5582.25,36.7,-4.8100000000000005
5582.5,36.9,-4.86
5582.75,35.4,-4.91
5583.0,35.2,-4.82
5583.25,37.0,-4.75
5583.5,35.8,-4.989999999999999
5583.75,35.7,-5.27
5584.0,35.8,-5.18
5584.25,35.1,-4.87
5584.5,35.0,-4.99
5584.75,36.1,-5.2
5585.0,37.3,-4.71
5585.25,34.58,-4.89
5585.5,34.330000000000005,-4.8
5585.75,35.830000000000005,-4.31
5586.0,35.55,-4.43
5586.25,29.04,-3.17
5586.5,25.64,-3.17
5586.75,24.849999999999998,-3.0700000000000003
5587.0,24.71,-3.0700000000000003
5587.25,24.32,-2.93
5587.5,24.529999999999998,-2.71
5587.75,24.3,-2.8999999999999995
5588.0,10.28,-0.6380000000000001
5588.25,6.77,-0.10499999999999993
5588.5,5.5,-0.12379999999999997
5588.75,5.01,-0.08150000000000002
5589.0,3.521,0.23209999999999997
5589.25,3.27,0.41100000000000003
5589.5,3.104,0.10700000000000004
5589.75,3.0949999999999998,0.14799999999999996
5590.0,3.2910000000000004,0.407
5590.25,3.421,0.33510000000000006
5590.5,4.794,0.351
5590.75,4.801,0.333
5591.0,5.022,0.628
5591.25,5.002,0.615
5591.5,4.735,0.3653
5591.75,4.7669999999999995,0.406
5592.0,4.92,0.582
5592.25,4.743,0.4103
5592.5,4.63,0.27
5592.75,4.662,0.28650000000000003
5593.0,3.738,0.28600000000000003
5593.25,2.83,0.2007
5593.5,2.888,0.275
5593.75,2.898,0.2849
5594.0,2.939,0.373
5594.25,3.0140000000000002,0.4298
5594.5,2.838,0.21250000000000002
5594.75,3.02,0.31799999999999995
5595.0,2.87,0.15199999999999997
5595.25,2.8369999999999997,0.17099999999999999
5595.5,2.8819999999999997,0.22600000000000003
5595.75,3.038,0.39199999999999996
5596.0,2.813,0.14699999999999996
5596.25,2.732,0.04199999999999998
5596.5,2.8280000000000003,0.15300000000000002
5596.75,2.96,0.2273
5597.0,2.833,0.18399999999999997
5597.25,2.953,0.3422
5597.5,2.9939999999999998,0.369
5597.75,3.013,0.42800000000000005
5598.0,2.9539999999999997,0.355
5598.25,2.6929999999999996,0.08200000000000002
5598.5,2.97,0.419
5598.75,7.27,-0.481
5599.0,12.21,-0.8899999999999999
5599.25,14.610000000000001,-1.4900000000000002
5599.5,31.29,-3.83
5599.75,33.8,-4.25
5600.0,35.0,-4.16
5600.25,35.3,-4.32
5600.5,35.16,-4.41
5600.75,36.1,-4.61
5601.0,35.2,-4.76
5601.25,36.0,-4.27
5601.5,39.8,-4.1499999999999995
5601.75,36.400000000000006,-4.28
5602.0,37.3,-4.3
5602.25,37.0,-4.1000000000000005
5602.5,37.0,-4.25
5602.75,36.900000000000006,-4.26
5603.0,35.2,-4.2
5603.25,35.900000000000006,-4.0
5603.5,35.8,-4.32
5603.75,35.2,-4.2
5604.0,34.2,-4.19
5604.25,37.5,-4.03
5604.5,37.44,-4.03
5604.75,38.379999999999995,-3.92
5605.0,38.4,-3.87
5605.25,33.010000000000005,-4.25
5605.5,33.6,-4.47
5605.75,33.800000000000004,-4.3999999999999995
5606.0,34.8,-4.5
5606.25,33.5,-4.19
5606.5,33.900000000000006,-4.1
5606.75,33.6,-4.29
5607.0,33.5,-4.43
5607.25,34.7,-4.5
5607.5,33.4,-4.41
5607.75,35.9,-4.1899999999999995
5608.0,35.349999999999994,-4.39
5608.25,39.2,-3.92
5608.5,39.400000000000006,-3.7600000000000002
5608.75,32.86,-4.2
5609.0,32.55,-4.26
5609.25,32.510000000000005,-4.01
5609.5,33.37,-4.12
5609.75,35.989999999999995,-3.71
5610.0,26.83,-3.5
5610.25,27.699999999999996,-3.14
5610.5,25.15,-3.41
5610.75,24.939999999999998,-3.55
5611.0,24.939999999999998,-3.1
5611.25,25.869999999999997,-3.16
5611.5,24.250000000000004,-3.43
5611.75,17.43,-2.0
5612.0,8.76,-1.103
5612.25,6.76,-0.32499999999999996
5612.5,5.5,-0.19300000000000006
5612.75,5.13,-0.308
5613.0,3.2880000000000003,-0.066
5613.25,3.399,0.066
5613.5,3.41,0.06700000000000006
5613.75,3.3209999999999997,-0.03700000000000003
5614.0,3.4579999999999997,0.09600000000000003
5614.25,3.358,-0.004830000000000001
5614.5,3.25,-0.127
5614.75,3.351,0.016000000000000014
5615.0,3.3709999999999996,0.08500000000000002
5615.25,3.26,0.05299999999999999
5615.5,3.468,0.04300000000000004
5615.75,3.434,-0.008999999999999952
5616.0,3.356,0.16300000000000003
5616.25,3.601,-0.063
5616.5,3.154,-0.119
5616.75,3.322,-0.049000000000000044
5617.0,3.553,0.09500000000000003
5617.25,3.215,-0.04700000000000004
5617.5,3.102,-0.10799999999999998
5617.75,3.4230000000000005,0.09175
5618.0,3.2479999999999998,-0.13599999999999995
5618.25,3.298,-0.035999999999999976
5618.5,3.129,0.0050000000000000044
5618.75,3.358,0.09129999999999999
5619.0,3.4459999999999997,0.12300000000000005
5619.25,3.5170000000000003,-0.032999999999999974
5619.5,3.227,0.11299999999999999
5619.75,3.285,-0.09800000000000003
5620.0,3.476,0.061999999999999944
5620.25,3.19,0.06799999999999995
5620.5,3.32,0.10399999999999998
5620.75,0.0,0.0
5621.0,3.86,0.05999999999999994
5621.25,0.0,0.0
5621.5,3.0300000000000002,-0.05999999999999994
5621.75,3.3,-0.025000000000000022
5622.0,3.1,-0.030000000000000027
5622.25,3.07,0.4039999999999999
5622.5,2.457,0.17659999999999998
5622.75,3.84,-0.02499999999999991
5623.0,3.25,-0.025000000000000078
5623.25,0.0,0.0
5623.5,4.890000000000001,-0.2849999999999999
5623.75,0.0,0.0
5624.0,4.418,0.1630000000000001
5624.25,4.4,0.1600000000000001
5624.5,3.894,-0.20400000000000007
5624.75,3.69,0.04999999999999999
5625.0,3.8000000000000003,0.17499999999999993
5625.25,3.48,-0.17500000000000004
5625.5,3.61,-0.004999999999999949
5625.75,3.625,-0.01000000000000012
5626.0,3.765,0.10500000000000004
5626.25,3.516,-0.198
5626.5,3.4,-0.33699999999999997
5626.75,3.3679999999999994,-0.21600000000000003
5627.0,0.0,0.0
5627.25,3.8,0.03500000000000003
5627.5,3.957,-0.15400000000000003
5627.75,3.4299999999999997,-0.15200000000000002
5628.0,4.122,-0.15399999999999997
5628.25,3.4050000000000002,-0.07
5628.5,3.29,-0.172
5628.75,3.37,-0.036780000000000035
5629.0,3.794,0.10199999999999998
5629.25,3.326,-0.1279999999999999
5629.5,3.263,-0.18800000000000006
5629.75,3.35,-0.15000000000000008
5630.0,3.342,-0.16899999999999998
5630.25,3.39,-0.03700000000000003
5630.5,3.268,-0.31
5630.75,3.5300000000000002,0.18330000000000002
5631.0,3.484,0.11400000000000005
5631.25,3.49,-0.03799999999999998
5631.5,3.4070000000000005,-0.048699999999999966
5631.75,4.452999999999999,0.203
5632.0,5.13,-0.06000000000000005
5632.25,5.178,-0.03300000000000003
5632.5,5.51,-0.12699999999999995
5632.75,5.607,0.13050000000000006
5633.0,5.489,-0.13500000000000006
5633.25,5.6499999999999995,0.0675
5633.5,5.358,0.007999999999999952
5633.75,5.129,0.17504999999999998
5634.0,5.077000000000001,0.17469999999999997
5634.25,4.992,0.125
5634.5,5.25,0.42
5634.75,4.392,0.2957
5635.0,4.466,0.09299999999999997
5635.25,4.476,0.065
5635.5,4.497,0.07644000000000001
5635.75,4.5440000000000005,0.136
5636.0,4.325,-0.009000000000000008
5636.25,4.5,0.19799999999999995
5636.5,4.462,0.131
5636.75,4.437,0.13599999999999995
5637.0,4.543,0.2223
5637.25,4.8260000000000005,0.1376
5637.5,4.807,0.36800000000000005
5637.75,4.697,0.479
5638.0,4.373,0.062
5638.25,4.393,0.032999999999999974
5638.5,4.4350000000000005,0.04619999999999996
5638.75,4.469,0.09299999999999997
5639.0,4.261,-0.09500000000000003
5639.25,4.315,-0.018000000000000016
5639.5,4.55,0.21289999999999998
5639.75,4.457,0.131
5640.0,4.455,0.13370000000000004
5640.25,4.357,0.0605
5640.5,4.6129999999999995,0.281
5640.75,4.43,0.1795
5641.0,4.3629999999999995,0.068
5641.25,4.5,0.2761
5641.5,4.566,0.2594
5641.75,4.446,0.2102
5642.0,2.73,-0.14600000000000007
5642.25,2.526,-0.193
5642.5,2.704,0.024999999999999967
5642.75,2.883,0.21000000000000002
5643.0,2.746,0.09959999999999997
5643.25,2.683,0.03750000000000003
5643.5,2.654,-0.02555999999999997
5643.75,2.855,0.19
5644.0,2.545,-0.16299999999999998
5644.25,2.61,-0.12400000000000005
5644.5,2.618,-0.15399999999999997
5644.75,2.79,0.06
5645.0,2.609,-0.15800000000000003
5645.25,2.5130000000000003,-0.29300000000000004
5645.5,2.74,-0.13
5645.75,2.864,0.039000000000000035
5646.0,2.794,0.06122
5646.25,2.8499999999999996,0.17000000000000004
5646.5,2.616,-0.034999999999999976
5646.75,2.745,0.08100000000000002
5647.0,2.637,-0.02699999999999997
5647.25,2.458,-0.25
5647.5,2.5679999999999996,-0.11200000000000004
5647.75,2.6020000000000003,-0.08600000000000002
5648.0,2.67,-0.030000000000000027
5648.25,0.0,0.0
5648.5,0.0,0.0
5648.75,0.0,0.0
5649.0,0.0,0.0
5649.25,0.0,0.0
5649.5,0.0,0.0
5649.75,0.0,0.0
5650.0,0.0,0.0
5650.25,0.0,0.0
5650.5,0.0,0.0
5650.75,3.44,1.0270000000000001
5651.0,3.2119999999999997,0.694
5651.25,2.746,0.12030000000000002
5651.5,2.661,0.09499999999999997
5651.75,2.738,0.18539999999999998
5652.0,2.619,0.005290000000000017
5652.25,2.65,-0.004999999999999949
5652.5,2.485,-0.11300000000000004
5652.75,2.748,0.13208000000000003
5653.0,2.566,-0.0010000000000000009
5653.25,2.507,-0.08400000000000002
5653.5,2.5039999999999996,-0.08300000000000002
5653.75,2.601,0.0237
5654.0,2.651,0.07729999999999998
5654.25,2.641,0.09309999999999996
5654.5,2.709,0.20600000000000007
5654.75,2.863,0.41999999999999993
5655.0,2.496,-0.09600000000000003
5655.25,2.61,0.02999999999999997
5655.5,2.46,-0.14199999999999996
5655.75,2.613,0.03550000000000003
5656.0,2.481,-0.12900000000000006
5656.25,2.575,-0.02400000000000002
5656.5,2.5140000000000002,-0.11800000000000005
5656.75,2.642,0.038300000000000056
5657.0,2.544,-0.06300000000000006
5657.25,2.567,-0.061000000000000054
5657.5,2.621,0.01649999999999996
5657.75,2.6,-0.02699999999999997
5658.0,2.509,-0.11200000000000004
5658.25,2.5749999999999997,-0.08800000000000002
5658.5,2.611,-0.041000000000000036
5658.75,2.6879999999999997,0.0933
5659.0,3.028,-0.19800000000000006
5659.25,2.748,-0.302
5659.5,3.041,0.03899999999999998
5659.75,2.9859999999999998,-0.06409999999999999
5660.0,3.2569999999999997,-0.0731
5660.25,2.842,-0.134
5660.5,2.786,-0.21199999999999997
5660.75,2.9699999999999998,-0.032299999999999995
5661.0,2.433,-0.22299999999999998
5661.25,2.6630000000000003,0.138
5661.5,2.627,0.08499999999999996
5661.75,2.707,0.13679999999999998
5662.0,2.477,-0.13399999999999995
5662.25,2.566,-0.020999999999999963
5662.5,2.65,0.1174
5662.75,2.8709999999999996,0.30400000000000005
5663.0,2.6319999999999997,0.048699999999999966
5663.25,2.5100000000000002,-0.061999999999999944
5663.5,2.4219999999999997,-0.18399999999999994
5663.75,2.668,0.0822
5664.0,2.546,-0.061
5664.25,2.5380000000000003,-0.015000000000000013
5664.5,2.4379999999999997,-0.14899999999999997
5664.75,2.612,0.05099999999999999
5665.0,2.654,0.051000000000000045
5665.25,2.612,0.067
5665.5,2.601,0.04800000000000004
5665.75,2.657,0.11360000000000003
5666.0,2.596,0.003300000000000025
5666.25,2.537,-0.03199999999999997
5666.5,2.472,-0.12300000000000005
5666.75,2.5439999999999996,-0.021000000000000074
5667.0,2.647,0.07210000000000005
5667.25,2.588,0.03999999999999998
5667.5,2.596,0.04600000000000004
5667.75,2.552,-0.01100000000000001
5668.0,2.715,0.18
5668.25,2.646,0.09149999999999997
5668.5,2.535,-0.0010000000000000009
5668.75,2.65,-0.04799999999999999
5669.0,2.55,-0.019999999999999962
5669.25,2.693,0.1317000000000001
5669.5,2.541,-0.03199999999999997
5669.75,2.449,-0.15600000000000003
5670.0,2.517,-0.065
5670.25,2.519,-0.09300000000000003
5670.5,2.735,-0.134
5670.75,7.42,-0.7911999999999999
5671.0,15.81,-1.44538
5671.25,20.93,-1.97
5671.5,34.980000000000004,-4.22
5671.75,36.4,-4.43
5672.0,38.099999999999994,-4.47
5672.25,37.8,-4.57
5672.5,38.0,-4.49
5672.75,39.4,-4.38
5673.0,44.3,-4.3
5673.25,44.0,-4.2
5673.5,43.7,-4.4
5673.75,43.9,-4.1
5674.0,45.599999999999994,-3.73
5674.25,45.9,-3.62
5674.5,45.3,-3.8300000000000005
5674.75,43.1,-4.05
5675.0,43.6,-3.8400000000000003
5675.25,44.4,-4.18
5675.5,44.4,-4.3
5675.75,43.400000000000006,-3.96
5676.0,41.6,-3.96
5676.25,44.300000000000004,-4.04
5676.5,45.0,-3.93
5676.75,45.5,-3.86
5677.0,43.6,-3.72
5677.25,41.3,-4.03
5677.5,39.6,-4.01
5677.75,38.9,-4.12
5678.0,38.8,-4.39
5678.25,37.6,-4.390000000000001
5678.5,37.5,-4.4799999999999995
5678.75,37.0,-4.3100000000000005
5679.0,37.9,-4.28
5679.25,36.900000000000006,-4.17
5679.5,37.5,-4.29
5679.75,37.1,-4.32
5680.0,38.099999999999994,-4.34
5680.25,38.1,-4.39
5680.5,36.7,-4.5
5680.75,35.800000000000004,-4.39
5681.0,34.8,-4.16
5681.25,35.5,-4.4
5681.5,35.4,-4.16
5681.75,36.4,-4.4399999999999995
5682.0,30.080000000000002,-3.51
5682.25,24.93,-2.33
5682.5,22.490000000000002,-2.27
5682.75,21.2,-2.28
5683.0,20.990000000000002,-2.36
5683.25,20.909999999999997,-2.1799999999999997
5683.5,20.38,-2.13
5683.75,19.87,-2.13
5684.0,11.51,-0.482
5684.25,9.59,-0.5559999999999999
5684.5,8.85,-0.08899999999999997
5684.75,7.65,-0.13029999999999997
5685.0,5.412000000000001,0.373
5685.25,4.973000000000001,0.4192
5685.5,5.16,0.586
5685.75,5.044,0.42869999999999997
5686.0,4.9030000000000005,0.32
5686.25,4.951,0.497
5686.5,4.981,0.611
5686.75,4.872,0.47509999999999997
5687.0,4.808,0.44279999999999997
5687.25,4.688,0.46088999999999997
5687.5,4.573,0.554
5687.75,4.545999999999999,0.507
5688.0,4.377,0.379
5688.25,4.439,0.394
5688.5,4.439,0.33899999999999997
5688.75,4.503,0.41400000000000003
5689.0,4.408,0.3198
5689.25,4.412,0.3526
5689.5,3.673,0.30300000000000005
5689.75,2.798,0.31500000000000006
5690.0,2.729,0.23299999999999998
5690.25,2.7170000000000005,0.23199999999999998
5690.5,2.784,0.312
5690.75,2.803,0.351
5691.0,2.799,0.31
5691.25,2.716,0.22400000000000003
5691.5,2.753,0.281
5691.75,2.83,0.29800000000000004
5692.0,2.7379999999999995,0.215
5692.25,2.6740000000000004,0.14830000000000002
5692.5,2.688,0.18999999999999997
5692.75,2.787,0.30400000000000005
5693.0,2.799,0.32799999999999996
5693.25,2.8520000000000003,0.34700000000000003
5693.5,2.711,0.252
5693.75,2.834,0.376
5694.0,2.737,0.223
5694.25,2.713,0.13960000000000006
5694.5,2.881,0.22999999999999998
5694.75,6.640000000000001,-0.19420000000000004
5695.0,12.5,-0.4327
5695.25,33.81,-3.5
5695.5,36.5,-4.1
5695.75,36.7,-3.9799999999999995
5696.0,38.1,-3.7899999999999996
5696.25,39.0,-4.15
5696.5,39.0,-4.18
5696.75,39.099999999999994,-4.09
5697.0,39.1,-4.08
5697.25,38.379999999999995,-4.2
5697.5,38.33,-4.3100000000000005
5697.75,40.6,-3.84
5698.0,41.2,-3.7
5698.25,41.7,-3.8099999999999996
5698.5,43.5,-3.59
5698.75,44.9,-3.1599999999999997
5699.0,45.5,-3.07
5699.25,44.8,-3.4499999999999997
5699.5,44.9,-3.4699999999999998
5699.75,45.7,-3.45
5700.0,45.2,-3.3
5700.25,46.0,-2.8899999999999997
5700.5,45.9,-2.99
5700.75,45.900000000000006,-3.0
5701.0,45.2,-3.0100000000000002
5701.25,45.1,-3.5300000000000002
5701.5,44.7,-3.85
5701.75,44.099999999999994,-3.9800000000000004
5702.0,43.900000000000006,-3.9800000000000004
5702.25,42.5,-3.98
5702.5,42.400000000000006,-3.96
5702.75,44.1,-3.96
5703.0,44.4,-4.09
5703.25,43.9,-3.41
5703.5,43.400000000000006,-3.6899999999999995
5703.75,44.099999999999994,-3.56
5704.0,42.699999999999996,-3.6799999999999997
5704.25,41.9,-3.5699999999999994
5704.5,42.6,-3.37
5704.75,40.7,-3.7600000000000002
5705.0,42.1,-3.69
5705.25,43.5,-3.8200000000000003
5705.5,43.3,-3.8000000000000003
5705.75,42.1,-3.42
5706.0,39.599999999999994,-3.9000000000000004
5706.25,38.2,-3.8800000000000003
5706.5,34.3,-3.49
5706.75,33.6,-3.38
5707.0,33.2,-3.36
5707.25,32.54,-2.9499999999999997
5707.5,31.979999999999997,-2.96
5707.75,31.630000000000003,-3.24
5708.0,22.3,-1.5382999999999998
5708.25,7.7299999999999995,-0.7400000000000001
5708.5,6.08,-0.566
5708.75,5.74,-0.4213
5709.0,3.8710000000000004,-0.03869999999999996
5709.25,3.823,0.185
5709.5,3.708,-0.0383
5709.75,3.596,0.13280000000000003
5710.0,3.837,0.27
5710.25,4.3999999999999995,0.42200000000000004
5710.5,4.27,0.24300000000000005
5710.75,3.7,0.020000000000000018
5711.0,4.183,0.24299999999999997
5711.25,4.1080000000000005,0.07199999999999995
5711.5,3.938,0.024889999999999968
5711.75,3.9640000000000004,0.03899999999999998
5712.0,3.951,0.09299999999999997
5712.25,3.9159999999999995,-0.04600000000000004
5712.5,4.050000000000001,0.08899999999999997
5712.75,3.979,0.1486
5713.0,4.074,0.427
5713.25,3.784,0.01799999999999996
5713.5,3.904,0.045999999999999985
5713.75,4.042,0.10299999999999998
5714.0,4.129,0.252
5714.25,3.9770000000000003,0.19489999999999996
5714.5,3.7880000000000003,0.02699999999999997
5714.75,4.149,0.16649999999999998
5715.0,4.027,0.21300000000000002
5715.25,3.875,0.0013000000000000234
5715.5,4.023,0.22000000000000003
5715.75,4.059,0.06180000000000002
5716.0,4.061999999999999,0.28
5716.25,3.812,0.01040000000000002
5716.5,3.7680000000000002,-0.06699999999999995
5716.75,4.017,0.030610000000000026
5717.0,4.004,0.20099999999999998
5717.25,3.8659999999999997,-0.02899999999999997
5717.5,3.685,0.0237
5717.75,3.524,-0.09199999999999997
5718.0,3.512,0.13699999999999998
5718.25,3.0149999999999997,0.20299999999999996
5718.5,2.664,0.10900000000000004
5718.75,6.68,-0.09360000000000002
5719.0,13.989999999999998,-0.9730000000000001
5719.25,16.290000000000003,-1.2799999999999998
5719.5,33.93,-4.14
5719.75,38.06,-4.0200000000000005
5720.0,39.97,-3.73
5720.25,40.68,-3.94
5720.5,41.5,-3.87
5720.75,41.0,-3.82
5721.0,40.6,-3.6799999999999997
5721.25,41.3,-3.8
5721.5,39.5,-3.92
5721.75,39.9,-3.75
5722.0,37.4,-4.12
5722.25,38.6,-4.29
5722.5,39.900000000000006,-4.17
5722.75,39.3,-3.9200000000000004
5723.0,37.400000000000006,-3.95
5723.25,38.4,-3.91
5723.5,39.2,-3.71
5723.75,40.7,-3.75
5724.0,38.8,-3.7800000000000002
5724.25,39.2,-3.7300000000000004
5724.5,38.1,-3.83
5724.75,39.4,-3.76
5725.0,37.9,-4.28
5725.25,38.1,-4.2700000000000005
5725.5,37.2,-4.19
5725.75,38.0,-4.1899999999999995
5726.0,41.980000000000004,-3.83
5726.25,41.900000000000006,-3.2800000000000002
5726.5,41.400000000000006,-3.2600000000000002
5726.75,41.5,-3.3899999999999997
5727.0,47.6,-2.97
5727.25,45.8,-3.2399999999999998
5727.5,43.2,-3.5599999999999996
5727.75,45.400000000000006,-3.2800000000000002
5728.0,46.300000000000004,-3.16
5728.25,46.1,-2.91
5728.5,47.400000000000006,-3.06
5728.75,45.5,-3.0
5729.0,40.900000000000006,-3.5100000000000002
5729.25,39.7,-3.25
5729.5,42.0,-3.5
5729.75,41.9,-3.56
5730.0,39.400000000000006,-3.46
5730.25,32.86,-2.2199999999999998
5730.5,31.060000000000002,-2.41
5730.75,32.08,-2.92
5731.0,29.410000000000004,-2.95
5731.25,28.59,-3.13
5731.5,28.39,-3.2
5731.75,29.290000000000003,-2.9400000000000004
5732.0,28.71,-2.71
5732.25,9.629999999999999,-0.498
5732.5,7.620000000000001,-0.02200000000000002
5732.75,6.879999999999999,0.03999999999999998
5733.0,5.7749999999999995,0.21650000000000003
5733.25,4.898,0.267
5733.5,4.835,0.273
5733.75,4.736,0.2
5734.0,4.732,0.197
5734.25,4.936,0.3259
5734.5,4.966,0.40340000000000004
5734.75,4.838000000000001,0.26949999999999996
5735.0,4.4910000000000005,0.2496
5735.25,4.5009999999999994,0.251
5735.5,4.578,0.411
5735.75,4.36,0.177
5736.0,4.375,0.224
5736.25,4.502,0.3901
5736.5,4.515,0.40880000000000005
5736.75,4.3740000000000006,0.29800000000000004
5737.0,4.279,0.16100000000000003
5737.25,3.706,0.351
5737.5,2.619,0.1395
5737.75,2.599,0.13230000000000003
5738.0,2.551,0.0937
5738.25,2.676,0.21499999999999997
5738.5,2.614,0.14700000000000002
5738.75,2.591,0.11000000000000004
5739.0,2.608,0.12529999999999997
5739.25,2.674,0.21300000000000002
5739.5,2.5020000000000002,0.007000000000000006
5739.75,2.609,0.10760000000000003
5740.0,2.58,0.07500000000000001
5740.25,2.718,0.253
5740.5,2.6510000000000002,0.21279999999999993
5740.75,2.6229999999999998,0.16699999999999998
5741.0,2.8419999999999996,0.33599999999999997
5741.25,2.553,0.06400000000000006
5741.5,2.498,-0.015000000000000013
5741.75,2.506,-0.030000000000000027
5742.0,2.699,0.199
5742.25,2.576,0.14500000000000002
5742.5,2.559,0.08200000000000002
5742.75,5.2,-0.30499999999999994
5743.0,11.620000000000001,-0.841667
5743.25,20.490000000000002,-2.5500000000000003
5743.5,32.16,-4.03
5743.75,36.8,-3.99
5744.0,37.400000000000006,-3.73
5744.25,37.400000000000006,-3.9000000000000004
5744.5,36.31,-4.06
5744.75,37.9,-3.9799999999999995
5745.0,37.59,-4.0600000000000005
5745.25,38.7,-3.9999999999999996
5745.5,38.2,-4.18
5745.75,39.1,-3.72
5746.0,39.7,-3.63
5746.25,39.099999999999994,-3.8200000000000003
5746.5,39.3,-3.71
5746.75,38.2,-4.0
5747.0,39.7,-3.84
5747.25,38.400000000000006,-4.01
5747.5,39.0,-3.6800000000000006
5747.75,37.8,-3.99
5748.0,36.61,-4.35
5748.25,37.900000000000006,-3.96
5748.5,38.0,-3.7199999999999998
5748.75,37.9,-3.74
5749.0,36.3,-3.83
5749.25,36.46,-3.5999999999999996
5749.5,37.8,-3.74
5749.75,35.45,-4.14
5750.0,36.07,-4.18
5750.25,34.65,-4.47
5750.5,33.95,-4.5
5750.75,35.51,-4.35
5751.0,35.72,-4.66
5751.25,37.1,-4.63
5751.5,35.769999999999996,-4.42
5751.75,34.33,-4.4799999999999995
5752.0,34.8,-4.67
5752.25,34.260000000000005,-4.61
5752.5,34.33,-4.23
5752.75,33.43,-4.46
5753.0,33.02,-4.42
5753.25,33.25,-4.25
5753.5,30.93,-4.5
5753.75,31.26,-4.72
5754.0,31.43,-4.6
5754.25,30.86,-4.5200000000000005
5754.5,25.65,-3.65
5754.75,0.0,0.0
5755.0,24.25,-3.29
5755.25,23.97,-3.66
5755.5,23.77,-3.53
5755.75,23.580000000000002,-3.41
5756.0,10.83,-1.391
5756.25,7.13,-0.63
5756.5,6.1000000000000005,-0.585
5756.75,5.699,-0.31299999999999994
5757.0,4.016,-0.16500000000000004
5757.25,3.481,-0.0050000000000000044
5757.5,3.497,0.023000000000000076
5757.75,3.525,0.07300000000000001
5758.0,3.54,0.07950000000000002
5758.25,3.681,-0.18599999999999994
5758.5,3.515,-0.00030000000000002247
5758.75,3.462,-0.03500000000000003
5759.0,3.724,-0.14200000000000007
5759.25,3.727,-0.048329999999999984
5759.5,3.993,0.07169999999999999
5759.75,3.7699999999999996,0.017400000000000027
5760.0,3.655,-0.02799999999999997
5760.25,3.625,0.0605
5760.5,4.1579999999999995,0.258
5760.75,3.7800000000000002,-0.045640000000000014
5761.0,3.44,-0.15000000000000002
5761.25,3.801,-0.10999999999999999
5761.5,3.798,0.13399999999999995
5761.75,3.605,-0.11899999999999994
5762.0,3.622,-0.203
5762.25,3.542,-0.03300000000000003
5762.5,3.9349999999999996,0.10039999999999999
5762.75,3.5860000000000003,-0.09866999999999998
5763.0,3.5800000000000005,-0.055999999999999994
5763.25,3.731,0.06569999999999998
5763.5,3.9320000000000004,0.34
5763.75,3.851,0.02899999999999997
5764.0,3.617,-0.10699999999999998
5764.25,3.641,-0.08900000000000002
5764.5,3.7489999999999997,0.008699999999999986
5764.75,3.6109999999999998,-0.13
5765.0,3.694,-0.17600000000000005
5765.25,3.936,0.0368
5765.5,3.727,-0.009000000000000008
5765.75,3.706,0.09770000000000001
5766.0,3.366,-0.11410000000000003
5766.25,2.9000000000000004,0.17400000000000002
5766.5,2.874,0.214
5766.75,4.72,-0.353
5767.0,11.53,-1.093
5767.25,16.9,-1.84
5767.5,31.560000000000002,-4.08
5767.75,34.7,-4.11
5768.0,33.150000000000006,-4.15
5768.25,34.13,-4.180000000000001
5768.5,33.14,-4.4399999999999995
5768.75,33.08,-4.25
5769.0,31.76,-4.2
5769.25,32.32,-4.4
5769.5,32.17,-4.2
5769.75,33.79,-4.220000000000001
5770.0,35.5,-3.97
5770.25,35.35,-3.9899999999999998
5770.5,34.94,-4.12
5770.75,34.8,-3.7099999999999995
5771.0,32.67,-4.08
5771.25,32.36,-4.11
5771.5,32.52,-3.9400000000000004
5771.75,34.0,-4.09
5772.0,31.849999999999998,-4.29
5772.25,32.349999999999994,-4.2299999999999995
5772.5,32.86,-4.17
5772.75,33.050000000000004,-4.41
5773.0,31.8,-4.24
5773.25,31.5,-4.25
5773.5,33.53,-4.0600000000000005
5773.75,33.94,-4.34
5774.0,33.72,-4.46
5774.25,34.290000000000006,-4.09
5774.5,34.3,-4.15
5774.75,33.93,-4.220000000000001
5775.0,35.739999999999995,-4.22
5775.25,33.8,-4.24
5775.5,32.91,-4.19
5775.75,33.5,-4.369999999999999
5776.0,32.43,-4.25
5776.25,31.16,-4.4399999999999995
5776.5,30.520000000000003,-4.35
5776.75,30.880000000000003,-4.25
5777.0,30.099999999999998,-4.0600000000000005
5777.25,29.9,-4.109999999999999
5777.5,29.450000000000003,-4.07
5777.75,28.66,-3.89
5778.0,28.15,-3.88
5778.25,23.619999999999997,-3.2199999999999998
5778.5,17.67,-2.25
5778.75,20.33,0.4
5779.0,0.0,0.0
5779.25,0.0,0.0
5779.5,16.12,-2.0900000000000003
5779.75,16.23,-1.8800000000000001
5780.0,6.32,-0.16000000000000003
5780.25,6.11,-0.2958
5780.5,5.154,0.22999999999999993
5780.75,5.7299999999999995,0.354
5781.0,4.154999999999999,0.22100000000000003
5781.25,5.5200000000000005,0.30000000000000004
5781.5,0.0,0.0
5781.75,5.39,0.15299999999999997
5782.0,4.864,0.378
5782.25,4.825,0.359
5782.5,4.825,0.428
5782.75,4.710999999999999,0.40099999999999997
5783.0,4.852,0.5640000000000001
5783.25,5.036,0.79
5783.5,4.851000000000001,0.584
5783.75,4.604,0.502
5784.0,4.489000000000001,0.44299999999999995
5784.25,4.678,0.647
5784.5,4.579000000000001,0.538
5784.75,4.591,0.587
5785.0,4.417,0.3558
5785.25,2.705,0.398
5785.5,2.516,0.20789999999999997
5785.75,2.443,0.10699999999999998
5786.0,2.73,0.47800000000000004
5786.25,2.695,0.424
5786.5,2.709,0.461
5786.75,2.574,0.29900000000000004
5787.0,2.602,0.321
5787.25,2.6420000000000003,0.35600000000000004
5787.5,2.607,0.31
5787.75,2.6029999999999998,0.33999999999999997
5788.0,2.596,0.2929999999999999
5788.25,2.634,0.28
5788.5,2.641,0.32800000000000007
5788.75,2.674,0.30000000000000004
5789.0,2.775,0.516
5789.25,2.5460000000000003,0.251
5789.5,2.669,0.417
5789.75,2.627,0.386
5790.0,2.779,0.44899999999999995
5790.25,2.596,0.34199999999999997
5790.5,2.9509999999999996,0.4009999999999999
5790.75,2.97,0.462
5791.0,2.694,0.496
5791.25,2.648,0.41769999999999996
5791.5,2.598,0.31599999999999995
5791.75,2.636,0.37
5792.0,2.823,0.621
5792.25,3.81,0.26100000000000007
5792.5,3.7579999999999996,0.5810000000000001
5792.75,3.4299999999999997,0.26
5793.0,3.3179999999999996,0.123
5793.25,3.217,0.007000000000000006
5793.5,3.432,0.182
5793.75,3.582,0.21600000000000003
5794.0,3.4250000000000003,0.03149999999999997
5794.25,3.545,0.22199999999999992
5794.5,3.5170000000000003,0.19000000000000006
5794.75,3.6769999999999996,0.21400000000000002
5795.0,4.33,0.138
5795.25,4.52,0.22999999999999998
5795.5,3.803,0.28400000000000003
5795.75,4.492999999999999,0.396
5796.0,3.9349999999999996,0.19199999999999995
5796.25,3.9299999999999997,0.22499999999999998
5796.5,3.864,0.277
5796.75,3.835,0.258
5797.0,4.563000000000001,0.13999999999999996
5797.25,3.951,0.12100000000000005
5797.5,3.824,0.20799999999999996
5797.75,3.888,0.30799999999999994
5798.0,4.111,0.247
5798.25,3.7390000000000003,0.18
5798.5,3.997,0.518
5798.75,3.741,0.22600000000000003
5799.0,3.7929999999999997,0.26299999999999996
5799.25,3.763,0.19499999999999995
5799.5,3.873,0.369
5799.75,3.7409999999999997,0.21700000000000003
5800.0,4.214,0.2097
5800.25,4.679,0.03999999999999998
5800.5,4.748,0.09099999999999997
5800.75,4.678,-0.09300000000000003
5801.0,4.704,-0.03699999999999992
5801.25,4.814,0.11699999999999999
5801.5,4.753,0.11099999999999993
5801.75,4.781,0.06
5802.0,3.593,0.21119999999999997
5802.25,3.1899999999999995,0.323
5802.5,2.882,0.345
5802.75,2.5949999999999998,0.15329999999999996
5803.0,2.601,0.274
5803.25,2.6850000000000005,0.33699999999999997
5803.5,2.768,0.485
5803.75,2.6430000000000002,0.36300000000000004
5804.0,2.751,0.51
5804.25,2.669,0.411
5804.5,2.715,0.387
5804.75,2.732,0.499
5805.0,2.819,0.5429999999999999
5805.25,2.604,0.27799999999999997
5805.5,2.616,0.271
5805.75,2.564,0.20700000000000002
5806.0,2.566,0.20000000000000004
5806.25,2.57,0.22999999999999998
5806.5,2.6450000000000005,0.32799999999999996
5806.75,2.724,0.444
5807.0,2.9560000000000004,0.653
5807.25,2.714,0.347
5807.5,2.747,0.501
5807.75,2.8480000000000003,0.6040000000000001
5808.0,2.612,0.3121
5808.25,2.576,0.238
5808.5,2.658,0.35860000000000003
5808.75,2.8009999999999997,0.5449999999999999
5809.0,2.615,0.33520000000000005
5809.25,2.641,0.33599999999999997
5809.5,2.5949999999999998,0.27799999999999997
5809.75,2.7910000000000004,0.51
5810.0,2.694,0.43999999999999995
5810.25,2.747,0.49
5810.5,2.8419999999999996,0.577
5810.75,2.772,0.501
5811.0,2.52,0.17359999999999998
5811.25,2.4770000000000003,0.11780000000000002
5811.5,2.697,0.365
5811.75,2.524,0.19999999999999996
5812.0,2.597,0.2629
5812.25,2.587,0.236
5812.5,2.705,0.35900000000000004
5812.75,2.703,0.41100000000000003
5813.0,2.599,0.277
5813.25,2.687,0.372
5813.5,2.93,0.6699999999999999
5813.75,2.572,0.24399999999999997
5814.0,2.499,0.15859999999999996
5814.25,2.567,0.2284
5814.5,2.827,0.522
5814.75,2.8,0.2269
5815.0,2.586,0.627
5815.25,1.817,0.41600000000000004
5815.5,2.056,0.498
5815.75,1.7939999999999998,0.45599999999999996
5816.0,1.7630000000000001,0.45299999999999996
5816.25,1.9749999999999999,0.688
5816.5,1.927,0.645
5816.75,1.85,0.566
5817.0,1.746,0.462
5817.25,1.768,0.45899999999999996
5817.5,1.781,0.469
5817.75,1.7269999999999999,0.41400000000000003
5818.0,1.78,0.39
5818.25,2.5090000000000003,0.7390000000000001
5818.5,2.664,0.704
5818.75,1.97,0.6639999999999999
5819.0,1.957,0.658
5819.25,2.067,0.7849999999999999
5819.5,2.012,0.7659999999999999
5819.75,1.753,0.42400000000000004
5820.0,1.8279999999999998,0.526
5820.25,2.427,0.786
5820.5,1.8810000000000002,0.485
5820.75,1.918,0.575
5821.0,1.883,0.507
5821.25,1.952,0.6160000000000001
5821.5,1.992,0.6669999999999999
5821.75,1.9109999999999998,0.5870000000000001
5822.0,2.201,0.9430000000000001
5822.25,1.987,0.642
5822.5,1.9170000000000003,0.576
5822.75,1.8490000000000002,0.45300000000000007
5823.0,2.5260000000000002,0.595
5823.25,1.885,0.5810000000000001
5823.5,1.8490000000000002,0.536
5823.75,1.7670000000000001,0.405
5824.0,1.952,0.608
5824.25,1.9849999999999999,0.637
5824.5,1.96,0.6379999999999999
5824.75,2.2720000000000002,0.677
5825.0,1.866,0.552
5825.25,1.942,0.664
5825.5,1.796,0.48000000000000004
5825.75,2.112,0.8380000000000001
5826.0,1.819,0.4644
5826.25,0.0,0.0
5826.5,2.614,0.246
5826.75,2.74,0.398
5827.0,2.646,0.27799999999999997
5827.25,2.8,0.42200000000000004
5827.5,2.875,0.5369999999999999
5827.75,2.702,0.46799999999999997
5828.0,2.814,0.5959999999999999
5828.25,2.762,0.53
5828.5,2.8520000000000003,0.651
5828.75,2.629,0.30560000000000004
5829.0,3.2110000000000003,0.253
5829.25,2.9239999999999995,0.40499999999999997
5829.5,2.8009999999999997,0.423
5829.75,2.791,0.35000000000000003
5830.0,2.778,0.3414
5830.25,2.907,0.482
5830.5,2.758,0.33799999999999997
5830.75,2.807,0.43900000000000006
5831.0,2.7449999999999997,0.32400000000000007
5831.25,2.8720000000000003,0.519
5831.5,2.695,0.32
5831.75,2.85,0.547
5832.0,0.0,0.0
5832.25,0.0,0.0
5832.5,0.0,0.0
5832.75,0.0,0.0
5833.0,0.0,0.0
5833.25,0.0,0.0
5833.5,0.0,0.0
5833.75,0.0,0.0
5834.0,0.0,0.0
5834.25,0.0,0.0
5834.5,0.0,0.0
5834.75,0.0,0.0
5835.0,0.0,0.0
5835.25,0.0,0.0
5835.5,0.0,0.0
5835.75,0.0,0.0
5836.0,0.0,0.0
5836.25,0.0,0.0
5836.5,0.0,0.0
5836.75,0.0,0.0
5837.0,0.0,0.0
5837.25,0.0,0.0
5837.5,0.0,0.0
5837.75,0.0,0.0
5838.0,0.0,0.0
5838.25,0.0,0.0
5838.5,0.0,0.0
5838.75,0.0,0.0
5839.0,0.0,0.0
5839.25,0.0,0.0
5839.5,0.0,0.0
5839.75,0.0,0.0
5840.0,0.0,0.0
5840.25,0.0,0.0
5840.5,0.0,0.0
5840.75,0.0,0.0
5841.0,0.0,0.0
5841.25,0.0,0.0
5841.5,0.0,0.0
5841.75,0.0,0.0
5842.0,0.0,0.0
5842.25,0.0,0.0
5842.5,0.0,0.0
5842.75,0.0,0.0
5843.0,0.0,0.0
5843.25,0.0,0.0
5843.5,0.0,0.0
5843.75,0.0,0.0
5844.0,0.0,0.0
5844.25,0.0,0.0
5844.5,0.0,0.0
5844.75,0.0,0.0
5845.0,0.0,0.0
5845.25,0.0,0.0
5845.5,0.0,0.0
5845.75,0.0,0.0
5846.0,0.0,0.0
5846.25,0.0,0.0
5846.5,0.0,0.0
5846.75,0.0,0.0
5847.0,0.0,0.0
5847.25,0.0,0.0
5847.5,0.0,0.0
5847.75,0.0,0.0
5848.0,0.0,0.0
5848.25,0.0,0.0
5848.5,0.0,0.0
5848.75,0.0,0.0
5849.0,0.0,0.0
5849.25,0.0,0.0
5849.5,0.0,0.0
5849.75,0.0,0.0
5850.0,0.0,0.0
5850.25,0.0,0.0
5850.5,0.0,0.0
5850.75,0.0,0.0
5851.0,0.0,0.0
5851.25,0.0,0.0
5851.5,0.0,0.0
5851.75,0.0,0.0
5852.0,0.0,0.0
5852.25,0.0,0.0
5852.5,0.0,0.0
5852.75,0.0,0.0
5853.0,0.0,0.0
5853.25,0.0,0.0
5853.5,0.0,0.0
5853.75,0.0,0.0
5854.0,0.0,0.0
5854.25,0.0,0.0
5854.5,0.0,0.0
5854.75,0.0,0.0
5855.0,0.0,0.0
5855.25,0.0,0.0
5855.5,0.0,0.0
5855.75,0.0,0.0
5856.0,0.0,0.0
5856.25,0.0,0.0
5856.5,0.0,0.0
5856.75,0.0,0.0
5857.0,0.0,0.0
5857.25,0.0,0.0
5857.5,0.0,0.0
5857.75,0.0,0.0
5858.0,0.0,0.0
5858.25,0.0,0.0
5858.5,0.0,0.0
5858.75,0.0,0.0
5859.0,0.0,0.0
5859.25,0.0,0.0
5859.5,0.0,0.0
5859.75,0.0,0.0
5860.0,0.0,0.0
5860.25,0.0,0.0
5860.5,0.0,0.0
5860.75,0.0,0.0
5861.0,0.0,0.0
5861.25,0.0,0.0
5861.5,0.0,0.0
5861.75,0.0,0.0
5862.0,0.0,0.0
5862.25,0.0,0.0
5862.5,0.0,0.0
5862.75,0.0,0.0
5863.0,0.0,0.0
5863.25,0.0,0.0
5863.5,0.0,0.0
5863.75,0.0,0.0
5864.0,0.0,0.0
5864.25,0.0,0.0
5864.5,0.0,0.0
5864.75,0.0,0.0
5865.0,0.0,0.0
5865.25,0.0,0.0
5865.5,0.0,0.0
5865.75,0.0,0.0
5866.0,0.0,0.0
5866.25,0.0,0.0
5866.5,0.0,0.0
5866.75,0.0,0.0
5867.0,0.0,0.0
5867.25,0.0,0.0
5867.5,0.0,0.0
5867.75,0.0,0.0
5868.0,0.0,0.0
5868.25,0.0,0.0
5868.5,0.0,0.0
5868.75,0.0,0.0
5869.0,0.0,0.0
5869.25,0.0,0.0
5869.5,0.0,0.0
5869.75,0.0,0.0
5870.0,0.0,0.0
5870.25,0.0,0.0
5870.5,0.0,0.0
5870.75,0.0,0.0
5871.0,0.0,0.0
5871.25,0.0,0.0
5871.5,0.0,0.0
5871.75,0.0,0.0
5872.0,0.0,0.0
5872.25,0.0,0.0
5872.5,0.0,0.0
5872.75,0.0,0.0
5873.0,0.0,0.0
5873.25,0.0,0.0
5873.5,0.0,0.0
5873.75,0.0,0.0
5874.0,0.0,0.0
5874.25,0.0,0.0
5874.5,0.0,0.0
5874.75,0.0,0.0
5875.0,0.0,0.0
5875.25,0.0,0.0
5875.5,0.0,0.0
5875.75,0.0,0.0
5876.0,0.0,0.0
5876.25,0.0,0.0
5876.5,0.0,0.0
5876.75,0.0,0.0
5877.0,0.0,0.0
5877.25,0.0,0.0
5877.5,0.0,0.0
5877.75,0.0,0.0
5878.0,0.0,0.0
5878.25,0.0,0.0
5878.5,0.0,0.0
5878.75,0.0,0.0
5879.0,0.0,0.0
5879.25,0.0,0.0
5879.5,0.0,0.0
5879.75,0.0,0.0
5880.0,0.0,0.0
5880.25,0.0,0.0
5880.5,0.0,0.0
5880.75,0.0,0.0
5881.0,0.0,0.0
5881.25,0.0,0.0
5881.5,0.0,0.0
5881.75,0.0,0.0
5882.0,0.0,0.0
5882.25,0.0,0.0
5882.5,0.0,0.0
5882.75,0.0,0.0
5883.0,0.0,0.0
5883.25,0.0,0.0
5883.5,0.0,0.0
5883.75,0.0,0.0
5884.0,0.0,0.0
5884.25,0.0,0.0
5884.5,0.0,0.0
5884.75,0.0,0.0
5885.0,0.0,0.0
5885.25,0.0,0.0
5885.5,0.0,0.0
5885.75,0.0,0.0
5886.0,0.0,0.0
5886.25,0.0,0.0
5886.5,0.0,0.0
5886.75,0.0,0.0
5887.0,0.0,0.0
5887.25,0.0,0.0
5887.5,0.0,0.0
5887.75,0.0,0.0
5888.0,0.0,0.0
5888.25,0.0,0.0
5888.5,0.0,0.0
5888.75,0.0,0.0
5889.0,0.0,0.0
5889.25,0.0,0.0
5889.5,0.0,0.0
5889.75,0.0,0.0
5890.0,0.0,0.0
5890.25,0.0,0.0
5890.5,0.0,0.0
5890.75,0.0,0.0
5891.0,0.0,0.0
5891.25,0.0,0.0
5891.5,0.0,0.0
5891.75,0.0,0.0
5892.0,0.0,0.0
5892.25,0.0,0.0
5892.5,0.0,0.0
5892.75,0.0,0.0
5893.0,0.0,0.0
5893.25,0.0,0.0
5893.5,0.0,0.0
5893.75,0.0,0.0
5894.0,0.0,0.0
5894.25,0.0,0.0
5894.5,0.0,0.0
5894.75,0.0,0.0
5895.0,0.0,0.0
5895.25,0.0,0.0
5895.5,0.0,0.0
5895.75,0.0,0.0
5896.0,0.0,0.0
5896.25,0.0,0.0
5896.5,0.0,0.0
5896.75,0.0,0.0
5897.0,0.0,0.0
5897.25,0.0,0.0
5897.5,0.0,0.0
5897.75,0.0,0.0
5898.0,0.0,0.0
5898.25,0.0,0.0
5898.5,0.0,0.0
5898.75,0.0,0.0
5899.0,0.0,0.0
5899.25,0.0,0.0
5899.5,0.0,0.0
5899.75,0.0,0.0
5900.0,0.0,0.0
5900.25,0.0,0.0
5900.5,0.0,0.0
5900.75,0.0,0.0
5901.0,0.0,0.0
5901.25,0.0,0.0
5901.5,0.0,0.0
5901.75,0.0,0.0
5902.0,0.0,0.0
5902.25,0.0,0.0
5902.5,0.0,0.0
5902.75,0.0,0.0
5903.0,0.0,0.0
5903.25,0.0,0.0
5903.5,0.0,0.0
5903.75,0.0,0.0
5904.0,0.0,0.0
5904.25,0.0,0.0
5904.5,0.0,0.0
5904.75,0.0,0.0
5905.0,0.0,0.0
5905.25,0.0,0.0
5905.5,0.0,0.0
5905.75,0.0,0.0
5906.0,0.0,0.0
5906.25,0.0,0.0
5906.5,0.0,0.0
5906.75,0.0,0.0
5907.0,0.0,0.0
5907.25,0.0,0.0
5907.5,0.0,0.0
5907.75,0.0,0.0
5908.0,0.0,0.0
5908.25,0.0,0.0
5908.5,0.0,0.0
5908.75,0.0,0.0
5909.0,0.0,0.0
5909.25,0.0,0.0
5909.5,0.0,0.0
5909.75,0.0,0.0
5910.0,0.0,0.0
5910.25,0.0,0.0
5910.5,0.0,0.0
5910.75,0.0,0.0
5911.0,0.0,0.0
5911.25,0.0,0.0
5911.5,0.0,0.0
5911.75,0.0,0.0
5912.0,0.0,0.0
5912.25,0.0,0.0
5912.5,0.0,0.0
5912.75,0.0,0.0
5913.0,0.0,0.0
5913.25,0.0,0.0
5913.5,0.0,0.0
5913.75,0.0,0.0
5914.0,0.0,0.0
5914.25,0.0,0.0
5914.5,0.0,0.0
5914.75,0.0,0.0
5915.0,0.0,0.0
5915.25,0.0,0.0
5915.5,0.0,0.0
5915.75,0.0,0.0
5916.0,0.0,0.0
5916.25,0.0,0.0
5916.5,0.0,0.0
5916.75,0.0,0.0
5917.0,0.0,0.0
5917.25,0.0,0.0
5917.5,0.0,0.0
5917.75,0.0,0.0
5918.0,0.0,0.0
5918.25,0.0,0.0
5918.5,0.0,0.0
5918.75,0.0,0.0
5919.0,0.0,0.0
5919.25,0.0,0.0
5919.5,0.0,0.0
5919.75,0.0,0.0
5920.0,0.0,0.0
5920.25,0.0,0.0
5920.5,0.0,0.0
5920.75,0.0,0.0
5921.0,0.0,0.0
5921.25,0.0,0.0
5921.5,0.0,0.0
5921.75,0.0,0.0
5922.0,0.0,0.0
5922.25,0.0,0.0
5922.5,0.0,0.0
5922.75,0.0,0.0
5923.0,0.0,0.0
5923.25,0.0,0.0
5923.5,0.0,0.0
5923.75,0.0,0.0
5924.0,0.0,0.0
5924.25,0.0,0.0
5924.5,0.0,0.0
5924.75,0.0,0.0
5925.0,0.0,0.0
5925.25,0.0,0.0
5925.5,0.0,0.0
5925.75,0.0,0.0
5926.0,0.0,0.0
5926.25,0.0,0.0
5926.5,0.0,0.0
5926.75,0.0,0.0
5927.0,0.0,0.0
5927.25,0.0,0.0
5927.5,0.0,0.0
5927.75,0.0,0.0
5928.0,0.0,0.0
5928.25,0.0,0.0
5928.5,0.0,0.0
5928.75,0.0,0.0
5929.0,0.0,0.0
5929.25,0.0,0.0
5929.5,0.0,0.0
5929.75,0.0,0.0
5930.0,0.0,0.0
5930.25,0.0,0.0
5930.5,0.0,0.0
5930.75,0.0,0.0
5931.0,0.0,0.0
5931.25,0.0,0.0
5931.5,0.0,0.0
5931.75,0.0,0.0
5932.0,0.0,0.0
5932.25,0.0,0.0
5932.5,0.0,0.0
5932.75,0.0,0.0
5933.0,0.0,0.0
5933.25,0.0,0.0
5933.5,0.0,0.0
5933.75,0.0,0.0
5934.0,0.0,0.0
5934.25,0.0,0.0
5934.5,0.0,0.0
5934.75,0.0,0.0
5935.0,0.0,0.0
5935.25,0.0,0.0
5935.5,0.0,0.0
5935.75,0.0,0.0
5936.0,0.0,0.0
5936.25,0.0,0.0
5936.5,0.0,0.0
5936.75,0.0,0.0
5937.0,0.0,0.0
5937.25,0.0,0.0
5937.5,0.0,0.0
5937.75,0.0,0.0
5938.0,0.0,0.0
5938.25,0.0,0.0
5938.5,0.0,0.0
5938.75,0.0,0.0
5939.0,0.0,0.0
5939.25,0.0,0.0
5939.5,0.0,0.0
5939.75,0.0,0.0
5940.0,0.0,0.0
5940.25,0.0,0.0
5940.5,0.0,0.0
5940.75,0.0,0.0
5941.0,0.0,0.0
5941.25,0.0,0.0
5941.5,0.0,0.0
5941.75,0.0,0.0
5942.0,0.0,0.0
5942.25,0.0,0.0
5942.5,0.0,0.0
5942.75,0.0,0.0
5943.0,0.0,0.0
5943.25,0.0,0.0
5943.5,0.0,0.0
5943.75,0.0,0.0
5944.0,0.0,0.0
5944.25,0.0,0.0
5944.5,0.0,0.0
5944.75,0.0,0.0
5945.0,0.0,0.0
5945.25,0.0,0.0
5945.5,0.0,0.0
5945.75,0.0,0.0
5946.0,0.0,0.0
5946.25,0.0,0.0
5946.5,0.0,0.0
5946.75,0.0,0.0
5947.0,0.0,0.0
5947.25,0.0,0.0
5947.5,0.0,0.0
5947.75,0.0,0.0
5948.0,0.0,0.0
5948.25,0.0,0.0
5948.5,0.0,0.0
5948.75,0.0,0.0
5949.0,0.0,0.0
5949.25,0.0,0.0
5949.5,0.0,0.0
5949.75,0.0,0.0
5950.0,0.0,0.0
5950.25,0.0,0.0
5950.5,0.0,0.0
5950.75,0.0,0.0
5951.0,0.0,0.0
5951.25,0.0,0.0
5951.5,0.0,0.0
5951.75,0.0,0.0
5952.0,0.0,0.0
5952.25,0.0,0.0
5952.5,0.0,0.0
5952.75,0.0,0.0
5953.0,0.0,0.0
5953.25,0.0,0.0
5953.5,0.0,0.0
5953.75,0.0,0.0
5954.0,0.0,0.0
5954.25,0.0,0.0
5954.5,0.0,0.0
5954.75,0.0,0.0
5955.0,0.0,0.0
5955.25,0.0,0.0
5955.5,0.0,0.0
5955.75,0.0,0.0
5956.0,0.0,0.0
5956.25,0.0,0.0
5956.5,0.0,0.0
5956.75,0.0,0.0
5957.0,0.0,0.0
5957.25,0.0,0.0
5957.5,0.0,0.0
5957.75,0.0,0.0
5958.0,0.0,0.0
5958.25,0.0,0.0
5958.5,0.0,0.0
5958.75,0.0,0.0
5959.0,0.0,0.0
5959.25,0.0,0.0
5959.5,0.0,0.0
5959.75,0.0,0.0
5960.0,0.0,0.0
5960.25,0.0,0.0
5960.5,0.0,0.0
5960.75,0.0,0.0
5961.0,0.0,0.0
5961.25,0.0,0.0
5961.5,0.0,0.0
5961.75,0.0,0.0
5962.0,0.0,0.0
5962.25,0.0,0.0
5962.5,0.0,0.0
5962.75,0.0,0.0
5963.0,0.0,0.0
5963.25,0.0,0.0
5963.5,0.0,0.0
5963.75,0.0,0.0
5964.0,0.0,0.0
5964.25,0.0,0.0
5964.5,0.0,0.0
5964.75,0.0,0.0
5965.0,0.0,0.0
5965.25,0.0,0.0
5965.5,0.0,0.0
5965.75,0.0,0.0
5966.0,0.0,0.0
5966.25,0.0,0.0
5966.5,0.0,0.0
5966.75,0.0,0.0
5967.0,0.0,0.0
5967.25,0.0,0.0
5967.5,0.0,0.0
5967.75,0.0,0.0
5968.0,0.0,0.0
5968.25,0.0,0.0
5968.5,0.0,0.0
5968.75,0.0,0.0
5969.0,0.0,0.0
5969.25,0.0,0.0
5969.5,0.0,0.0
5969.75,0.0,0.0
5970.0,0.0,0.0
5970.25,0.0,0.0
5970.5,0.0,0.0
5970.75,0.0,0.0
5971.0,0.0,0.0
5971.25,0.0,0.0
5971.5,0.0,0.0
5971.75,0.0,0.0
5972.0,0.0,0.0
5972.25,0.0,0.0
5972.5,0.0,0.0
5972.75,0.0,0.0
5973.0,0.0,0.0
5973.25,0.0,0.0
5973.5,0.0,0.0
5973.75,0.0,0.0
5974.0,0.0,0.0
5974.25,0.0,0.0
5974.5,0.0,0.0
5974.75,0.0,0.0
5975.0,0.0,0.0
5975.25,0.0,0.0
5975.5,0.0,0.0
5975.75,0.0,0.0
5976.0,0.0,0.0
5976.25,0.0,0.0
5976.5,0.0,0.0
5976.75,0.0,0.0
5977.0,0.0,0.0
5977.25,0.0,0.0
5977.5,0.0,0.0
5977.75,0.0,0.0
5978.0,0.0,0.0
5978.25,0.0,0.0
5978.5,0.0,0.0
5978.75,0.0,0.0
5979.0,0.0,0.0
5979.25,0.0,0.0
5979.5,0.0,0.0
5979.75,0.0,0.0
5980.0,0.0,0.0
5980.25,0.0,0.0
5980.5,0.0,0.0
5980.75,0.0,0.0
5981.0,0.0,0.0
5981.25,0.0,0.0
5981.5,0.0,0.0
5981.75,0.0,0.0
5982.0,0.0,0.0
5982.25,0.0,0.0
5982.5,0.0,0.0
5982.75,0.0,0.0
5983.0,0.0,0.0
5983.25,0.0,0.0
5983.5,0.0,0.0
5983.75,0.0,0.0
5984.0,0.0,0.0
5984.25,0.0,0.0
5984.5,0.0,0.0
5984.75,0.0,0.0
5985.0,0.0,0.0
5985.25,0.0,0.0
5985.5,0.0,0.0
5985.75,0.0,0.0
5986.0,0.0,0.0
5986.25,0.0,0.0
5986.5,0.0,0.0
5986.75,0.0,0.0
5987.0,0.0,0.0
5987.25,0.0,0.0
5987.5,0.0,0.0
5987.75,0.0,0.0
5988.0,0.0,0.0
5988.25,0.0,0.0
5988.5,0.0,0.0
5988.75,0.0,0.0
5989.0,0.0,0.0
5989.25,0.0,0.0
5989.5,0.0,0.0
5989.75,0.0,0.0
5990.0,0.0,0.0
5990.25,0.0,0.0
5990.5,0.0,0.0
5990.75,0.0,0.0
5991.0,0.0,0.0
5991.25,0.0,0.0
5991.5,0.0,0.0
5991.75,0.0,0.0
5992.0,0.0,0.0
5992.25,0.0,0.0
5992.5,0.0,0.0
5992.75,0.0,0.0
5993.0,0.0,0.0
5993.25,0.0,0.0
5993.5,0.0,0.0
5993.75,0.0,0.0
5994.0,0.0,0.0
5994.25,0.0,0.0
5994.5,0.0,0.0
5994.75,0.0,0.0
5995.0,0.0,0.0
5995.25,0.0,0.0
5995.5,0.0,0.0
5995.75,0.0,0.0
5996.0,0.0,0.0
5996.25,0.0,0.0
5996.5,0.0,0.0
5996.75,0.0,0.0
5997.0,0.0,0.0
5997.25,0.0,0.0
5997.5,0.0,0.0
5997.75,0.0,0.0
5998.0,0.0,0.0
5998.25,0.0,0.0
5998.5,0.0,0.0
5998.75,0.0,0.0
5999.0,0.0,0.0
5999.25,0.0,0.0
5999.5,0.0,0.0
5999.75,0.0,0.0
6000.0,0.0,0.0
6000.25,0.0,0.0
6000.5,0.0,0.0
6000.75,0.0,0.0
6001.0,0.0,0.0
6001.25,0.0,0.0
6001.5,0.0,0.0
6001.75,0.0,0.0
6002.0,0.0,0.0
6002.25,0.0,0.0
6002.5,0.0,0.0
6002.75,0.0,0.0
6003.0,0.0,0.0
6003.25,0.0,0.0
6003.5,0.0,0.0
6003.75,0.0,0.0
6004.0,0.0,0.0
6004.25,0.0,0.0
6004.5,0.0,0.0
6004.75,0.0,0.0
6005.0,0.0,0.0
6005.25,0.0,0.0
6005.5,0.0,0.0
6005.75,0.0,0.0
6006.0,0.0,0.0
6006.25,0.0,0.0
6006.5,0.0,0.0
6006.75,0.0,0.0
6007.0,0.0,0.0
6007.25,0.0,0.0
6007.5,0.0,0.0
6007.75,0.0,0.0
6008.0,0.0,0.0
6008.25,0.0,0.0
6008.5,0.0,0.0
6008.75,0.0,0.0
6009.0,0.0,0.0
6009.25,0.0,0.0
6009.5,0.0,0.0
6009.75,0.0,0.0
6010.0,0.0,0.0
6010.25,0.0,0.0
6010.5,0.0,0.0
6010.75,0.0,0.0
6011.0,0.0,0.0
6011.25,0.0,0.0
6011.5,0.0,0.0
6011.75,0.0,0.0
6012.0,0.0,0.0
6012.25,0.0,0.0
6012.5,0.0,0.0
6012.75,0.0,0.0
6013.0,0.0,0.0
6013.25,0.0,0.0
6013.5,0.0,0.0
6013.75,0.0,0.0
6014.0,0.0,0.0
6014.25,0.0,0.0
6014.5,0.0,0.0
6014.75,0.0,0.0
6015.0,0.0,0.0
6015.25,0.0,0.0
6015.5,0.0,0.0
6015.75,0.0,0.0
6016.0,0.0,0.0
6016.25,0.0,0.0
6016.5,0.0,0.0
6016.75,0.0,0.0
6017.0,0.0,0.0
6017.25,0.0,0.0
6017.5,0.0,0.0
6017.75,0.0,0.0
6018.0,0.0,0.0
6018.25,0.0,0.0
6018.5,0.0,0.0
6018.75,0.0,0.0
6019.0,0.0,0.0
6019.25,0.0,0.0
6019.5,0.0,0.0
6019.75,0.0,0.0
6020.0,0.0,0.0
6020.25,0.0,0.0
6020.5,0.0,0.0
6020.75,0.0,0.0
6021.0,0.0,0.0
6021.25,0.0,0.0
6021.5,0.0,0.0
6021.75,0.0,0.0
6022.0,0.0,0.0
6022.25,0.0,0.0
6022.5,0.0,0.0
6022.75,0.0,0.0
6023.0,0.0,0.0
6023.25,0.0,0.0
6023.5,0.0,0.0
6023.75,0.0,0.0
6024.0,0.0,0.0
6024.25,0.0,0.0
6024.5,0.0,0.0
6024.75,0.0,0.0
6025.0,0.0,0.0
6025.25,0.0,0.0
6025.5,0.0,0.0
6025.75,0.0,0.0
6026.0,0.0,0.0
6026.25,0.0,0.0
6026.5,0.0,0.0
6026.75,0.0,0.0
6027.0,0.0,0.0
6027.25,0.0,0.0
6027.5,0.0,0.0
6027.75,0.0,0.0
6028.0,0.0,0.0
6028.25,0.0,0.0
6028.5,0.0,0.0
6028.75,0.0,0.0
6029.0,0.0,0.0
6029.25,0.0,0.0
6029.5,0.0,0.0
6029.75,0.0,0.0
6030.0,0.0,0.0
6030.25,0.0,0.0
6030.5,0.0,0.0
6030.75,0.0,0.0
6031.0,0.0,0.0
6031.25,0.0,0.0
6031.5,0.0,0.0
6031.75,0.0,0.0
6032.0,0.0,0.0
6032.25,0.0,0.0
6032.5,0.0,0.0
6032.75,0.0,0.0
6033.0,0.0,0.0
6033.25,0.0,0.0
6033.5,0.0,0.0
6033.75,0.0,0.0
6034.0,0.0,0.0
6034.25,0.0,0.0
6034.5,0.0,0.0
6034.75,0.0,0.0
6035.0,0.0,0.0
6035.25,0.0,0.0
6035.5,0.0,0.0
6035.75,0.0,0.0
6036.0,0.0,0.0
6036.25,0.0,0.0
6036.5,0.0,0.0
6036.75,0.0,0.0
6037.0,0.0,0.0
6037.25,0.0,0.0
6037.5,0.0,0.0
6037.75,0.0,0.0
6038.0,0.0,0.0
6038.25,0.0,0.0
6038.5,0.0,0.0
6038.75,0.0,0.0
6039.0,0.0,0.0
6039.25,0.0,0.0
6039.5,0.0,0.0
6039.75,0.0,0.0
6040.0,0.0,0.0
6040.25,0.0,0.0
6040.5,0.0,0.0
6040.75,0.0,0.0
6041.0,0.0,0.0
6041.25,0.0,0.0
6041.5,0.0,0.0
6041.75,0.0,0.0
6042.0,0.0,0.0
6042.25,0.0,0.0
6042.5,0.0,0.0
6042.75,0.0,0.0
6043.0,0.0,0.0
6043.25,0.0,0.0
6043.5,0.0,0.0
6043.75,0.0,0.0
6044.0,0.0,0.0
6044.25,0.0,0.0
6044.5,0.0,0.0
6044.75,0.0,0.0
6045.0,0.0,0.0
6045.25,0.0,0.0
6045.5,0.0,0.0
6045.75,0.0,0.0
6046.0,0.0,0.0
6046.25,0.0,0.0
6046.5,0.0,0.0
6046.75,0.0,0.0
6047.0,0.0,0.0
6047.25,0.0,0.0
6047.5,0.0,0.0
6047.75,0.0,0.0
6048.0,0.0,0.0
6048.25,0.0,0.0
6048.5,0.0,0.0
6048.75,0.0,0.0
6049.0,0.0,0.0
6049.25,0.0,0.0
6049.5,0.0,0.0
6049.75,0.0,0.0
6050.0,0.0,0.0
6050.25,0.0,0.0
6050.5,0.0,0.0
6050.75,0.0,0.0
6051.0,0.0,0.0
6051.25,0.0,0.0
6051.5,0.0,0.0
6051.75,0.0,0.0
6052.0,0.0,0.0
6052.25,0.0,0.0
6052.5,0.0,0.0
6052.75,0.0,0.0
6053.0,0.0,0.0
6053.25,0.0,0.0
6053.5,0.0,0.0
6053.75,0.0,0.0
6054.0,0.0,0.0
6054.25,0.0,0.0
6054.5,0.0,0.0
6054.75,0.0,0.0
6055.0,0.0,0.0
6055.25,0.0,0.0
6055.5,0.0,0.0
6055.75,0.0,0.0
6056.0,0.0,0.0
6056.25,0.0,0.0
6056.5,0.0,0.0
6056.75,0.0,0.0
6057.0,0.0,0.0
6057.25,0.0,0.0
6057.5,0.0,0.0
6057.75,0.0,0.0
6058.0,0.0,0.0
6058.25,0.0,0.0
6058.5,0.0,0.0
6058.75,0.0,0.0
6059.0,0.0,0.0
6059.25,0.0,0.0
6059.5,0.0,0.0
6059.75,0.0,0.0
6060.0,0.0,0.0
6060.25,0.0,0.0
6060.5,0.0,0.0
6060.75,0.0,0.0
6061.0,0.0,0.0
6061.25,0.0,0.0
6061.5,0.0,0.0
6061.75,0.0,0.0
6062.0,0.0,0.0
6062.25,0.0,0.0
6062.5,0.0,0.0
6062.75,0.0,0.0
6063.0,0.0,0.0
6063.25,0.0,0.0
6063.5,0.0,0.0
6063.75,0.0,0.0
6064.0,0.0,0.0
6064.25,0.0,0.0
6064.5,0.0,0.0
6064.75,0.0,0.0
6065.0,0.0,0.0
6065.25,0.0,0.0
6065.5,0.0,0.0
6065.75,0.0,0.0
6066.0,0.0,0.0
6066.25,0.0,0.0
6066.5,0.0,0.0
6066.75,0.0,0.0
6067.0,0.0,0.0
6067.25,0.0,0.0
6067.5,0.0,0.0
6067.75,0.0,0.0
6068.0,0.0,0.0
6068.25,0.0,0.0
6068.5,0.0,0.0
6068.75,0.0,0.0
6069.0,0.0,0.0
6069.25,0.0,0.0
6069.5,0.0,0.0
6069.75,0.0,0.0
6070.0,0.0,0.0
6070.25,0.0,0.0
6070.5,0.0,0.0
6070.75,0.0,0.0
6071.0,0.0,0.0
6071.25,0.0,0.0
6071.5,0.0,0.0
6071.75,0.0,0.0
6072.0,0.0,0.0
6072.25,0.0,0.0
6072.5,0.0,0.0
6072.75,0.0,0.0
6073.0,0.0,0.0
6073.25,0.0,0.0
6073.5,0.0,0.0
6073.75,0.0,0.0
6074.0,0.0,0.0
6074.25,0.0,0.0
6074.5,0.0,0.0
6074.75,0.0,0.0
6075.0,0.0,0.0
6075.25,0.0,0.0
6075.5,0.0,0.0
6075.75,0.0,0.0
6076.0,0.0,0.0
6076.25,0.0,0.0
6076.5,0.0,0.0
6076.75,0.0,0.0
6077.0,0.0,0.0
6077.25,0.0,0.0
6077.5,0.0,0.0
6077.75,0.0,0.0
6078.0,0.0,0.0
6078.25,0.0,0.0
6078.5,0.0,0.0
6078.75,0.0,0.0
6079.0,0.0,0.0
6079.25,0.0,0.0
6079.5,0.0,0.0
6079.75,0.0,0.0
6080.0,0.0,0.0
6080.25,0.0,0.0
6080.5,0.0,0.0
6080.75,0.0,0.0
6081.0,0.0,0.0
6081.25,0.0,0.0
6081.5,0.0,0.0
6081.75,0.0,0.0
6082.0,0.0,0.0
6082.25,0.0,0.0
6082.5,0.0,0.0
6082.75,0.0,0.0
6083.0,0.0,0.0
6083.25,0.0,0.0
6083.5,0.0,0.0
6083.75,0.0,0.0
6084.0,0.0,0.0
6084.25,0.0,0.0
6084.5,0.0,0.0
6084.75,0.0,0.0
6085.0,0.0,0.0
6085.25,0.0,0.0
6085.5,0.0,0.0
6085.75,0.0,0.0
6086.0,0.0,0.0
6086.25,0.0,0.0
6086.5,0.0,0.0
6086.75,0.0,0.0
6087.0,0.0,0.0
6087.25,0.0,0.0
6087.5,0.0,0.0
6087.75,0.0,0.0
6088.0,0.0,0.0
6088.25,0.0,0.0
6088.5,0.0,0.0
6088.75,0.0,0.0
6089.0,0.0,0.0
6089.25,0.0,0.0
6089.5,0.0,0.0
6089.75,0.0,0.0
6090.0,0.0,0.0
6090.25,0.0,0.0
6090.5,0.0,0.0
6090.75,0.0,0.0
6091.0,0.0,0.0
6091.25,0.0,0.0
6091.5,0.0,0.0
6091.75,0.0,0.0
6092.0,0.0,0.0
6092.25,0.0,0.0
6092.5,0.0,0.0
6092.75,0.0,0.0
6093.0,0.0,0.0
6093.25,0.0,0.0
6093.5,0.0,0.0
6093.75,0.0,0.0
6094.0,0.0,0.0
6094.25,0.0,0.0
6094.5,0.0,0.0
6094.75,0.0,0.0
6095.0,0.0,0.0
6095.25,0.0,0.0
6095.5,0.0,0.0
6095.75,0.0,0.0
6096.0,0.0,0.0
6096.25,0.0,0.0
6096.5,0.0,0.0
6096.75,0.0,0.0
6097.0,0.0,0.0
6097.25,0.0,0.0
6097.5,0.0,0.0
6097.75,0.0,0.0
6098.0,0.0,0.0
6098.25,0.0,0.0
6098.5,0.0,0.0
6098.75,0.0,0.0
6099.0,0.0,0.0
6099.25,0.0,0.0
6099.5,0.0,0.0
6099.75,0.0,0.0
6100.0,0.0,0.0
6100.25,0.0,0.0
6100.5,0.0,0.0
6100.75,0.0,0.0
6101.0,0.0,0.0
6101.25,0.0,0.0
6101.5,0.0,0.0
6101.75,0.0,0.0
6102.0,0.0,0.0
6102.25,0.0,0.0
6102.5,0.0,0.0
6102.75,0.0,0.0
6103.0,0.0,0.0
6103.25,0.0,0.0
6103.5,0.0,0.0
6103.75,0.0,0.0
6104.0,0.0,0.0
6104.25,0.0,0.0
6104.5,0.0,0.0
6104.75,0.0,0.0
6105.0,0.0,0.0
6105.25,0.0,0.0
6105.5,0.0,0.0
6105.75,0.0,0.0
6106.0,0.0,0.0
6106.25,0.0,0.0
6106.5,0.0,0.0
6106.75,0.0,0.0
6107.0,0.0,0.0
6107.25,0.0,0.0
6107.5,0.0,0.0
6107.75,0.0,0.0
6108.0,0.0,0.0
6108.25,0.0,0.0
6108.5,0.0,0.0
6108.75,0.0,0.0
6109.0,0.0,0.0
6109.25,0.0,0.0
6109.5,0.0,0.0
6109.75,0.0,0.0
6110.0,0.0,0.0
6110.25,0.0,0.0
6110.5,0.0,0.0
6110.75,0.0,0.0
6111.0,0.0,0.0
6111.25,0.0,0.0
6111.5,0.0,0.0
6111.75,0.0,0.0
6112.0,0.0,0.0
6112.25,0.0,0.0
6112.5,0.0,0.0
6112.75,0.0,0.0
6113.0,0.0,0.0
6113.25,0.0,0.0
6113.5,0.0,0.0
6113.75,0.0,0.0
6114.0,0.0,0.0
6114.25,0.0,0.0
6114.5,0.0,0.0
6114.75,0.0,0.0
6115.0,0.0,0.0
6115.25,0.0,0.0
6115.5,0.0,0.0
6115.75,0.0,0.0
6116.0,0.0,0.0
6116.25,0.0,0.0
6116.5,0.0,0.0
6116.75,0.0,0.0
6117.0,0.0,0.0
6117.25,0.0,0.0
6117.5,0.0,0.0
6117.75,0.0,0.0
6118.0,0.0,0.0
6118.25,0.0,0.0
6118.5,0.0,0.0
6118.75,0.0,0.0
6119.0,0.0,0.0
6119.25,0.0,0.0
6119.5,0.0,0.0
6119.75,0.0,0.0
6120.0,0.0,0.0
6120.25,0.0,0.0
6120.5,0.0,0.0
6120.75,0.0,0.0
6121.0,0.0,0.0
6121.25,0.0,0.0
6121.5,0.0,0.0
6121.75,0.0,0.0
6122.0,0.0,0.0
6122.25,0.0,0.0
6122.5,0.0,0.0
6122.75,0.0,0.0
6123.0,0.0,0.0
6123.25,0.0,0.0
6123.5,0.0,0.0
6123.75,0.0,0.0
6124.0,0.0,0.0
6124.25,0.0,0.0
6124.5,0.0,0.0
6124.75,0.0,0.0
6125.0,0.0,0.0
6125.25,0.0,0.0
6125.5,0.0,0.0
6125.75,0.0,0.0
6126.0,0.0,0.0
6126.25,0.0,0.0
6126.5,0.0,0.0
6126.75,0.0,0.0
6127.0,0.0,0.0
6127.25,0.0,0.0
6127.5,0.0,0.0
6127.75,0.0,0.0
6128.0,0.0,0.0
6128.25,0.0,0.0
6128.5,0.0,0.0
6128.75,0.0,0.0
6129.0,0.0,0.0
6129.25,0.0,0.0
6129.5,0.0,0.0
6129.75,0.0,0.0
6130.0,0.0,0.0
6130.25,0.0,0.0
6130.5,0.0,0.0
6130.75,0.0,0.0
6131.0,0.0,0.0
6131.25,0.0,0.0
6131.5,0.0,0.0
6131.75,0.0,0.0
6132.0,0.0,0.0
6132.25,0.0,0.0
6132.5,0.0,0.0
6132.75,0.0,0.0
6133.0,0.0,0.0
6133.25,0.0,0.0
6133.5,0.0,0.0
6133.75,0.0,0.0
6134.0,0.0,0.0
6134.25,0.0,0.0
6134.5,0.0,0.0
6134.75,0.0,0.0
6135.0,0.0,0.0
6135.25,0.0,0.0
6135.5,0.0,0.0
6135.75,0.0,0.0
6136.0,0.0,0.0
6136.25,0.0,0.0
6136.5,0.0,0.0
6136.75,0.0,0.0
6137.0,0.0,0.0
6137.25,0.0,0.0
6137.5,0.0,0.0
6137.75,0.0,0.0
6138.0,0.0,0.0
6138.25,0.0,0.0
6138.5,0.0,0.0
6138.75,0.0,0.0
6139.0,0.0,0.0
6139.25,0.0,0.0
6139.5,0.0,0.0
6139.75,0.0,0.0
6140.0,0.0,0.0
6140.25,0.0,0.0
6140.5,0.0,0.0
6140.75,0.0,0.0
6141.0,0.0,0.0
6141.25,0.0,0.0
6141.5,0.0,0.0
6141.75,0.0,0.0
6142.0,0.0,0.0
6142.25,0.0,0.0
6142.5,0.0,0.0
6142.75,0.0,0.0
6143.0,0.0,0.0
6143.25,0.0,0.0
6143.5,0.0,0.0
6143.75,0.0,0.0
6144.0,0.0,0.0
6144.25,0.0,0.0
6144.5,0.0,0.0
6144.75,0.0,0.0
6145.0,0.0,0.0
6145.25,0.0,0.0
6145.5,0.0,0.0
6145.75,0.0,0.0
6146.0,0.0,0.0
6146.25,0.0,0.0
6146.5,0.0,0.0
6146.75,0.0,0.0
6147.0,0.0,0.0
6147.25,0.0,0.0
6147.5,0.0,0.0
6147.75,0.0,0.0
6148.0,0.0,0.0
6148.25,0.0,0.0
6148.5,0.0,0.0
6148.75,0.0,0.0
6149.0,0.0,0.0
6149.25,0.0,0.0
6149.5,0.0,0.0
6149.75,0.0,0.0
6150.0,0.0,0.0
6150.25,0.0,0.0
6150.5,0.0,0.0
6150.75,0.0,0.0
6151.0,0.0,0.0
6151.25,0.0,0.0
6151.5,0.0,0.0
6151.75,0.0,0.0
6152.0,0.0,0.0
6152.25,0.0,0.0
6152.5,0.0,0.0
6152.75,0.0,0.0
6153.0,0.0,0.0
6153.25,0.0,0.0
6153.5,0.0,0.0
6153.75,0.0,0.0
6154.0,0.0,0.0
6154.25,0.0,0.0
6154.5,0.0,0.0
6154.75,0.0,0.0
6155.0,0.0,0.0
6155.25,0.0,0.0
6155.5,0.0,0.0
6155.75,0.0,0.0
6156.0,0.0,0.0
6156.25,0.0,0.0
6156.5,0.0,0.0
6156.75,0.0,0.0
6157.0,0.0,0.0
6157.25,0.0,0.0
6157.5,0.0,0.0
6157.75,0.0,0.0
6158.0,0.0,0.0
6158.25,0.0,0.0
6158.5,0.0,0.0
6158.75,0.0,0.0
6159.0,0.0,0.0
6159.25,0.0,0.0
6159.5,0.0,0.0
6159.75,0.0,0.0
6160.0,0.0,0.0
6160.25,0.0,0.0
6160.5,0.0,0.0
6160.75,0.0,0.0
6161.0,0.0,0.0
6161.25,0.0,0.0
6161.5,0.0,0.0
6161.75,0.0,0.0
6162.0,0.0,0.0
6162.25,0.0,0.0
6162.5,0.0,0.0
6162.75,0.0,0.0
6163.0,0.0,0.0
6163.25,0.0,0.0
6163.5,0.0,0.0
6163.75,0.0,0.0
6164.0,0.0,0.0
6164.25,0.0,0.0
6164.5,0.0,0.0
6164.75,0.0,0.0
6165.0,0.0,0.0
6165.25,0.0,0.0
6165.5,0.0,0.0
6165.75,0.0,0.0
6166.0,0.0,0.0
6166.25,0.0,0.0
6166.5,0.0,0.0
6166.75,0.0,0.0
6167.0,0.0,0.0
6167.25,0.0,0.0
6167.5,0.0,0.0
6167.75,0.0,0.0
6168.0,0.0,0.0
6168.25,0.0,0.0
6168.5,0.0,0.0
6168.75,0.0,0.0
6169.0,0.0,0.0
6169.25,0.0,0.0
6169.5,0.0,0.0
6169.75,0.0,0.0
6170.0,0.0,0.0
6170.25,0.0,0.0
6170.5,0.0,0.0
6170.75,0.0,0.0
6171.0,0.0,0.0
6171.25,0.0,0.0
6171.5,0.0,0.0
6171.75,0.0,0.0
6172.0,0.0,0.0
6172.25,0.0,0.0
6172.5,0.0,0.0
6172.75,0.0,0.0
6173.0,0.0,0.0
6173.25,0.0,0.0
6173.5,0.0,0.0
6173.75,0.0,0.0
6174.0,0.0,0.0
6174.25,0.0,0.0
6174.5,0.0,0.0
6174.75,0.0,0.0
6175.0,0.0,0.0
6175.25,0.0,0.0
6175.5,0.0,0.0
6175.75,0.0,0.0
6176.0,0.0,0.0
6176.25,0.0,0.0
6176.5,0.0,0.0
6176.75,0.0,0.0
6177.0,0.0,0.0
6177.25,0.0,0.0
6177.5,0.0,0.0
6177.75,0.0,0.0
6178.0,0.0,0.0
6178.25,0.0,0.0
6178.5,0.0,0.0
6178.75,0.0,0.0
6179.0,0.0,0.0
6179.25,0.0,0.0
6179.5,0.0,0.0
6179.75,0.0,0.0
6180.0,0.0,0.0
6180.25,0.0,0.0
6180.5,0.0,0.0
6180.75,0.0,0.0
6181.0,0.0,0.0
6181.25,0.0,0.0
6181.5,0.0,0.0
6181.75,0.0,0.0
6182.0,0.0,0.0
6182.25,0.0,0.0
6182.5,0.0,0.0
6182.75,0.0,0.0
6183.0,0.0,0.0
6183.25,0.0,0.0
6183.5,0.0,0.0
6183.75,0.0,0.0
6184.0,0.0,0.0
6184.25,0.0,0.0
6184.5,0.0,0.0
6184.75,0.0,0.0
6185.0,0.0,0.0
6185.25,0.0,0.0
6185.5,0.0,0.0
6185.75,0.0,0.0
6186.0,0.0,0.0
6186.25,0.0,0.0
6186.5,0.0,0.0
6186.75,0.0,0.0
6187.0,0.0,0.0
6187.25,0.0,0.0
6187.5,0.0,0.0
6187.75,0.0,0.0
6188.0,0.0,0.0
6188.25,0.0,0.0
6188.5,0.0,0.0
6188.75,0.0,0.0
6189.0,0.0,0.0
6189.25,0.0,0.0
6189.5,0.0,0.0
6189.75,0.0,0.0
6190.0,0.0,0.0
6190.25,0.0,0.0
6190.5,0.0,0.0
6190.75,0.0,0.0
6191.0,0.0,0.0
6191.25,0.0,0.0
6191.5,0.0,0.0
6191.75,0.0,0.0
6192.0,0.0,0.0
6192.25,0.0,0.0
6192.5,0.0,0.0
6192.75,0.0,0.0
6193.0,0.0,0.0
6193.25,0.0,0.0
6193.5,0.0,0.0
6193.75,0.0,0.0
6194.0,0.0,0.0
6194.25,0.0,0.0
6194.5,0.0,0.0
6194.75,0.0,0.0
6195.0,0.0,0.0
6195.25,0.0,0.0
6195.5,0.0,0.0
6195.75,0.0,0.0
6196.0,0.0,0.0
6196.25,0.0,0.0
6196.5,0.0,0.0
6196.75,0.0,0.0
6197.0,0.0,0.0
6197.25,0.0,0.0
6197.5,0.0,0.0
6197.75,0.0,0.0
6198.0,0.0,0.0
6198.25,0.0,0.0
6198.5,0.0,0.0
6198.75,0.0,0.0
6199.0,0.0,0.0
6199.25,0.0,0.0
6199.5,0.0,0.0
6199.75,0.0,0.0
6200.0,0.0,0.0
6200.25,0.0,0.0
6200.5,0.0,0.0
6200.75,0.0,0.0
6201.0,0.0,0.0
6201.25,0.0,0.0
6201.5,0.0,0.0
6201.75,0.0,0.0
6202.0,0.0,0.0
6202.25,0.0,0.0
6202.5,0.0,0.0
6202.75,0.0,0.0
6203.0,0.0,0.0
6203.25,0.0,0.0
6203.5,0.0,0.0
6203.75,0.0,0.0
6204.0,0.0,0.0
6204.25,0.0,0.0
6204.5,0.0,0.0
6204.75,0.0,0.0
6205.0,0.0,0.0
6205.25,0.0,0.0
6205.5,0.0,0.0
6205.75,0.0,0.0
6206.0,0.0,0.0
6206.25,0.0,0.0
6206.5,0.0,0.0
6206.75,0.0,0.0
6207.0,0.0,0.0
6207.25,0.0,0.0
6207.5,0.0,0.0
6207.75,0.0,0.0
6208.0,0.0,0.0
6208.25,0.0,0.0
6208.5,0.0,0.0
6208.75,0.0,0.0
6209.0,0.0,0.0
6209.25,0.0,0.0
6209.5,0.0,0.0
6209.75,0.0,0.0
6210.0,0.0,0.0
6210.25,0.0,0.0
6210.5,0.0,0.0
6210.75,0.0,0.0
6211.0,0.0,0.0
6211.25,0.0,0.0
6211.5,0.0,0.0
6211.75,0.0,0.0
6212.0,0.0,0.0
6212.25,0.0,0.0
6212.5,0.0,0.0
6212.75,0.0,0.0
6213.0,0.0,0.0
6213.25,0.0,0.0
6213.5,0.0,0.0
6213.75,0.0,0.0
6214.0,0.0,0.0
6214.25,0.0,0.0
6214.5,0.0,0.0
6214.75,0.0,0.0
6215.0,0.0,0.0
6215.25,0.0,0.0
6215.5,0.0,0.0
6215.75,0.0,0.0
6216.0,0.0,0.0
6216.25,0.0,0.0
6216.5,0.0,0.0
6216.75,0.0,0.0
6217.0,0.0,0.0
6217.25,0.0,0.0
6217.5,0.0,0.0
6217.75,0.0,0.0
6218.0,0.0,0.0
6218.25,0.0,0.0
6218.5,0.0,0.0
6218.75,0.0,0.0
6219.0,0.0,0.0
6219.25,0.0,0.0
6219.5,0.0,0.0
6219.75,0.0,0.0
6220.0,0.0,0.0
6220.25,0.0,0.0
6220.5,0.0,0.0
6220.75,0.0,0.0
6221.0,0.0,0.0
6221.25,0.0,0.0
6221.5,0.0,0.0
6221.75,0.0,0.0
6222.0,0.0,0.0
6222.25,0.0,0.0
6222.5,0.0,0.0
6222.75,0.0,0.0
6223.0,0.0,0.0
6223.25,0.0,0.0
6223.5,0.0,0.0
6223.75,0.0,0.0
6224.0,0.0,0.0
6224.25,0.0,0.0
6224.5,0.0,0.0
6224.75,0.0,0.0
6225.0,0.0,0.0
6225.25,0.0,0.0
6225.5,0.0,0.0
6225.75,0.0,0.0
6226.0,0.0,0.0
6226.25,0.0,0.0
6226.5,0.0,0.0
6226.75,0.0,0.0
6227.0,0.0,0.0
6227.25,0.0,0.0
6227.5,0.0,0.0
6227.75,0.0,0.0
6228.0,0.0,0.0
6228.25,0.0,0.0
6228.5,0.0,0.0
6228.75,0.0,0.0
6229.0,0.0,0.0
6229.25,0.0,0.0
6229.5,0.0,0.0
6229.75,0.0,0.0
6230.0,0.0,0.0
6230.25,0.0,0.0
6230.5,0.0,0.0
6230.75,0.0,0.0
6231.0,0.0,0.0
6231.25,0.0,0.0
6231.5,0.0,0.0
6231.75,0.0,0.0
6232.0,0.0,0.0
6232.25,0.0,0.0
6232.5,0.0,0.0
6232.75,0.0,0.0
6233.0,0.0,0.0
6233.25,0.0,0.0
6233.5,0.0,0.0
6233.75,0.0,0.0
6234.0,0.0,0.0
6234.25,0.0,0.0
6234.5,0.0,0.0
6234.75,0.0,0.0
6235.0,0.0,0.0
6235.25,0.0,0.0
6235.5,0.0,0.0
6235.75,0.0,0.0
6236.0,0.0,0.0
6236.25,0.0,0.0
6236.5,0.0,0.0
6236.75,0.0,0.0
6237.0,0.0,0.0
6237.25,0.0,0.0
6237.5,0.0,0.0
6237.75,0.0,0.0
6238.0,0.0,0.0
6238.25,0.0,0.0
6238.5,0.0,0.0
6238.75,0.0,0.0
6239.0,0.0,0.0
6239.25,0.0,0.0
6239.5,0.0,0.0
6239.75,0.0,0.0
6240.0,0.0,0.0
6240.25,0.0,0.0
6240.5,0.0,0.0
6240.75,0.0,0.0
6241.0,0.0,0.0
6241.25,0.0,0.0
6241.5,0.0,0.0
6241.75,0.0,0.0
6242.0,0.0,0.0
6242.25,0.0,0.0
6242.5,0.0,0.0
6242.75,0.0,0.0
6243.0,0.0,0.0
6243.25,0.0,0.0
6243.5,0.0,0.0
6243.75,0.0,0.0
6244.0,0.0,0.0
6244.25,0.0,0.0
6244.5,0.0,0.0
6244.75,0.0,0.0
6245.0,0.0,0.0
6245.25,0.0,0.0
6245.5,0.0,0.0
6245.75,0.0,0.0
6246.0,0.0,0.0
6246.25,0.0,0.0
6246.5,0.0,0.0
6246.75,0.0,0.0
6247.0,0.0,0.0
6247.25,0.0,0.0
6247.5,0.0,0.0
6247.75,0.0,0.0
6248.0,0.0,0.0
6248.25,0.0,0.0
6248.5,0.0,0.0
6248.75,0.0,0.0
6249.0,0.0,0.0
6249.25,0.0,0.0
6249.5,0.0,0.0
6249.75,0.0,0.0
6250.0,0.0,0.0
6250.25,0.0,0.0
6250.5,0.0,0.0
6250.75,0.0,0.0
6251.0,0.0,0.0
6251.25,0.0,0.0
6251.5,0.0,0.0
6251.75,0.0,0.0
6252.0,0.0,0.0
6252.25,0.0,0.0
6252.5,0.0,0.0
6252.75,0.0,0.0
6253.0,0.0,0.0
6253.25,0.0,0.0
6253.5,0.0,0.0
6253.75,0.0,0.0
6254.0,0.0,0.0
6254.25,0.0,0.0
6254.5,0.0,0.0
6254.75,0.0,0.0
6255.0,0.0,0.0
6255.25,0.0,0.0
6255.5,0.0,0.0
6255.75,0.0,0.0
6256.0,0.0,0.0
6256.25,0.0,0.0
6256.5,0.0,0.0
6256.75,0.0,0.0
6257.0,0.0,0.0
6257.25,0.0,0.0
6257.5,0.0,0.0
6257.75,0.0,0.0
6258.0,0.0,0.0
6258.25,0.0,0.0
6258.5,0.0,0.0
6258.75,0.0,0.0
6259.0,0.0,0.0
6259.25,0.0,0.0
6259.5,0.0,0.0
6259.75,0.0,0.0
6260.0,0.0,0.0
6260.25,0.0,0.0
6260.5,0.0,0.0
6260.75,0.0,0.0
6261.0,0.0,0.0
6261.25,0.0,0.0
6261.5,0.0,0.0
6261.75,0.0,0.0
6262.0,0.0,0.0
6262.25,0.0,0.0
6262.5,0.0,0.0
6262.75,0.0,0.0
6263.0,0.0,0.0
6263.25,0.0,0.0
6263.5,0.0,0.0
6263.75,0.0,0.0
6264.0,0.0,0.0
6264.25,0.0,0.0
6264.5,0.0,0.0
6264.75,0.0,0.0
6265.0,0.0,0.0
6265.25,0.0,0.0
6265.5,0.0,0.0
6265.75,0.0,0.0
6266.0,0.0,0.0
6266.25,0.0,0.0
6266.5,0.0,0.0
6266.75,0.0,0.0
6267.0,0.0,0.0
6267.25,0.0,0.0
6267.5,0.0,0.0
6267.75,0.0,0.0
6268.0,0.0,0.0
6268.25,0.0,0.0
6268.5,0.0,0.0
6268.75,0.0,0.0
6269.0,0.0,0.0
6269.25,0.0,0.0
6269.5,0.0,0.0
6269.75,0.0,0.0
6270.0,0.0,0.0
6270.25,0.0,0.0
6270.5,0.0,0.0
6270.75,0.0,0.0
6271.0,0.0,0.0
6271.25,0.0,0.0
6271.5,0.0,0.0
6271.75,0.0,0.0
6272.0,0.0,0.0
6272.25,0.0,0.0
6272.5,0.0,0.0
6272.75,0.0,0.0
6273.0,0.0,0.0
6273.25,0.0,0.0
6273.5,0.0,0.0
6273.75,0.0,0.0
6274.0,0.0,0.0
6274.25,0.0,0.0
6274.5,0.0,0.0
6274.75,0.0,0.0
6275.0,0.0,0.0
6275.25,0.0,0.0
6275.5,0.0,0.0
6275.75,0.0,0.0
6276.0,0.0,0.0
6276.25,0.0,0.0
6276.5,0.0,0.0
6276.75,0.0,0.0
6277.0,0.0,0.0
6277.25,0.0,0.0
6277.5,0.0,0.0
6277.75,0.0,0.0
6278.0,0.0,0.0
6278.25,0.0,0.0
6278.5,0.0,0.0
6278.75,0.0,0.0
6279.0,0.0,0.0
6279.25,0.0,0.0
6279.5,0.0,0.0
6279.75,0.0,0.0
6280.0,0.0,0.0
6280.25,0.0,0.0
6280.5,0.0,0.0
6280.75,0.0,0.0
6281.0,0.0,0.0
6281.25,0.0,0.0
6281.5,0.0,0.0
6281.75,0.0,0.0
6282.0,0.0,0.0
6282.25,0.0,0.0
6282.5,0.0,0.0
6282.75,0.0,0.0
6283.0,0.0,0.0
6283.25,0.0,0.0
6283.5,0.0,0.0
6283.75,0.0,0.0
6284.0,0.0,0.0
6284.25,0.0,0.0
6284.5,0.0,0.0
6284.75,0.0,0.0
6285.0,0.0,0.0
6285.25,0.0,0.0
6285.5,0.0,0.0
6285.75,0.0,0.0
6286.0,0.0,0.0
6286.25,0.0,0.0
6286.5,0.0,0.0
6286.75,0.0,0.0
6287.0,0.0,0.0
6287.25,0.0,0.0
6287.5,0.0,0.0
6287.75,0.0,0.0
6288.0,0.0,0.0
6288.25,0.0,0.0
6288.5,0.0,0.0
6288.75,0.0,0.0
6289.0,0.0,0.0
6289.25,0.0,0.0
6289.5,0.0,0.0
6289.75,0.0,0.0
6290.0,0.0,0.0
6290.25,0.0,0.0
6290.5,0.0,0.0
6290.75,0.0,0.0
6291.0,0.0,0.0
6291.25,0.0,0.0
6291.5,0.0,0.0
6291.75,0.0,0.0
6292.0,0.0,0.0
6292.25,0.0,0.0
6292.5,0.0,0.0
6292.75,0.0,0.0
6293.0,0.0,0.0
6293.25,0.0,0.0
6293.5,0.0,0.0
6293.75,0.0,0.0
6294.0,0.0,0.0
6294.25,0.0,0.0
6294.5,0.0,0.0
6294.75,0.0,0.0
6295.0,0.0,0.0
6295.25,0.0,0.0
6295.5,0.0,0.0
6295.75,0.0,0.0
6296.0,0.0,0.0
6296.25,0.0,0.0
6296.5,0.0,0.0
6296.75,0.0,0.0
6297.0,0.0,0.0
6297.25,0.0,0.0
6297.5,0.0,0.0
6297.75,0.0,0.0
6298.0,0.0,0.0
6298.25,0.0,0.0
6298.5,0.0,0.0
6298.75,0.0,0.0
6299.0,0.0,0.0
6299.25,0.0,0.0
6299.5,0.0,0.0
6299.75,0.0,0.0
6300.0,0.0,0.0
6300.25,0.0,0.0
6300.5,0.0,0.0
6300.75,0.0,0.0
6301.0,0.0,0.0
6301.25,0.0,0.0
6301.5,0.0,0.0
6301.75,0.0,0.0
6302.0,0.0,0.0
6302.25,0.0,0.0
6302.5,0.0,0.0
6302.75,0.0,0.0
6303.0,0.0,0.0
6303.25,0.0,0.0
6303.5,0.0,0.0
6303.75,0.0,0.0
6304.0,0.0,0.0
6304.25,0.0,0.0
6304.5,0.0,0.0
6304.75,0.0,0.0
6305.0,0.0,0.0
6305.25,0.0,0.0
6305.5,0.0,0.0
6305.75,0.0,0.0
6306.0,0.0,0.0
6306.25,0.0,0.0
6306.5,0.0,0.0
6306.75,0.0,0.0
6307.0,0.0,0.0
6307.25,0.0,0.0
6307.5,0.0,0.0
6307.75,0.0,0.0
6308.0,0.0,0.0
6308.25,0.0,0.0
6308.5,0.0,0.0
6308.75,0.0,0.0
6309.0,0.0,0.0
6309.25,0.0,0.0
6309.5,0.0,0.0
6309.75,0.0,0.0
6310.0,0.0,0.0
6310.25,0.0,0.0
6310.5,0.0,0.0
6310.75,0.0,0.0
6311.0,0.0,0.0
6311.25,0.0,0.0
6311.5,0.0,0.0
6311.75,0.0,0.0
6312.0,0.0,0.0
6312.25,0.0,0.0
6312.5,0.0,0.0
6312.75,0.0,0.0
6313.0,0.0,0.0
6313.25,0.0,0.0
6313.5,0.0,0.0
6313.75,0.0,0.0
6314.0,0.0,0.0
6314.25,0.0,0.0
6314.5,0.0,0.0
6314.75,0.0,0.0
6315.0,0.0,0.0
6315.25,0.0,0.0
6315.5,0.0,0.0
6315.75,0.0,0.0
6316.0,0.0,0.0
6316.25,0.0,0.0
6316.5,0.0,0.0
6316.75,0.0,0.0
6317.0,0.0,0.0
6317.25,0.0,0.0
6317.5,0.0,0.0
6317.75,0.0,0.0
6318.0,0.0,0.0
6318.25,0.0,0.0
6318.5,0.0,0.0
6318.75,0.0,0.0
6319.0,0.0,0.0
6319.25,0.0,0.0
6319.5,0.0,0.0
6319.75,0.0,0.0
6320.0,0.0,0.0
6320.25,0.0,0.0
6320.5,0.0,0.0
6320.75,0.0,0.0
6321.0,0.0,0.0
6321.25,0.0,0.0
6321.5,0.0,0.0
6321.75,0.0,0.0
6322.0,0.0,0.0
6322.25,0.0,0.0
6322.5,0.0,0.0
6322.75,0.0,0.0
6323.0,0.0,0.0
6323.25,0.0,0.0
6323.5,0.0,0.0
6323.75,0.0,0.0
6324.0,0.0,0.0
6324.25,0.0,0.0
6324.5,0.0,0.0
6324.75,0.0,0.0
6325.0,0.0,0.0
6325.25,0.0,0.0
6325.5,0.0,0.0
6325.75,0.0,0.0
6326.0,0.0,0.0
6326.25,0.0,0.0
6326.5,0.0,0.0
6326.75,0.0,0.0
6327.0,0.0,0.0
6327.25,0.0,0.0
6327.5,0.0,0.0
6327.75,0.0,0.0
6328.0,0.0,0.0
6328.25,0.0,0.0
6328.5,0.0,0.0
6328.75,0.0,0.0
6329.0,0.0,0.0
6329.25,0.0,0.0
6329.5,0.0,0.0
6329.75,0.0,0.0
6330.0,0.0,0.0
6330.25,0.0,0.0
6330.5,0.0,0.0
6330.75,0.0,0.0
6331.0,0.0,0.0
6331.25,0.0,0.0
6331.5,0.0,0.0
6331.75,0.0,0.0
6332.0,0.0,0.0
6332.25,0.0,0.0
6332.5,0.0,0.0
6332.75,0.0,0.0
6333.0,0.0,0.0
6333.25,0.0,0.0
6333.5,0.0,0.0
6333.75,0.0,0.0
6334.0,0.0,0.0
6334.25,0.0,0.0
6334.5,0.0,0.0
6334.75,0.0,0.0
6335.0,0.0,0.0
6335.25,0.0,0.0
6335.5,0.0,0.0
6335.75,0.0,0.0
6336.0,0.0,0.0
6336.25,0.0,0.0
6336.5,0.0,0.0
6336.75,0.0,0.0
6337.0,0.0,0.0
6337.25,0.0,0.0
6337.5,0.0,0.0
6337.75,0.0,0.0
6338.0,0.0,0.0
6338.25,0.0,0.0
6338.5,0.0,0.0
6338.75,0.0,0.0
6339.0,0.0,0.0
6339.25,0.0,0.0
6339.5,0.0,0.0
6339.75,0.0,0.0
6340.0,0.0,0.0
6340.25,0.0,0.0
6340.5,0.0,0.0
6340.75,0.0,0.0
6341.0,0.0,0.0
6341.25,0.0,0.0
6341.5,0.0,0.0
6341.75,0.0,0.0
6342.0,0.0,0.0
6342.25,0.0,0.0
6342.5,0.0,0.0
6342.75,0.0,0.0
6343.0,0.0,0.0
6343.25,0.0,0.0
6343.5,0.0,0.0
6343.75,0.0,0.0
6344.0,0.0,0.0
6344.25,0.0,0.0
6344.5,0.0,0.0
6344.75,0.0,0.0
6345.0,0.0,0.0
6345.25,0.0,0.0
6345.5,0.0,0.0
6345.75,0.0,0.0
6346.0,0.0,0.0
6346.25,0.0,0.0
6346.5,0.0,0.0
6346.75,0.0,0.0
6347.0,0.0,0.0
6347.25,0.0,0.0
6347.5,0.0,0.0
6347.75,0.0,0.0
6348.0,0.0,0.0
6348.25,0.0,0.0
6348.5,0.0,0.0
6348.75,0.0,0.0
6349.0,0.0,0.0
6349.25,0.0,0.0
6349.5,0.0,0.0
6349.75,0.0,0.0
6350.0,0.0,0.0
6350.25,0.0,0.0
6350.5,0.0,0.0
6350.75,0.0,0.0
6351.0,0.0,0.0
6351.25,0.0,0.0
6351.5,0.0,0.0
6351.75,0.0,0.0
6352.0,0.0,0.0
6352.25,0.0,0.0
6352.5,0.0,0.0
6352.75,0.0,0.0
6353.0,0.0,0.0
6353.25,0.0,0.0
6353.5,0.0,0.0
6353.75,0.0,0.0
6354.0,0.0,0.0
6354.25,0.0,0.0
6354.5,0.0,0.0
6354.75,0.0,0.0
6355.0,0.0,0.0
6355.25,0.0,0.0
6355.5,0.0,0.0
6355.75,0.0,0.0
6356.0,0.0,0.0
6356.25,0.0,0.0
6356.5,0.0,0.0
6356.75,0.0,0.0
6357.0,0.0,0.0
6357.25,0.0,0.0
6357.5,0.0,0.0
6357.75,0.0,0.0
6358.0,0.0,0.0
6358.25,0.0,0.0
6358.5,0.0,0.0
6358.75,0.0,0.0
6359.0,0.0,0.0
6359.25,0.0,0.0
6359.5,0.0,0.0
6359.75,0.0,0.0
6360.0,0.0,0.0
6360.25,0.0,0.0
6360.5,0.0,0.0
6360.75,0.0,0.0
6361.0,0.0,0.0
6361.25,0.0,0.0
6361.5,0.0,0.0
6361.75,0.0,0.0
6362.0,0.0,0.0
6362.25,0.0,0.0
6362.5,0.0,0.0
6362.75,0.0,0.0
6363.0,0.0,0.0
6363.25,0.0,0.0
6363.5,0.0,0.0
6363.75,0.0,0.0
6364.0,0.0,0.0
6364.25,0.0,0.0
6364.5,0.0,0.0
6364.75,0.0,0.0
6365.0,0.0,0.0
6365.25,0.0,0.0
6365.5,0.0,0.0
6365.75,0.0,0.0
6366.0,0.0,0.0
6366.25,0.0,0.0
6366.5,0.0,0.0
6366.75,0.0,0.0
6367.0,0.0,0.0
6367.25,0.0,0.0
6367.5,0.0,0.0
6367.75,0.0,0.0
6368.0,0.0,0.0
6368.25,0.0,0.0
6368.5,0.0,0.0
6368.75,0.0,0.0
6369.0,0.0,0.0
6369.25,0.0,0.0
6369.5,0.0,0.0
6369.75,0.0,0.0
6370.0,0.0,0.0
6370.25,0.0,0.0
6370.5,0.0,0.0
6370.75,0.0,0.0
6371.0,0.0,0.0
6371.25,0.0,0.0
6371.5,0.0,0.0
6371.75,0.0,0.0
6372.0,0.0,0.0
6372.25,0.0,0.0
6372.5,0.0,0.0
6372.75,0.0,0.0
6373.0,0.0,0.0
6373.25,0.0,0.0
6373.5,0.0,0.0
6373.75,0.0,0.0
6374.0,0.0,0.0
6374.25,0.0,0.0
6374.5,0.0,0.0
6374.75,0.0,0.0
6375.0,0.0,0.0
6375.25,0.0,0.0
6375.5,0.0,0.0
6375.75,0.0,0.0
6376.0,0.0,0.0
6376.25,0.0,0.0
6376.5,0.0,0.0
6376.75,0.0,0.0
6377.0,0.0,0.0
6377.25,0.0,0.0
6377.5,0.0,0.0
6377.75,0.0,0.0
6378.0,0.0,0.0
6378.25,0.0,0.0
6378.5,0.0,0.0
6378.75,0.0,0.0
6379.0,0.0,0.0
6379.25,0.0,0.0
6379.5,0.0,0.0
6379.75,0.0,0.0
6380.0,0.0,0.0
6380.25,0.0,0.0
6380.5,0.0,0.0
6380.75,0.0,0.0
6381.0,0.0,0.0
6381.25,0.0,0.0
6381.5,0.0,0.0
6381.75,0.0,0.0
6382.0,0.0,0.0
6382.25,0.0,0.0
6382.5,0.0,0.0
6382.75,0.0,0.0
6383.0,0.0,0.0
6383.25,0.0,0.0
6383.5,0.0,0.0
6383.75,0.0,0.0
6384.0,0.0,0.0
6384.25,0.0,0.0
6384.5,0.0,0.0
6384.75,0.0,0.0
6385.0,0.0,0.0
6385.25,0.0,0.0
6385.5,0.0,0.0
6385.75,0.0,0.0
6386.0,0.0,0.0
6386.25,0.0,0.0
6386.5,0.0,0.0
6386.75,0.0,0.0
6387.0,0.0,0.0
6387.25,0.0,0.0
6387.5,0.0,0.0
6387.75,0.0,0.0
6388.0,0.0,0.0
6388.25,0.0,0.0
6388.5,0.0,0.0
6388.75,0.0,0.0
6389.0,0.0,0.0
6389.25,0.0,0.0
6389.5,0.0,0.0
6389.75,0.0,0.0
6390.0,0.0,0.0
6390.25,0.0,0.0
6390.5,0.0,0.0
6390.75,0.0,0.0
6391.0,0.0,0.0
6391.25,0.0,0.0
6391.5,0.0,0.0
6391.75,0.0,0.0
6392.0,0.0,0.0
6392.25,0.0,0.0
6392.5,0.0,0.0
6392.75,0.0,0.0
6393.0,0.0,0.0
6393.25,0.0,0.0
6393.5,0.0,0.0
6393.75,0.0,0.0
6394.0,0.0,0.0
6394.25,0.0,0.0
6394.5,0.0,0.0
6394.75,0.0,0.0
6395.0,0.0,0.0
6395.25,0.0,0.0
6395.5,0.0,0.0
6395.75,0.0,0.0
6396.0,0.0,0.0
6396.25,0.0,0.0
6396.5,0.0,0.0
6396.75,0.0,0.0
6397.0,0.0,0.0
6397.25,0.0,0.0
6397.5,0.0,0.0
6397.75,0.0,0.0
6398.0,0.0,0.0
6398.25,0.0,0.0
6398.5,0.0,0.0
6398.75,0.0,0.0
6399.0,0.0,0.0
6399.25,0.0,0.0
6399.5,0.0,0.0
6399.75,0.0,0.0
6400.0,0.0,0.0
6400.25,0.0,0.0
6400.5,0.0,0.0
6400.75,0.0,0.0
6401.0,0.0,0.0
6401.25,0.0,0.0
6401.5,0.0,0.0
6401.75,0.0,0.0
6402.0,0.0,0.0
6402.25,0.0,0.0
6402.5,0.0,0.0
6402.75,0.0,0.0
6403.0,0.0,0.0
6403.25,0.0,0.0
6403.5,0.0,0.0
6403.75,0.0,0.0
6404.0,0.0,0.0
6404.25,0.0,0.0
6404.5,0.0,0.0
6404.75,0.0,0.0
6405.0,0.0,0.0
6405.25,0.0,0.0
6405.5,0.0,0.0
6405.75,0.0,0.0
6406.0,0.0,0.0
6406.25,0.0,0.0
6406.5,0.0,0.0
6406.75,0.0,0.0
6407.0,0.0,0.0
6407.25,0.0,0.0
6407.5,0.0,0.0
6407.75,0.0,0.0
6408.0,0.0,0.0
6408.25,0.0,0.0
6408.5,0.0,0.0
6408.75,0.0,0.0
6409.0,0.0,0.0
6409.25,0.0,0.0
6409.5,0.0,0.0
6409.75,0.0,0.0
6410.0,0.0,0.0
6410.25,0.0,0.0
6410.5,0.0,0.0
6410.75,0.0,0.0
6411.0,0.0,0.0
6411.25,0.0,0.0
6411.5,0.0,0.0
6411.75,0.0,0.0
6412.0,0.0,0.0
6412.25,0.0,0.0
6412.5,0.0,0.0
6412.75,0.0,0.0
6413.0,0.0,0.0
6413.25,0.0,0.0
6413.5,0.0,0.0
6413.75,0.0,0.0
6414.0,0.0,0.0
6414.25,0.0,0.0
6414.5,0.0,0.0
6414.75,0.0,0.0
6415.0,0.0,0.0
6415.25,0.0,0.0
6415.5,0.0,0.0
6415.75,0.0,0.0
6416.0,0.0,0.0
6416.25,0.0,0.0
6416.5,0.0,0.0
6416.75,0.0,0.0
6417.0,0.0,0.0
6417.25,0.0,0.0
6417.5,0.0,0.0
6417.75,0.0,0.0
6418.0,0.0,0.0
6418.25,0.0,0.0
6418.5,0.0,0.0
6418.75,0.0,0.0
6419.0,0.0,0.0
6419.25,0.0,0.0
6419.5,0.0,0.0
6419.75,0.0,0.0
6420.0,0.0,0.0
6420.25,0.0,0.0
6420.5,0.0,0.0
6420.75,0.0,0.0
6421.0,0.0,0.0
6421.25,0.0,0.0
6421.5,0.0,0.0
6421.75,0.0,0.0
6422.0,0.0,0.0
6422.25,0.0,0.0
6422.5,0.0,0.0
6422.75,0.0,0.0
6423.0,0.0,0.0
6423.25,0.0,0.0
6423.5,0.0,0.0
6423.75,0.0,0.0
6424.0,0.0,0.0
6424.25,0.0,0.0
6424.5,0.0,0.0
6424.75,0.0,0.0
6425.0,0.0,0.0
6425.25,0.0,0.0
6425.5,0.0,0.0
6425.75,0.0,0.0
6426.0,0.0,0.0
6426.25,0.0,0.0
6426.5,0.0,0.0
6426.75,0.0,0.0
6427.0,0.0,0.0
6427.25,0.0,0.0
6427.5,0.0,0.0
6427.75,0.0,0.0
6428.0,0.0,0.0
6428.25,0.0,0.0
6428.5,0.0,0.0
6428.75,0.0,0.0
6429.0,0.0,0.0
6429.25,0.0,0.0
6429.5,0.0,0.0
6429.75,0.0,0.0
6430.0,0.0,0.0
6430.25,0.0,0.0
6430.5,0.0,0.0
6430.75,0.0,0.0
6431.0,0.0,0.0
6431.25,0.0,0.0
6431.5,0.0,0.0
6431.75,0.0,0.0
6432.0,0.0,0.0
6432.25,0.0,0.0
6432.5,0.0,0.0
6432.75,0.0,0.0
6433.0,0.0,0.0
6433.25,0.0,0.0
6433.5,0.0,0.0
6433.75,0.0,0.0
6434.0,0.0,0.0
6434.25,0.0,0.0
6434.5,0.0,0.0
6434.75,0.0,0.0
6435.0,0.0,0.0
6435.25,0.0,0.0
6435.5,0.0,0.0
6435.75,0.0,0.0
6436.0,0.0,0.0
6436.25,0.0,0.0
6436.5,0.0,0.0
6436.75,0.0,0.0
6437.0,0.0,0.0
6437.25,0.0,0.0
6437.5,0.0,0.0
6437.75,0.0,0.0
6438.0,0.0,0.0
6438.25,0.0,0.0
6438.5,0.0,0.0
6438.75,0.0,0.0
6439.0,0.0,0.0
6439.25,0.0,0.0
6439.5,0.0,0.0
6439.75,0.0,0.0
6440.0,0.0,0.0
6440.25,0.0,0.0
6440.5,0.0,0.0
6440.75,0.0,0.0
6441.0,0.0,0.0
6441.25,0.0,0.0
6441.5,0.0,0.0
6441.75,0.0,0.0
6442.0,0.0,0.0
6442.25,0.0,0.0
6442.5,0.0,0.0
6442.75,0.0,0.0
6443.0,0.0,0.0
6443.25,0.0,0.0
6443.5,0.0,0.0
6443.75,0.0,0.0
6444.0,0.0,0.0
6444.25,0.0,0.0
6444.5,0.0,0.0
6444.75,0.0,0.0
6445.0,0.0,0.0
6445.25,0.0,0.0
6445.5,0.0,0.0
6445.75,0.0,0.0
6446.0,0.0,0.0
6446.25,0.0,0.0
6446.5,0.0,0.0
6446.75,0.0,0.0
6447.0,0.0,0.0
6447.25,0.0,0.0
6447.5,0.0,0.0
6447.75,0.0,0.0
6448.0,0.0,0.0
6448.25,0.0,0.0
6448.5,0.0,0.0
6448.75,0.0,0.0
6449.0,0.0,0.0
6449.25,0.0,0.0
6449.5,0.0,0.0
6449.75,0.0,0.0
6450.0,0.0,0.0
6450.25,0.0,0.0
6450.5,0.0,0.0
6450.75,0.0,0.0
6451.0,0.0,0.0
6451.25,0.0,0.0
6451.5,0.0,0.0
6451.75,0.0,0.0
6452.0,0.0,0.0
6452.25,0.0,0.0
6452.5,0.0,0.0
6452.75,0.0,0.0
6453.0,0.0,0.0
6453.25,0.0,0.0
6453.5,0.0,0.0
6453.75,0.0,0.0
6454.0,0.0,0.0
6454.25,0.0,0.0
6454.5,0.0,0.0
6454.75,0.0,0.0
6455.0,0.0,0.0
6455.25,0.0,0.0
6455.5,0.0,0.0
6455.75,0.0,0.0
6456.0,0.0,0.0
6456.25,0.0,0.0
6456.5,0.0,0.0
6456.75,0.0,0.0
6457.0,0.0,0.0
6457.25,0.0,0.0
6457.5,0.0,0.0
6457.75,0.0,0.0
6458.0,0.0,0.0
6458.25,0.0,0.0
6458.5,0.0,0.0
6458.75,0.0,0.0
6459.0,0.0,0.0
6459.25,0.0,0.0
6459.5,0.0,0.0
6459.75,0.0,0.0
6460.0,0.0,0.0
6460.25,0.0,0.0
6460.5,0.0,0.0
6460.75,0.0,0.0
6461.0,0.0,0.0
6461.25,0.0,0.0
6461.5,0.0,0.0
6461.75,0.0,0.0
6462.0,0.0,0.0
6462.25,0.0,0.0
6462.5,0.0,0.0
6462.75,0.0,0.0
6463.0,0.0,0.0
6463.25,0.0,0.0
6463.5,0.0,0.0
6463.75,0.0,0.0
6464.0,0.0,0.0
6464.25,0.0,0.0
6464.5,0.0,0.0
6464.75,0.0,0.0
6465.0,0.0,0.0
6465.25,0.0,0.0
6465.5,0.0,0.0
6465.75,0.0,0.0
6466.0,0.0,0.0
6466.25,0.0,0.0
6466.5,0.0,0.0
6466.75,0.0,0.0
6467.0,0.0,0.0
6467.25,0.0,0.0
6467.5,0.0,0.0
6467.75,0.0,0.0
6468.0,0.0,0.0
6468.25,0.0,0.0
6468.5,0.0,0.0
6468.75,0.0,0.0
6469.0,0.0,0.0
6469.25,0.0,0.0
6469.5,0.0,0.0
6469.75,0.0,0.0
6470.0,0.0,0.0
6470.25,0.0,0.0
6470.5,0.0,0.0
6470.75,0.0,0.0
6471.0,0.0,0.0
6471.25,0.0,0.0
6471.5,0.0,0.0
6471.75,0.0,0.0
6472.0,0.0,0.0
6472.25,0.0,0.0
6472.5,0.0,0.0
6472.75,0.0,0.0
6473.0,0.0,0.0
6473.25,0.0,0.0
6473.5,0.0,0.0
6473.75,0.0,0.0
6474.0,0.0,0.0
6474.25,0.0,0.0
6474.5,0.0,0.0
6474.75,0.0,0.0
6475.0,0.0,0.0
6475.25,0.0,0.0
6475.5,0.0,0.0
6475.75,0.0,0.0
6476.0,0.0,0.0
6476.25,0.0,0.0
6476.5,0.0,0.0
6476.75,0.0,0.0
6477.0,0.0,0.0
6477.25,0.0,0.0
6477.5,0.0,0.0
6477.75,0.0,0.0
6478.0,0.0,0.0
6478.25,0.0,0.0
6478.5,0.0,0.0
6478.75,0.0,0.0
6479.0,0.0,0.0
6479.25,0.0,0.0
6479.5,0.0,0.0
6479.75,0.0,0.0
6480.0,0.0,0.0
6480.25,0.0,0.0
6480.5,0.0,0.0
6480.75,0.0,0.0
6481.0,0.0,0.0
6481.25,0.0,0.0
6481.5,0.0,0.0
6481.75,0.0,0.0
6482.0,0.0,0.0
6482.25,0.0,0.0
6482.5,0.0,0.0
6482.75,0.0,0.0
6483.0,0.0,0.0
6483.25,0.0,0.0
6483.5,0.0,0.0
6483.75,0.0,0.0
6484.0,0.0,0.0
6484.25,0.0,0.0
6484.5,0.0,0.0
6484.75,0.0,0.0
6485.0,0.0,0.0
6485.25,0.0,0.0
6485.5,0.0,0.0
6485.75,0.0,0.0
6486.0,0.0,0.0
6486.25,0.0,0.0
6486.5,0.0,0.0
6486.75,0.0,0.0
6487.0,0.0,0.0
6487.25,0.0,0.0
6487.5,0.0,0.0
6487.75,0.0,0.0
6488.0,0.0,0.0
6488.25,0.0,0.0
6488.5,0.0,0.0
6488.75,0.0,0.0
6489.0,0.0,0.0
6489.25,0.0,0.0
6489.5,0.0,0.0
6489.75,0.0,0.0
6490.0,0.0,0.0
6490.25,0.0,0.0
6490.5,0.0,0.0
6490.75,0.0,0.0
6491.0,0.0,0.0
6491.25,0.0,0.0
6491.5,0.0,0.0
6491.75,0.0,0.0
6492.0,0.0,0.0
6492.25,0.0,0.0
6492.5,0.0,0.0
6492.75,0.0,0.0
6493.0,0.0,0.0
6493.25,0.0,0.0
6493.5,0.0,0.0
6493.75,0.0,0.0
6494.0,0.0,0.0
6494.25,0.0,0.0
6494.5,0.0,0.0
6494.75,0.0,0.0
6495.0,0.0,0.0
6495.25,0.0,0.0
6495.5,0.0,0.0
6495.75,0.0,0.0
6496.0,0.0,0.0
6496.25,0.0,0.0
6496.5,0.0,0.0
6496.75,0.0,0.0
6497.0,0.0,0.0
6497.25,0.0,0.0
6497.5,0.0,0.0
6497.75,0.0,0.0
6498.0,0.0,0.0
6498.25,0.0,0.0
6498.5,0.0,0.0
6498.75,0.0,0.0
6499.0,0.0,0.0
6499.25,0.0,0.0
6499.5,0.0,0.0
6499.75,0.0,0.0
6500.0,0.0,0.0
6500.25,0.0,0.0
6500.5,0.0,0.0
6500.75,0.0,0.0
6501.0,0.0,0.0
6501.25,0.0,0.0
6501.5,0.0,0.0
6501.75,0.0,0.0
6502.0,0.0,0.0
6502.25,0.0,0.0
6502.5,0.0,0.0
6502.75,0.0,0.0
6503.0,0.0,0.0
6503.25,0.0,0.0
6503.5,0.0,0.0
6503.75,0.0,0.0
6504.0,0.0,0.0
6504.25,0.0,0.0
6504.5,0.0,0.0
6504.75,0.0,0.0
6505.0,0.0,0.0
6505.25,0.0,0.0
6505.5,0.0,0.0
6505.75,0.0,0.0
6506.0,0.0,0.0
6506.25,0.0,0.0
6506.5,0.0,0.0
6506.75,0.0,0.0
6507.0,0.0,0.0
6507.25,0.0,0.0
6507.5,0.0,0.0
6507.75,0.0,0.0
6508.0,0.0,0.0
6508.25,0.0,0.0
6508.5,0.0,0.0
6508.75,0.0,0.0
6509.0,0.0,0.0
6509.25,0.0,0.0
6509.5,0.0,0.0
6509.75,0.0,0.0
6510.0,0.0,0.0
6510.25,0.0,0.0
6510.5,0.0,0.0
6510.75,0.0,0.0
6511.0,0.0,0.0
6511.25,0.0,0.0
6511.5,0.0,0.0
6511.75,0.0,0.0
6512.0,0.0,0.0
6512.25,0.0,0.0
6512.5,0.0,0.0
6512.75,0.0,0.0
6513.0,0.0,0.0
6513.25,0.0,0.0
6513.5,0.0,0.0
6513.75,0.0,0.0
6514.0,0.0,0.0
6514.25,0.0,0.0
6514.5,0.0,0.0
6514.75,0.0,0.0
6515.0,0.0,0.0
6515.25,0.0,0.0
6515.5,0.0,0.0
6515.75,0.0,0.0
6516.0,0.0,0.0
6516.25,0.0,0.0
6516.5,0.0,0.0
6516.75,0.0,0.0
6517.0,0.0,0.0
6517.25,0.0,0.0
6517.5,0.0,0.0
6517.75,0.0,0.0
6518.0,0.0,0.0
6518.25,0.0,0.0
6518.5,0.0,0.0
6518.75,0.0,0.0
6519.0,0.0,0.0
6519.25,0.0,0.0
6519.5,0.0,0.0
6519.75,0.0,0.0
6520.0,0.0,0.0
6520.25,0.0,0.0
6520.5,0.0,0.0
6520.75,0.0,0.0
6521.0,0.0,0.0
6521.25,0.0,0.0
6521.5,0.0,0.0
6521.75,0.0,0.0
6522.0,0.0,0.0
6522.25,0.0,0.0
6522.5,0.0,0.0
6522.75,0.0,0.0
6523.0,0.0,0.0
6523.25,0.0,0.0
6523.5,0.0,0.0
6523.75,0.0,0.0
6524.0,0.0,0.0
6524.25,0.0,0.0
6524.5,0.0,0.0
6524.75,0.0,0.0
6525.0,0.0,0.0
6525.25,0.0,0.0
6525.5,0.0,0.0
6525.75,0.0,0.0
6526.0,0.0,0.0
6526.25,0.0,0.0
6526.5,0.0,0.0
6526.75,0.0,0.0
6527.0,0.0,0.0
6527.25,0.0,0.0
6527.5,0.0,0.0
6527.75,0.0,0.0
6528.0,0.0,0.0
6528.25,0.0,0.0
6528.5,0.0,0.0
6528.75,0.0,0.0
6529.0,0.0,0.0
6529.25,0.0,0.0
6529.5,0.0,0.0
6529.75,0.0,0.0
6530.0,0.0,0.0
6530.25,0.0,0.0
6530.5,0.0,0.0
6530.75,0.0,0.0
6531.0,0.0,0.0
6531.25,0.0,0.0
6531.5,0.0,0.0
6531.75,0.0,0.0
6532.0,0.0,0.0
6532.25,0.0,0.0
6532.5,0.0,0.0
6532.75,0.0,0.0
6533.0,0.0,0.0
6533.25,0.0,0.0
6533.5,0.0,0.0
6533.75,0.0,0.0
6534.0,0.0,0.0
6534.25,0.0,0.0
6534.5,0.0,0.0
6534.75,0.0,0.0
6535.0,0.0,0.0
6535.25,0.0,0.0
6535.5,0.0,0.0
6535.75,0.0,0.0
6536.0,0.0,0.0
6536.25,0.0,0.0
6536.5,0.0,0.0
6536.75,0.0,0.0
6537.0,0.0,0.0
6537.25,0.0,0.0
6537.5,0.0,0.0
6537.75,0.0,0.0
6538.0,0.0,0.0
6538.25,0.0,0.0
6538.5,0.0,0.0
6538.75,0.0,0.0
6539.0,0.0,0.0
6539.25,0.0,0.0
6539.5,0.0,0.0
6539.75,0.0,0.0
6540.0,0.0,0.0
6540.25,0.0,0.0
6540.5,0.0,0.0
6540.75,0.0,0.0
6541.0,0.0,0.0
6541.25,0.0,0.0
6541.5,0.0,0.0
6541.75,0.0,0.0
6542.0,0.0,0.0
6542.25,0.0,0.0
6542.5,0.0,0.0
6542.75,0.0,0.0
6543.0,0.0,0.0
6543.25,0.0,0.0
6543.5,0.0,0.0
6543.75,0.0,0.0
6544.0,0.0,0.0
6544.25,0.0,0.0
6544.5,0.0,0.0
6544.75,0.0,0.0
6545.0,0.0,0.0
6545.25,0.0,0.0
6545.5,0.0,0.0
6545.75,0.0,0.0
6546.0,0.0,0.0
6546.25,0.0,0.0
6546.5,0.0,0.0
6546.75,0.0,0.0
6547.0,0.0,0.0
6547.25,0.0,0.0
6547.5,0.0,0.0
6547.75,0.0,0.0
6548.0,0.0,0.0
6548.25,0.0,0.0
6548.5,0.0,0.0
6548.75,0.0,0.0
6549.0,0.0,0.0
6549.25,0.0,0.0
6549.5,0.0,0.0
6549.75,0.0,0.0
6550.0,0.0,0.0
6550.25,0.0,0.0
6550.5,0.0,0.0
6550.75,0.0,0.0
6551.0,0.0,0.0
6551.25,0.0,0.0
6551.5,0.0,0.0
6551.75,0.0,0.0
6552.0,3.416,0.1749
6552.25,3.451,0.206
6552.5,3.519,0.2849
6552.75,3.383,0.11100000000000004
6553.0,3.525,0.2126
6553.25,3.537,0.234
6553.5,3.497,0.18210000000000004
6553.75,3.555,0.317
6554.0,3.5780000000000003,0.366
6554.25,3.4819999999999998,0.272
6554.5,3.4909999999999997,0.28800000000000003
6554.75,3.4690000000000003,0.20850000000000002
6555.0,3.5050000000000003,0.232
6555.25,3.306,0.03200000000000003
6555.5,3.3489999999999998,0.08800000000000002
6555.75,3.4000000000000004,0.1503
6556.0,3.547,0.31399999999999995
6556.25,3.347,0.10599999999999998
6556.5,3.316,0.04799999999999999
6556.75,3.472,0.223
6557.0,3.604,0.378
6557.25,3.5,0.2618
6557.5,3.4880000000000004,0.2766
6557.75,3.5090000000000003,0.201
6558.0,3.5119999999999996,0.28
6558.25,2.823,0.253
6558.5,2.692,0.29300000000000004
6558.75,5.050000000000001,0.212
6559.0,17.27,-1.4629999999999999
6559.25,30.910000000000004,-3.6799999999999997
6559.5,31.2,-4.2
6559.75,31.19,-3.8500000000000005
6560.0,32.59,-4.140000000000001
6560.25,31.759999999999998,-4.08
6560.5,32.05,-3.8499999999999996
6560.75,34.29,-4.17
6561.0,32.61,-4.1000000000000005
6561.25,33.28,-3.9999999999999996
6561.5,33.120000000000005,-4.15
6561.75,32.54,-4.4
6562.0,33.2,-4.29
6562.25,33.599999999999994,-3.9299999999999997
6562.5,33.3,-4.3
6562.75,33.6,-4.31
6563.0,32.900000000000006,-4.4
6563.25,33.6,-4.2
6563.5,34.1,-4.17
6563.75,33.9,-4.1899999999999995
6564.0,34.2,-4.16
6564.25,34.199999999999996,-4.11
6564.5,34.6,-4.2299999999999995
6564.75,33.1,-4.069999999999999
6565.0,34.1,-4.21
6565.25,33.4,-4.08
6565.5,34.2,-4.28
6565.75,33.34,-4.12
6566.0,33.54,-4.17
6566.25,33.53,-4.16
6566.5,33.27,-4.01
6566.75,33.71,-4.17
6567.0,33.84,-4.13
6567.25,33.3,-3.75
6567.5,32.89,-3.84
6567.75,33.22,-4.07
6568.0,34.1,-4.03
6568.25,34.5,-4.0600000000000005
6568.5,33.8,-4.3
6568.75,33.7,-4.6
6569.0,33.2,-4.3
6569.25,33.9,-4.2
6569.5,33.2,-4.4
6569.75,32.6,-4.5
6570.0,32.5,-4.01
6570.25,31.699999999999996,-3.8899999999999997
6570.5,31.46,-4.1
6570.75,28.58,-3.8899999999999997
6571.0,25.85,-3.43
6571.25,24.66,-3.1499999999999995
6571.5,19.75,-2.51
6571.75,14.25,-1.3199999999999998
6572.0,12.919999999999998,-1.106
6572.25,11.66,-0.8322
6572.5,5.49,0.138
6572.75,5.332999999999999,0.5589999999999999
6573.0,4.46,0.7590000000000001
6573.25,3.9850000000000003,0.473
6573.5,4.083,0.6000000000000001
6573.75,4.189,0.724
6574.0,4.115,0.743
6574.25,3.9779999999999998,0.611
6574.5,4.137,0.861
6574.75,3.9509999999999996,0.8
6575.0,3.251,0.687
6575.25,3.183,0.584
6575.5,3.195,0.514
6575.75,3.3759999999999994,0.7569999999999999
6576.0,3.3590000000000004,0.7789999999999999
6576.25,3.3200000000000003,0.772
6576.5,3.163,0.552
6576.75,3.397,0.8580000000000001
6577.0,3.274,0.7050000000000001
6577.25,3.386,0.8859999999999999
6577.5,3.413,0.9389000000000001
6577.75,3.436,0.9649999999999999
6578.0,3.2560000000000002,0.761
6578.25,3.211,0.6240000000000001
6578.5,3.295,0.7190000000000001
6578.75,3.155,0.554
6579.0,3.1639999999999997,0.594
6579.25,3.279,0.741
6579.5,3.55,1.03
6579.75,3.185,0.591
6580.0,3.2620000000000005,0.7010000000000001
6580.25,3.315,0.793
6580.5,3.485,1.0071999999999999
6580.75,3.331,0.792
6581.0,3.294,0.728
6581.25,3.3489999999999998,0.842
6581.5,3.314,0.647
6581.75,3.4029999999999996,0.721
6582.0,3.3,0.753
6582.25,3.23,0.6519999999999999
6582.5,3.4640000000000004,0.9710000000000001
6582.75,20.56,-2.17
6583.0,29.389999999999997,-3.33
6583.25,30.560000000000002,-3.64
6583.5,31.6,-3.63
6583.75,31.67,-3.57
6584.0,32.61,-3.6399999999999997
6584.25,31.84,-3.5
6584.5,32.22,-4.03
6584.75,33.25,-4.08
6585.0,33.2,-3.8200000000000003
6585.25,32.27,-3.87
6585.5,32.31,-4.16
6585.75,32.16,-4.15
6586.0,33.129999999999995,-3.75
6586.25,32.39,-4.08
6586.5,32.71,-3.91
6586.75,32.84,-3.96
6587.0,32.620000000000005,-3.95
6587.25,32.68,-3.75
6587.5,33.99,-3.5500000000000003
6587.75,32.730000000000004,-3.79
6588.0,32.74,-3.76
6588.25,33.56,-3.79
6588.5,33.129999999999995,-3.94
6588.75,32.88,-3.92
6589.0,32.83,-3.77
6589.25,32.9,-3.5999999999999996
6589.5,33.5,-4.01
6589.75,32.66,-4.04
6590.0,33.290000000000006,-3.6799999999999997
6590.25,33.6,-3.8499999999999996
6590.5,33.32,-3.91
6590.75,33.8,-3.7199999999999998
6591.0,33.900000000000006,-3.8200000000000003
6591.25,34.4,-3.8
6591.5,33.42,-3.6500000000000004
6591.75,33.03,-3.62
6592.0,32.44,-3.74
6592.25,33.04,-3.8800000000000003
6592.5,32.599999999999994,-3.6799999999999997
6592.75,32.06,-4.0
6593.0,31.319999999999997,-3.99
6593.25,31.59,-4.0
6593.5,31.81,-3.9
6593.75,29.86,-3.4499999999999997
6594.0,29.91,-3.6199999999999997
6594.25,24.790000000000003,-2.29
6594.5,22.21,-2.06
6594.75,21.63,-2.04
6595.0,21.71,-2.0300000000000002
6595.25,21.71,-1.75
6595.5,21.71,-1.9
6595.75,13.489999999999998,-0.90769
6596.0,6.8100000000000005,-0.16000000000000003
6596.25,5.89,-0.09899999999999998
6596.5,5.89,-0.043999999999999984
6596.75,6.0200000000000005,-0.11300000000000004
6597.0,4.587,0.5559999999999999
6597.25,3.706,0.4016
6597.5,3.74,0.612
6597.75,3.655,0.505
6598.0,3.702,0.528
6598.25,3.662,0.466
6598.5,3.6519999999999997,0.443
6598.75,3.638,0.44999999999999996
6599.0,3.525,0.4021
6599.25,3.509,0.525
6599.5,3.383,0.38699999999999996
6599.75,3.4699999999999998,0.521
6600.0,3.3489999999999998,0.32004999999999995
6600.25,3.4099999999999997,0.4128
6600.5,3.5220000000000002,0.503
6600.75,3.6950000000000003,0.7090000000000001
6601.0,3.616,0.53
6601.25,3.452,0.32730000000000004
6601.5,3.6239999999999997,0.518
6601.75,3.5729999999999995,0.562
6602.0,3.346,0.29269999999999996
6602.25,3.4030000000000005,0.295
6602.5,3.52,0.394
6602.75,3.556,0.4762
6603.0,3.4370000000000003,0.38971
6603.25,3.37,0.29900000000000004
6603.5,3.4560000000000004,0.378
6603.75,3.551,0.5097
6604.0,3.4939999999999998,0.4226
6604.25,3.4059999999999997,0.34209999999999996
6604.5,3.5570000000000004,0.506
6604.75,3.487,0.46199999999999997
6605.0,3.4909999999999997,0.4415
6605.25,3.5100000000000002,0.486
6605.5,3.6209999999999996,0.603
6605.75,3.373,0.21
6606.0,3.3400000000000003,0.2709
6606.25,3.052,0.425
6606.5,2.79,0.5700000000000001
6606.75,20.96,-2.68
6607.0,27.689999999999998,-3.48
6607.25,30.950000000000003,-3.5300000000000002
6607.5,31.46,-3.81
6607.75,32.36,-3.94
6608.0,31.53,-3.69
6608.25,33.0,-3.6399999999999997
6608.5,32.71,-3.77
6608.75,33.7,-3.71
6609.0,32.71,-3.95
6609.25,33.8,-4.0200000000000005
6609.5,35.3,-4.36
6609.75,35.3,-4.1
6610.0,35.5,-4.14
6610.25,36.9,-4.09
6610.5,36.0,-4.27
6610.75,35.8,-4.33
6611.0,35.5,-3.98
6611.25,35.9,-4.12
6611.5,35.8,-4.22
6611.75,36.4,-3.93
6612.0,36.4,-3.97
6612.25,35.5,-3.98
6612.5,36.0,-3.91
6612.75,43.4,-2.563
6613.0,43.3,-2.5693999999999995
6613.25,39.1,-3.1100000000000003
6613.5,41.9,-2.0845000000000002
6613.75,47.5,-0.018000000000000016
6614.0,48.400000000000006,-0.14
6614.25,45.900000000000006,-0.5164
6614.5,45.5,-0.136
6614.75,46.4,0.007000000000000006
6615.0,47.6,-0.5010000000000001
6615.25,40.2,-3.06
6615.5,39.3,-3.2
6615.75,40.7,-2.94
6616.0,39.3,-3.15
6616.25,37.39,-3.0446
6616.5,37.76,-2.9369
6616.75,37.0,-3.1545
6617.0,35.68,-3.1940000000000004
6617.25,34.95,-3.1180000000000003
6617.5,33.03,-3.083
6617.75,31.880000000000003,-2.7672999999999996
6618.0,30.02,-2.97
6618.25,29.66,-3.11
6618.5,29.17,-3.29
6618.75,27.090000000000003,-2.91
6619.0,25.479999999999997,-2.82
6619.25,25.17,-2.96
6619.5,22.59,-2.95
6619.75,21.07,-2.1999999999999997
6620.0,8.950000000000001,-0.017899999999999916
6620.25,6.85,-0.07600000000000001
6620.5,5.79,-0.13209999999999994
6620.75,5.85,0.15330000000000005
6621.0,3.704,-0.10699999999999998
6621.25,3.5570000000000004,0.016000000000000014
6621.5,3.7,0.20530000000000004
6621.75,3.734,0.263
6622.0,3.4939999999999998,-0.066
6622.25,3.72,0.13129999999999997
6622.5,3.623,0.24799999999999997
6622.75,3.3739999999999997,0.404
6623.0,2.8569999999999998,0.329
6623.25,2.9339999999999997,0.44400000000000006
6623.5,2.87,0.278
6623.75,2.9060000000000006,0.327
6624.0,2.61,-0.027000000000000024
6624.25,2.734,0.13240000000000002
6624.5,2.8240000000000003,0.23
6624.75,2.9269999999999996,0.36100000000000004
6625.0,2.741,0.181
6625.25,2.6740000000000004,0.09099999999999997
6625.5,2.8449999999999998,0.29699999999999993
6625.75,2.8070000000000004,0.24299999999999997
6626.0,2.958,0.478
6626.25,2.8869999999999996,0.371
6626.5,2.9480000000000004,0.466
6626.75,2.79,0.27099999999999996
6627.0,2.8419999999999996,0.31400000000000006
6627.25,2.848,0.277
6627.5,2.833,0.31300000000000006
6627.75,2.7079999999999997,0.11030000000000001
6628.0,2.807,0.251
6628.25,2.9939999999999998,0.482
6628.5,2.806,0.28500000000000003
6628.75,2.742,0.20300000000000004
6629.0,2.725,0.14629999999999999
6629.25,2.9859999999999998,0.321
6629.5,2.8529999999999998,0.25399999999999995
6629.75,2.897,0.394
6630.0,2.719,0.17600000000000002
6630.25,3.0220000000000002,0.534
6630.5,2.793,0.267
6630.75,3.495,0.232
6631.0,2.9810000000000003,0.29999999999999993
6631.25,3.0279999999999996,0.4760000000000001
6631.5,3.1020000000000003,0.19699999999999998
6631.75,3.47,-0.16800000000000004
6632.0,3.551,0.0050000000000000044
6632.25,3.714,0.22499999999999998
6632.5,4.052,0.11599999999999999
6632.75,3.719,0.11929999999999996
6633.0,4.473,0.15399999999999997
6633.25,8.73,-0.5793
6633.5,8.93,-0.77645
6633.75,8.969999999999999,-0.7752
6634.0,9.11,-0.753
6634.25,9.129999999999999,-0.7088
6634.5,9.2,-0.6837
6634.75,9.370000000000001,-0.5895
6635.0,9.19,-0.8220000000000001
6635.25,8.559999999999999,-0.753
6635.5,7.32,-0.639
6635.75,5.76,-0.21999999999999997
6636.0,4.4190000000000005,0.011099999999999999
6636.25,4.129,0.14759999999999995
6636.5,4.335,0.07100000000000001
6636.75,4.261,0.196
6637.0,4.632000000000001,0.09899999999999998
6637.25,3.999,0.2119999999999999
6637.5,4.176,0.41
6637.75,4.236,0.14300000000000002
6638.0,4.265000000000001,0.11699999999999999
6638.25,4.125,0.254
6638.5,4.345,0.21399999999999997
6638.75,4.62,-0.19400000000000006
6639.0,4.63,-0.12779999999999997
6639.25,4.8,-0.010800000000000032
6639.5,4.89,0.10299999999999998
6639.75,4.92,-0.034999999999999976
6640.0,4.930000000000001,-0.07300000000000001
6640.25,4.9590000000000005,-0.028000000000000025
6640.5,4.918,-0.07800000000000007
6640.75,4.8389999999999995,-0.1401
6641.0,4.890000000000001,-0.03700000000000003
6641.25,4.975,0.07799999999999996
6641.5,4.882,-0.02200000000000002
6641.75,4.319999999999999,0.04839999999999994
6642.0,3.27,0.14489999999999997
6642.25,3.505,0.46399999999999997
6642.5,3.2479999999999998,0.137
6642.75,3.2670000000000003,0.459
6643.0,3.037,0.2046
6643.25,3.127,0.212
6643.5,2.8309999999999995,-0.09999999999999998
6643.75,2.91,0.1134
6644.0,2.916,0.151
6644.25,3.053,0.33999999999999997
6644.5,2.946,0.04959999999999998
6644.75,3.128,0.20529999999999998
6645.0,3.319,0.606
6645.25,3.01,0.344
6645.5,3.134,0.321
6645.75,3.361,0.16499999999999998
6646.0,3.4,0.587
6646.25,3.0869999999999997,0.323
6646.5,3.042,0.31899999999999995
6646.75,2.9189999999999996,0.182
6647.0,3.1169999999999995,0.378
6647.25,2.9419999999999997,0.08050000000000002
6647.5,2.8859999999999997,0.029710000000000014
6647.75,2.9779999999999998,0.1391
6648.0,3.21,0.313
6648.25,3.1790000000000003,0.31299999999999994
6648.5,2.932,0.00599999999999995
6648.75,3.064,0.155
6649.0,3.093,0.322
6649.25,3.028,0.28700000000000003
6649.5,2.992,0.256
6649.75,3.133,0.463
6650.0,2.9210000000000003,0.184
6650.25,2.971,0.253
6650.5,3.033,0.323
6650.75,3.028,0.29600000000000004
6651.0,3.0149999999999997,0.30060000000000003
6651.25,2.863,0.10999999999999999
6651.5,2.949,0.18599999999999997
6651.75,2.968,0.22199999999999995
6652.0,2.797,0.028299999999999992
6652.25,2.795,0.03300000000000003
6652.5,2.9779999999999998,0.248
6652.75,3.0329999999999995,0.2859999999999999
6653.0,3.0620000000000003,0.382
6653.25,2.912,0.17710000000000004
6653.5,3.0549999999999997,0.348
6653.75,2.9050000000000002,0.42900000000000005
6654.0,2.176,0.47700000000000004
6654.25,2.26,0.624
6654.5,2.271,0.716
6654.75,2.316,0.686
6655.0,2.0919999999999996,0.36400000000000005
6655.25,2.0519999999999996,0.34099999999999997
6655.5,2.138,0.43399999999999994
6655.75,2.126,0.4419
6656.0,2.138,0.2727
6656.25,2.137,0.32
6656.5,2.211,0.45999999999999996
6656.75,1.9969999999999999,0.345
6657.0,2.109,0.512
6657.25,2.026,0.472
6657.5,2.0629999999999997,0.576
6657.75,2.014,0.5279999999999999
6658.0,2.1479999999999997,0.693
6658.25,2.131,0.605
6658.5,2.048,0.598
6658.75,1.8279999999999998,0.306
6659.0,1.9899999999999998,0.49800000000000005
6659.25,2.344,0.637
6659.5,2.084,0.49
6659.75,1.867,0.346
6660.0,1.971,0.509
6660.25,2.25,0.71
6660.5,2.3569999999999998,0.663
6660.75,2.514,0.43489999999999995
6661.0,2.649,0.5569999999999999
6661.25,2.661,0.616
6661.5,2.4979999999999998,0.387
6661.75,2.527,0.44
6662.0,2.5740000000000003,0.484
6662.25,2.715,0.657
6662.5,2.6220000000000003,0.534
6662.75,2.743,0.695
6663.0,2.8499999999999996,0.851
6663.25,1.918,0.502
6663.5,1.9089999999999998,0.461
6663.75,2.033,0.504
6664.0,2.0229999999999997,0.515
6664.25,1.9269999999999998,0.42799999999999994
6664.5,1.9789999999999999,0.46799999999999997
6664.75,2.143,0.597
6665.0,2.037,0.589
6665.25,1.7710000000000001,0.26430000000000003
6665.5,1.862,0.323
6665.75,2.089,0.525
6666.0,1.859,0.339
6666.25,2.061,0.611
6666.5,2.09,0.6739999999999999
6666.75,2.081,0.619
6667.0,1.922,0.516
6667.25,1.936,0.501
6667.5,2.038,0.692
6667.75,2.023,0.668
6668.0,1.9940000000000002,0.592
6668.25,2.072,0.7390000000000001
6668.5,2.092,0.7409999999999999
6668.75,1.8800000000000003,0.454
6669.0,1.83,0.34420000000000006
6669.25,1.835,0.33299999999999996
6669.5,1.912,0.438
6669.75,1.939,0.44900000000000007
6670.0,1.949,0.5066
6670.25,2.016,0.582
6670.5,1.9540000000000002,0.526
6670.75,1.979,0.597
6671.0,2.0180000000000002,0.623
6671.25,2.224,0.855
6671.5,1.945,0.562
6671.75,1.87,0.45500000000000007
6672.0,2.077,0.728
6672.25,2.2079999999999997,0.7899999999999999
6672.5,1.9489999999999998,0.604
6672.75,1.958,0.5850000000000001
6673.0,1.9229999999999998,0.5229999999999999
6673.25,2.121,0.645
6673.5,1.943,0.379
6673.75,1.847,0.36099999999999993
6674.0,2.025,0.577
6674.25,1.9210000000000003,0.43999999999999995
6674.5,1.9080000000000001,0.4149999999999999
6674.75,2.034,0.5509999999999999
6675.0,2.059,0.622
6675.25,1.908,0.45999999999999996
6675.5,1.939,0.493
6675.75,2.055,0.681
6676.0,2.083,0.694
6676.25,1.951,0.544
6676.5,1.982,0.5650000000000001
6676.75,2.057,0.6699999999999999
6677.0,1.9330000000000003,0.524
6677.25,1.8170000000000002,0.379
6677.5,1.944,0.495
6677.75,2.085,0.665
6678.0,1.881,0.4556
6678.25,1.763,0.302
6678.5,2.224,0.46399999999999997
6678.75,3.474,0.26999999999999996
6679.0,9.55,-0.6315000000000001
6679.25,20.38,-2.05
6679.5,31.4,-3.25
6679.75,31.389999999999997,-3.2700000000000005
6680.0,30.88,-3.52
6680.25,32.06,-3.6900000000000004
6680.5,31.37,-3.8000000000000003
6680.75,32.160000000000004,-3.79
6681.0,32.65,-3.95
6681.25,33.6,-4.12
6681.5,35.599999999999994,-3.96
6681.75,35.1,-4.09
6682.0,35.0,-4.25
6682.25,35.4,-4.08
6682.5,36.3,-4.6
6682.75,37.1,-4.4
6683.0,35.900000000000006,-4.4
6683.25,36.1,-4.16
6683.5,36.4,-4.0600000000000005
6683.75,37.7,-4.07
6684.0,35.9,-4.2
6684.25,36.5,-4.2
6684.5,36.3,-4.09
6684.75,36.599999999999994,-3.99
6685.0,35.7,-4.1
6685.25,34.4,-4.1
6685.5,35.5,-4.0
6685.75,37.6,-4.2
6686.0,37.5,-4.1
6686.25,37.7,-4.11
6686.5,38.599999999999994,-3.8000000000000003
6686.75,38.6,-3.66
6687.0,38.2,-3.6
6687.25,37.7,-3.9800000000000004
6687.5,37.3,-4.02
6687.75,36.5,-3.69
6688.0,37.2,-3.91
6688.25,37.7,-4.300000000000001
6688.5,37.3,-4.6
6688.75,36.2,-4.11
6689.0,34.0,-4.300000000000001
6689.25,32.39,-3.89
6689.5,31.880000000000003,-3.89
6689.75,31.35,-3.79
6690.0,30.53,-3.99
6690.25,30.380000000000003,-3.87
6690.5,26.799999999999997,-3.07
6690.75,22.630000000000003,-2.11
6691.0,22.48,-2.15
6691.25,22.43,-2.0
6691.5,22.09,-1.959
6691.75,19.36,-1.8399999999999999
6692.0,7.8100000000000005,-0.1496
6692.25,7.1899999999999995,-0.07900000000000001
6692.5,6.86,0.356
6692.75,6.04,0.20999999999999996
6693.0,5.222,0.5149999999999999
6693.25,4.291,0.593
6693.5,4.224,0.46599999999999997
6693.75,4.271,0.479
6694.0,4.091,0.507
6694.25,3.6900000000000004,0.7290000000000001
6694.5,3.534,0.636
6694.75,3.469,0.5660000000000001
6695.0,3.5740000000000003,0.692
6695.25,3.6439999999999997,0.782
6695.5,3.29,0.573
6695.75,3.42,0.5920000000000001
6696.0,3.5189999999999997,0.661
6696.25,3.675,0.853
6696.5,3.4130000000000003,0.5549999999999999
6696.75,3.347,0.485
6697.0,3.33,0.505
6697.25,3.64,0.905
6697.5,3.432,0.656
6697.75,3.4060000000000006,0.6559999999999999
6698.0,3.4699999999999998,0.74
6698.25,3.5340000000000003,0.81
6698.5,3.432,0.694
6698.75,3.312,0.509
6699.0,3.396,0.666
6699.25,3.4619999999999997,0.7190000000000001
6699.5,3.412,0.609
6699.75,3.469,0.6930000000000001
6700.0,3.342,0.577
6700.25,3.4749999999999996,0.7410000000000001
6700.5,3.421,0.577
6700.75,3.484,0.6
6701.0,3.4670000000000005,0.6769999999999999
6701.25,3.639,0.945
6701.5,3.46,0.698
6701.75,3.493,0.76
6702.0,3.4179999999999997,0.716
6702.25,2.5949999999999998,0.911
6702.5,4.36,0.42289999999999994
6702.75,22.97,-2.05
6703.0,30.21,-2.8600000000000003
6703.25,31.71,-2.84
6703.5,32.5,-3.6999999999999997
6703.75,32.599999999999994,-3.7800000000000002
6704.0,31.4,-3.65
6704.25,32.3,-3.67
6704.5,32.260000000000005,-3.61
6704.75,32.2,-3.7700000000000005
6705.0,32.9,-3.8699999999999997
6705.25,32.599999999999994,-3.83
6705.5,33.0,-3.82
6705.75,34.0,-3.88
6706.0,33.8,-3.84
6706.25,33.1,-4.039999999999999
6706.5,32.800000000000004,-4.08
6706.75,32.8,-3.95
6707.0,33.5,-3.71
6707.25,34.400000000000006,-3.6799999999999997
6707.5,34.0,-4.08
6707.75,34.0,-3.84
6708.0,35.099999999999994,-3.9000000000000004
6708.25,33.8,-3.73
6708.5,34.4,-3.8999999999999995
6708.75,34.099999999999994,-3.9499999999999997
6709.0,33.7,-4.069999999999999
6709.25,33.9,-4.08
6709.5,34.4,-4.15
6709.75,35.5,-4.039999999999999
6710.0,35.3,-3.98
6710.25,35.0,-4.0200000000000005
6710.5,35.900000000000006,-3.8999999999999995
6710.75,35.9,-3.84
6711.0,35.1,-4.2
6711.25,36.1,-4.2
6711.5,35.3,-4.11
6711.75,35.1,-4.2
6712.0,34.900000000000006,-4.2299999999999995
6712.25,34.0,-3.9499999999999997
6712.5,33.4,-4.300000000000001
6712.75,33.5,-4.199999999999999
6713.0,34.6,-3.87
6713.25,34.3,-3.7
6713.5,35.1,-3.8000000000000003
6713.75,34.2,-4.1
6714.0,31.259999999999998,-3.91
6714.25,30.87,-3.71
6714.5,30.54,-3.54
6714.75,27.72,-3.56
6715.0,25.79,-3.5700000000000003
6715.25,25.6,-3.56
6715.5,17.85,-2.04
6715.75,12.759999999999998,-1.212
6716.0,6.36,-0.20399999999999996
6716.25,5.669999999999999,-0.14590000000000003
6716.5,5.774,-0.008799999999999975
6716.75,5.654,-0.10870000000000002
6717.0,4.774,0.19399999999999998
6717.25,4.438,0.534
6717.5,4.382,0.478
6717.75,4.287,0.4
6718.0,4.132,0.17149999999999999
6718.25,4.362,0.44399999999999995
6718.5,4.1160000000000005,0.10649999999999998
6718.75,3.667,0.27269999999999994
6719.0,3.0980000000000003,0.35109999999999997
6719.25,3.3770000000000002,0.721
6719.5,3.096,0.3302
6719.75,3.0580000000000003,0.2567
6720.0,3.2969999999999997,0.557
6720.25,3.284,0.5680000000000001
6720.5,3.178,0.45899999999999996
6720.75,3.2140000000000004,0.473
6721.0,3.337,0.6240000000000001
6721.25,3.2460000000000004,0.5349999999999999
6721.5,3.064,0.3094
6721.75,3.1390000000000002,0.39930000000000004
6722.0,3.197,0.444
6722.25,3.203,0.46699999999999997
6722.5,2.987,0.216
6722.75,3.141,0.4085
6723.0,3.192,0.445
6723.25,3.6029999999999998,0.968
6723.5,3.177,0.461
6723.75,3.1270000000000002,0.429
6724.0,3.234,0.584
6724.25,3.3680000000000003,0.704
6724.5,3.205,0.479
6724.75,3.051,0.30589999999999995
6725.0,3.1690000000000005,0.44389999999999996
6725.25,3.312,0.489
6725.5,3.189,0.364
6725.75,3.1420000000000003,0.3981
6726.0,3.1690000000000005,0.472
6726.25,3.4000000000000004,0.73
6726.5,3.318,0.622
6726.75,4.6899999999999995,0.483
6727.0,10.879999999999999,-0.4167
6727.25,14.95,-0.594
6727.5,23.94,-2.19
6727.75,31.56,-3.36
6728.0,31.9,-4.0
6728.25,33.4,-3.78
6728.5,32.16,-4.11
6728.75,33.0,-4.19
6729.0,33.7,-4.05
6729.25,33.7,-4.16
6729.5,33.4,-4.1899999999999995
6729.75,35.3,-4.38
6730.0,35.0,-4.08
6730.25,34.4,-4.26
6730.5,36.3,-4.37
6730.75,33.900000000000006,-4.6
6731.0,34.0,-4.2
6731.25,34.0,-4.2
6731.5,34.3,-4.38
6731.75,34.8,-4.58
6732.0,33.5,-4.27
6732.25,35.6,-4.24
6732.5,34.2,-4.25
6732.75,33.4,-4.36
6733.0,33.8,-3.9000000000000004
6733.25,33.300000000000004,-4.2
6733.5,33.6,-3.92
6733.75,33.0,-4.16
6734.0,32.800000000000004,-4.05
6734.25,33.5,-4.37
6734.5,33.0,-4.3500000000000005
6734.75,33.8,-4.08
6735.0,33.3,-4.41
6735.25,33.5,-4.44
6735.5,35.9,-4.2
6735.75,35.3,-4.03
6736.0,34.400000000000006,-4.09
6736.25,32.9,-4.2
6736.5,35.4,-4.4
6736.75,35.8,-4.4
6737.0,35.8,-4.7
6737.25,36.3,-4.7
6737.5,35.010000000000005,-4.5
6737.75,34.239999999999995,-4.279999999999999
6738.0,31.999999999999996,-4.5
6738.25,30.089999999999996,-4.6
6738.5,21.52,-2.7
6738.75,20.47,-2.45
6739.0,20.84,-2.49
6739.25,19.57,-2.41
6739.5,18.770000000000003,-2.38
6739.75,17.02,-2.1500000000000004
6740.0,9.06,-0.86
6740.25,6.2,-0.028000000000000025
6740.5,5.371,-0.14799999999999996
6740.75,5.352,0.02799999999999997
6741.0,4.433999999999999,0.018000000000000016
6741.25,3.6020000000000003,0.54
6741.5,3.3000000000000003,0.5449999999999999
6741.75,3.251,0.4831
6742.0,3.19,0.41533
6742.25,3.3749999999999996,0.657
6742.5,3.4539999999999997,0.741
6742.75,3.1769999999999996,0.42
6743.0,3.15,0.36878999999999995
6743.25,3.161,0.45799999999999996
6743.5,3.129,0.43220000000000003
6743.75,3.282,0.5018
6744.0,3.317,0.50822
6744.25,3.4979999999999998,0.7133
6744.5,3.2359999999999998,0.387
6744.75,3.3939999999999997,0.5684
6745.0,3.301,0.4441
6745.25,3.4770000000000003,0.702
6745.5,3.274,0.4855
6745.75,3.1029999999999998,0.366
6746.0,3.1979999999999995,0.4274
6746.25,3.348,0.656
6746.5,3.043,0.29000000000000004
6746.75,3.098,0.376
6747.0,3.1100000000000003,0.377
6747.25,3.26,0.49855
6747.5,3.141,0.3937
6747.75,3.229,0.5296000000000001
6748.0,3.3169999999999997,0.6069
6748.25,3.3369999999999997,0.645
6748.5,3.1919999999999997,0.47400000000000003
6748.75,3.091,0.375
6749.0,3.04,0.283
6749.25,3.252,0.529
6749.5,3.141,0.371
6749.75,3.325,0.5738
6750.0,3.08,0.322
6750.25,2.556,0.718
6750.5,2.687,0.4282
6750.75,22.700000000000003,-2.45
6751.0,29.64,-2.71
6751.25,31.129999999999995,-2.87
6751.5,32.0,-3.5999999999999996
6751.75,31.4,-4.1
6752.0,31.09,-4.08
6752.25,30.930000000000003,-4.05
6752.5,31.250000000000004,-4.0600000000000005
6752.75,31.57,-4.25
6753.0,31.5,-4.08
6753.25,32.1,-4.05
6753.5,32.8,-3.55
6753.75,35.5,-1.4705000000000001
6754.0,36.8,-1.545
6754.25,34.8,-1.94
6754.5,32.4,-4.17
6754.75,32.0,-4.34
6755.0,35.0,-2.91
6755.25,37.3,-1.5510000000000002
6755.5,35.1,-3.3099999999999996
6755.75,32.900000000000006,-4.47
6756.0,32.5,-4.25
6756.25,34.099999999999994,-4.4
6756.5,33.7,-4.47
6756.75,34.1,-4.279999999999999
6757.0,33.4,-4.140000000000001
6757.25,33.099999999999994,-4.3
6757.5,35.599999999999994,-4.3
6757.75,33.900000000000006,-4.3
6758.0,34.3,-4.5
6758.25,36.9,-4.49
6758.5,36.3,-4.2
6758.75,36.7,-4.6
6759.0,38.0,-4.7
6759.25,37.099999999999994,-4.8
6759.5,36.3,-4.4
6759.75,37.3,-4.4
6760.0,37.0,-4.5
6760.25,36.9,-4.4
6760.5,37.7,-3.28
6760.75,37.599999999999994,-3.72
6761.0,34.0,-4.28
6761.25,32.8,-4.02
6761.5,32.29,-3.99
6761.75,32.42,-4.09
6762.0,32.54,-4.1
6762.25,32.129999999999995,-3.84
6762.5,33.0,-4.1499999999999995
6762.75,29.27,-3.9
6763.0,26.32,-3.25
6763.25,26.42,-3.23
6763.5,26.09,-3.2800000000000002
6763.75,22.06,-2.67
6764.0,9.74,-0.4027
6764.25,7.609999999999999,-0.030999999999999972
6764.5,6.02,-0.07300000000000006
6764.75,5.358,-0.18500000000000005
6765.0,4.756,-0.017000000000000015
6765.25,4.58,0.22400000000000003
6765.5,4.509,0.13629999999999998
6765.75,4.253,0.2485
6766.0,3.9230000000000005,0.35559999999999997
6766.25,4.011,0.42899999999999994
6766.5,3.9810000000000003,0.31020000000000003
6766.75,3.9400000000000004,0.47
6767.0,3.221,0.535
6767.25,3.32,0.739
6767.5,3.159,0.5183
6767.75,3.0449999999999995,0.3263
6768.0,3.1430000000000002,0.47100000000000003
6768.25,2.9450000000000003,0.20129999999999998
6768.5,3.007,0.279
6768.75,3.0490000000000004,0.324
6769.0,3.3160000000000003,0.6479999999999999
6769.25,3.023,0.3295
6769.5,3.1029999999999998,0.427
6769.75,3.13,0.45499999999999996
6770.0,3.25,0.569
6770.25,2.984,0.295
6770.5,3.0170000000000003,0.34299999999999997
6770.75,3.1020000000000003,0.40419999999999995
6771.0,3.1980000000000004,0.497
6771.25,3.1069999999999998,0.463
6771.5,2.9520000000000004,0.24799999999999997
6771.75,3.0299999999999994,0.3365
6772.0,3.153,0.42999999999999994
6772.25,3.047,0.373
6772.5,3.1129999999999995,0.4491
6772.75,3.125,0.427
6773.0,3.242,0.5720000000000001
6773.25,3.016,0.30400000000000005
6773.5,3.098,0.43600000000000005
6773.75,3.0010000000000003,0.3323
6774.0,3.201,0.5409999999999999
6774.25,3.041,0.3308
6774.5,6.93,-0.403
6774.75,21.52,-2.87
6775.0,27.28,-3.46
6775.25,29.15,-3.7199999999999998
6775.5,31.42,-3.92
6775.75,31.949999999999996,-3.8600000000000003
6776.0,33.5,-3.71
6776.25,34.5,-3.99
6776.5,35.31,-4.09
6776.75,34.2,-3.85
6777.0,36.300000000000004,-4.16
6777.25,37.5,-4.24
6777.5,37.2,-4.27
6777.75,35.3,-4.28
6778.0,35.0,-4.17
6778.25,36.3,-4.18
6778.5,36.2,-4.03
6778.75,35.7,-4.2
6779.0,35.3,-4.140000000000001
6779.25,34.400000000000006,-4.2
6779.5,36.800000000000004,-3.56
6779.75,42.8,-2.6679999999999997
6780.0,42.7,-2.738
6780.25,42.5,-2.9600000000000004
6780.5,43.4,-2.8513
6780.75,43.0,-2.838
6781.0,42.5,-2.62
6781.25,43.2,-2.64
6781.5,41.099999999999994,-2.8000000000000003
6781.75,40.599999999999994,-2.7840000000000003
6782.0,41.6,-2.5999999999999996
6782.25,40.2,-2.9499999999999997
6782.5,41.3,-2.69
6782.75,42.7,-2.7900000000000005
6783.0,43.0,-2.83
6783.25,41.4,-3.03
6783.5,43.2,-2.87
6783.75,44.400000000000006,-3.04
6784.0,44.5,-3.0999999999999996
6784.25,43.1,-3.22
6784.5,42.9,-3.18
6784.75,42.8,-2.9499999999999997
6785.0,42.099999999999994,-2.97
6785.25,41.5,-2.79
6785.5,38.1,-2.7800000000000002
6785.75,37.5,-2.9699999999999998
6786.0,37.0,-3.05
6786.25,32.099999999999994,-2.35
6786.5,24.660000000000004,-1.61
6786.75,24.49,-1.2457
6787.0,24.69,-1.1913
6787.25,25.909999999999997,-1.2081300000000001
6787.5,25.4,-1.293
6787.75,22.03,-1.288
6788.0,19.46,-0.428
6788.25,14.16,0.9109999999999999
6788.5,13.819999999999999,1.296
6788.75,9.43,0.5069999999999999
6789.0,6.390000000000001,0.48200000000000004
6789.25,3.85,0.19200000000000006
6789.5,3.979,0.522
6789.75,3.558,0.023999999999999966
6790.0,3.5380000000000003,0.12070000000000003
6790.25,3.634,0.22099999999999997
6790.5,3.0469999999999997,0.2773
6790.75,3.09,0.277
6791.0,3.099,0.397
6791.25,2.822,0.24010000000000004
6791.5,2.761,0.12000000000000005
6791.75,2.8470000000000004,0.23970000000000002
6792.0,2.7689999999999997,0.25712
6792.25,2.858,0.37010000000000004
6792.5,2.8030000000000004,0.30900000000000005
6792.75,3.166,0.6619999999999999
6793.0,2.747,0.23000000000000004
6793.25,2.791,0.3103
6793.5,2.786,0.2587
6793.75,2.9090000000000003,0.4
6794.0,2.649,0.069
6794.25,2.878,0.33499999999999996
6794.5,2.8770000000000002,0.36179999999999995
6794.75,2.641,0.041000000000000036
6795.0,2.746,0.17200000000000004
6795.25,2.7840000000000003,0.24100000000000005
6795.5,2.7119999999999997,0.14189999999999997
6795.75,2.7169999999999996,0.13
6796.0,2.8960000000000004,0.3357
6796.25,2.8739999999999997,0.313
6796.5,2.861,0.3389
6796.75,2.73,0.17069999999999996
6797.0,2.765,0.17809999999999998
6797.25,2.8009999999999997,0.19900000000000004
6797.5,2.705,0.08199999999999996
6797.75,2.657,0.012999999999999956
6798.0,2.668,0.18499999999999994
6798.25,2.727,0.3185
6798.5,2.464,-0.008000000000000063
6798.75,3.64,0.15999999999999998
6799.0,2.916,0.47
6799.25,2.906,0.46099999999999997
6799.5,3.444,0.03699999999999998
6799.75,3.781,0.388
6800.0,3.876,0.22299999999999992
6800.25,3.569,0.16560000000000002
6800.5,3.561,0.10940000000000005
6800.75,3.9010000000000002,0.09849999999999998
6801.0,3.66,0.01100000000000001
6801.25,3.856,0.17300000000000004
6801.5,4.013,0.18260000000000004
6801.75,4.069,0.18729999999999997
6802.0,3.9449999999999994,0.04299999999999993
6802.25,3.946,0.04600000000000004
6802.5,4.6240000000000006,0.31400000000000006
6802.75,5.912,0.2739
6803.0,5.81,0.20340000000000003
6803.25,5.202999999999999,0.21700000000000003
6803.5,5.75,0.6910000000000001
6803.75,6.128,0.5485
6804.0,5.821,0.22547999999999996
6804.25,6.047,0.18099999999999994
6804.5,6.462000000000001,0.43599999999999994
6804.75,6.455,0.31599999999999995
6805.0,6.605,0.329
6805.25,7.19,0.6424000000000001
6805.5,11.57,0.944
6805.75,11.52,1.0724
6806.0,11.02,0.990857
6806.25,12.100000000000001,1.367
6806.5,11.43,1.1419
6806.75,11.620000000000001,1.308
6807.0,11.66,1.2694
6807.25,11.649999999999999,1.21
6807.5,9.74,0.8908999999999999
6807.75,9.42,0.7826
6808.0,9.21,0.8719999999999999
6808.25,9.04,0.86
6808.5,9.52,0.76
6808.75,9.040000000000001,0.8848
6809.0,9.02,0.9158
6809.25,8.95,0.87
6809.5,8.94,0.7678
6809.75,7.199999999999999,0.633
6810.0,3.385,0.17300000000000001
6810.25,3.328,0.119
6810.5,3.4110000000000005,0.371
6810.75,3.2809999999999997,0.43899999999999995
6811.0,3.0109999999999997,0.2606
6811.25,2.975,0.19100000000000006
6811.5,2.9140000000000006,0.12999999999999995
6811.75,3.0300000000000002,0.29719999999999996
6812.0,2.974,0.21700000000000003
6812.25,2.8820000000000006,0.069
6812.5,2.9839999999999995,0.21619999999999995
6812.75,2.9430000000000005,0.21100000000000002
6813.0,2.979,0.23099999999999998
6813.25,3.0690000000000004,0.3534
6813.5,3.033,0.3241
6813.75,2.964,0.2752
6814.0,2.9140000000000006,0.13199999999999995
6814.25,3.159,0.491
6814.5,2.999,0.27915
6814.75,3.0169999999999995,0.3534
6815.0,2.879,0.18300000000000005
6815.25,3.12,0.42100000000000004
6815.5,2.79,0.07900000000000001
6815.75,2.998,0.34900000000000003
6816.0,2.918,0.198
6816.25,3.0789999999999997,0.38499999999999995
6816.5,2.867,0.18900000000000006
6816.75,2.9600000000000004,0.30099999999999993
6817.0,3.0429999999999997,0.3594
6817.25,3.025,0.29379999999999995
6817.5,2.963,0.2028
6817.75,2.958,0.18119999999999997
6818.0,3.25,0.642
6818.25,3.067,0.392
6818.5,3.032,0.3337
6818.75,3.06,0.268
6819.0,2.9819999999999998,0.2904
6819.25,2.9400000000000004,0.238
6819.5,3.0120000000000005,0.302
6819.75,3.0340000000000003,0.3212
6820.0,2.931,0.254
6820.25,2.95,0.28200000000000003
6820.5,2.977,0.2612
6820.75,3.1240000000000006,0.474
6821.0,2.8520000000000003,0.13599999999999995
6821.25,2.9819999999999998,0.29460000000000003
6821.5,3.0340000000000003,0.32899999999999996
6821.75,3.2960000000000003,0.668
6822.0,2.99,0.395
6822.25,2.955,0.34430000000000005
6822.5,3.108,0.44200000000000006
6822.75,2.936,0.2413
6823.0,2.8360000000000003,0.14799999999999996
6823.25,2.9410000000000003,0.249
6823.5,2.9050000000000002,0.174417
6823.75,2.9450000000000003,0.22599999999999992
6824.0,2.925,0.25599999999999995
6824.25,2.9140000000000006,0.16500000000000004
6824.5,2.858,0.123
6824.75,2.8579999999999997,0.10799999999999998
6825.0,3.03,0.324
6825.25,2.9979999999999998,0.282
6825.5,2.965,0.26649999999999996
6825.75,3.137,0.4916
6826.0,3.0210000000000004,0.317
6826.25,3.045,0.29239999999999994
6826.5,2.8609999999999998,0.12453999999999998
6826.75,2.975,0.22293999999999997
6827.0,3.182,0.4819
6827.25,2.932,0.20600000000000002
6827.5,2.93,0.17699999999999994
6827.75,2.925,0.20900000000000002
6828.0,2.989,0.25279999999999997
6828.25,2.979,0.33799999999999997
6828.5,2.792,0.08499999999999996
6828.75,3.0500000000000003,0.349
6829.0,3.064,0.38270000000000004
6829.25,3.0629999999999997,0.45199999999999996
6829.5,3.0100000000000002,0.39279
6829.75,3.048,0.41400000000000003
6830.0,2.976,0.263
6830.25,2.909,0.23370000000000002
6830.5,2.9690000000000003,0.3461
6830.75,3.0829999999999997,0.46900000000000003
6831.0,2.937,0.255
6831.25,2.903,0.22899999999999998
6831.5,3.09,0.4487
6831.75,2.747,-0.00500000000000006
6832.0,2.9010000000000002,0.16399999999999998
6832.25,2.7960000000000003,0.030000000000000027
6832.5,3.049,0.354
6832.75,2.917,0.23600000000000004
6833.0,3.019,0.34040000000000004
6833.25,3.148,0.5158999999999999
6833.5,3.1229999999999998,0.5149999999999999
6833.75,2.931,0.22599999999999998
6834.0,2.915,0.13
6834.25,3.123,0.439
6834.5,3.001,0.3217
6834.75,2.9739999999999998,0.2829999999999999
6835.0,2.8870000000000005,0.136
6835.25,3.1919999999999997,0.249
6835.5,3.162,0.04999999999999999
6835.75,3.397,0.238
6836.0,3.288,0.11699999999999994
6836.25,3.349,0.16499999999999998
6836.5,3.29,0.134
6836.75,3.358,0.24860000000000004
6837.0,3.472,0.381
6837.25,3.3289999999999997,0.2331
6837.5,3.295,0.1627
6837.75,3.328,0.11129999999999998
6838.0,3.8999999999999995,0.28700000000000003
6838.25,3.515,0.2588
6838.5,3.465,0.30900000000000005
6838.75,3.399,0.29200000000000004
6839.0,3.279,0.14510000000000006
6839.25,3.135,-0.04799999999999999
6839.5,3.333,0.18500000000000005
6839.75,3.3520000000000003,0.18249999999999994
6840.0,3.2270000000000003,0.16800000000000004
6840.25,3.084,0.07299999999999995
6840.5,3.178,0.19099999999999995
6840.75,3.293,0.24999999999999997
6841.0,3.052,0.08699999999999997
6841.25,3.133,0.07700000000000001
6841.5,3.366,0.283
6841.75,3.423,0.4680000000000001
6842.0,3.184,0.20499999999999996
6842.25,3.125,0.13309999999999994
6842.5,3.1999999999999997,0.20899999999999996
6842.75,3.1629999999999994,0.15189999999999998
6843.0,3.042,0.0010000000000000009
6843.25,3.1310000000000002,0.137
6843.5,3.193,0.23099999999999998
6843.75,3.1929999999999996,0.19300000000000006
6844.0,3.0890000000000004,0.07300000000000001
6844.25,3.1130000000000004,0.11099999999999999
6844.5,3.167,0.04799999999999993
6844.75,3.1599999999999997,0.11670000000000003
6845.0,3.271,0.2987
6845.25,3.291,0.35100000000000003
6845.5,3.185,0.20958799999999994
6845.75,3.0809999999999995,0.08800000000000002
6846.0,3.1310000000000002,0.35200000000000004
6846.25,2.5140000000000002,0.633
6846.5,2.444,0.23200000000000004
6846.75,19.45,-2.9299999999999997
6847.0,26.39,-3.63
6847.25,28.330000000000002,-3.54
6847.5,30.799999999999997,-3.8
6847.75,30.66,-3.8
6848.0,32.199999999999996,-3.76
6848.25,33.4,-4.029999999999999
6848.5,35.2,-4.53
6848.75,35.2,-4.34
6849.0,36.099999999999994,-4.630000000000001
6849.25,38.3,-4.9
6849.5,38.900000000000006,-5.01
6849.75,39.7,-4.75
6850.0,39.3,-5.140000000000001
6850.25,40.1,-5.05
6850.5,40.3,-4.69
6850.75,40.3,-5.029999999999999
6851.0,39.400000000000006,-5.02
6851.25,38.9,-4.8100000000000005
6851.5,39.2,-4.9
6851.75,39.5,-4.99
6852.0,38.900000000000006,-4.98
6852.25,41.7,-3.08
6852.5,42.7,-2.21
6852.75,40.5,-3.6300000000000003
6853.0,40.9,-3.16
6853.25,41.8,-4.0
6853.5,42.400000000000006,-3.8499999999999996
6853.75,42.0,-4.3
6854.0,44.2,-4.0
6854.25,43.6,-4.1
6854.5,43.5,-3.5
6854.75,43.099999999999994,-4.2
6855.0,43.3,-4.5
6855.25,43.2,-4.3
6855.5,42.5,-4.0
6855.75,43.1,-3.8000000000000003
6856.0,43.9,-3.9
6856.25,43.0,-3.6000000000000005
6856.5,38.3,-3.4400000000000004
6856.75,37.3,-2.88
6857.0,39.1,-0.74
6857.25,37.099999999999994,-1.46
6857.5,36.900000000000006,-1.6099999999999999
6857.75,37.599999999999994,-2.6599999999999997
6858.0,33.5,-4.1
6858.25,34.1,-4.1
6858.5,33.4,-3.8600000000000003
6858.75,29.68,-3.54
6859.0,28.18,-3.47
6859.25,28.3,-3.4999999999999996
6859.5,28.08,-3.53
6859.75,24.9,-3.1899999999999995
6860.0,13.45,-0.7607999999999999
6860.25,11.04,-0.5787
6860.5,7.67,-0.01699999999999996
6860.75,6.91,-0.061899999999999955
6861.0,5.84,0.38900000000000007
6861.25,5.199999999999999,0.03860000000000002
6861.5,5.109999999999999,-0.009000000000000036
6861.75,5.34,0.21100000000000002
6862.0,5.24,0.24800000000000005
6862.25,4.880000000000001,-0.034
6862.5,5.32,0.121
6862.75,5.1899999999999995,0.338
6863.0,5.01,0.327
6863.25,3.665,0.10399999999999998
6863.5,3.503,0.0
6863.75,3.6679999999999997,0.17
6864.0,3.5650000000000004,0.056400000000000006
6864.25,3.59,0.12433
6864.5,3.539,0.15399999999999997
6864.75,3.498,0.13199999999999995
6865.0,3.4379999999999997,0.02999999999999997
6865.25,3.655,0.32799999999999996
6865.5,3.592,0.23299999999999998
6865.75,3.608,0.222
6866.0,3.6189999999999998,0.21359999999999996
6866.25,3.622,0.276
6866.5,3.575,0.256
6866.75,3.157,0.35100000000000003
6867.0,2.9859999999999998,0.17567000000000002
6867.25,3.003,0.178
6867.5,3.032,0.19990000000000002
6867.75,2.907,0.068
6868.0,3.007,0.18000000000000002
6868.25,2.921,0.050000000000000044
6868.5,3.218,0.411
6868.75,2.9069999999999996,0.08100000000000002
6869.0,3.034,0.24499999999999997
6869.25,3.013,0.17900000000000002
6869.5,3.0589999999999997,0.44200000000000006
6869.75,2.243,0.28
6870.0,2.036,0.3791
6870.25,2.037,0.4743
6870.5,2.177,0.454
6870.75,6.9,-0.4444
6871.0,12.09,-1.03
6871.25,17.36,-1.53
6871.5,29.96,-3.41
6871.75,30.79,-3.6
6872.0,29.72,-3.6
6872.25,31.04,-3.36
6872.5,31.759999999999998,-3.87
6872.75,33.099999999999994,-3.73
6873.0,32.7,-3.69
6873.25,33.42,-3.67
6873.5,34.769999999999996,-3.7700000000000005
6873.75,36.5,-3.7399999999999998
6874.0,35.4,-3.69
6874.25,34.59,-3.98
6874.5,34.48,-4.0
6874.75,34.9,-3.66
6875.0,34.510000000000005,-3.5300000000000002
6875.25,34.0,-3.61
6875.5,34.0,-3.7
6875.75,33.5,-3.87
6876.0,32.02,-3.8000000000000003
6876.25,32.099999999999994,-3.69
6876.5,32.8,-3.73
6876.75,32.9,-3.74
6877.0,33.7,-3.83
6877.25,32.8,-4.1
6877.5,33.9,-3.9
6877.75,35.8,-4.300000000000001
6878.0,34.099999999999994,-4.0
6878.25,35.2,-3.9000000000000004
6878.5,37.5,-4.11
6878.75,36.9,-4.1000000000000005
6879.0,36.3,-3.9699999999999998
6879.25,39.0,-3.9699999999999998
6879.5,40.2,-3.7800000000000002
6879.75,39.3,-4.05
6880.0,38.0,-3.52
6880.25,35.9,-3.94
6880.5,34.9,-4.07
6880.75,34.3,-3.79
6881.0,33.83,-3.6799999999999997
6881.25,32.730000000000004,-3.66
6881.5,33.39,-3.63
6881.75,32.2,-3.23
6882.0,30.9,-3.29
6882.25,24.6,-2.56
6882.5,23.28,-0.9099999999999999
6882.75,21.73,-1.7317999999999998
6883.0,20.25,-2.34
6883.25,20.04,-2.24
6883.5,20.08,-2.02
6883.75,17.11,-1.7500000000000002
6884.0,12.42,-0.878
6884.25,10.7,-0.578
6884.5,6.92,0.17800000000000005
6884.75,6.289999999999999,0.12799999999999995
6885.0,4.85,0.327
6885.25,4.51,0.476
6885.5,4.48,0.581
6885.75,4.17,0.24699999999999997
6886.0,4.46,0.643
6886.25,4.26,0.442
6886.5,3.354,0.361
6886.75,3.2510000000000003,0.34600000000000003
6887.0,3.3409999999999997,0.41700000000000004
6887.25,3.287,0.477
6887.5,3.2310000000000003,0.423
6887.75,3.1750000000000003,0.2151
6888.0,3.247,0.31099999999999994
6888.25,3.5229999999999997,0.6539999999999999
6888.5,3.346,0.45399999999999996
6888.75,3.44,0.5579999999999999
6889.0,3.243,0.359
6889.25,3.3810000000000002,0.488
6889.5,3.293,0.386
6889.75,3.188,0.2321
6890.0,3.0970000000000004,0.07479999999999998
6890.25,3.245,0.3
6890.5,3.246,0.276
6890.75,3.2390000000000003,0.281
6891.0,3.376,0.39999999999999997
6891.25,3.206,0.231
6891.5,3.2159999999999997,0.24
6891.75,3.294,0.30799999999999994
6892.0,3.53,0.541
6892.25,3.285,0.362
6892.5,3.291,0.376
6892.75,3.255,0.293
6893.0,3.341,0.41999999999999993
6893.25,3.218,0.29000000000000004
6893.5,3.0629999999999997,0.10510000000000003
6893.75,3.296,0.303
6894.0,2.87,0.604
6894.25,2.266,0.29499999999999993
6894.5,2.4610000000000003,0.536
6894.75,5.32,0.04300000000000001
6895.0,11.36,-0.36500000000000005
6895.25,13.73,-0.648
6895.5,23.89,-1.7
6895.75,27.25,-2.0
6896.0,27.06,-2.17
6896.25,29.25,-2.36
6896.5,29.279999999999998,-2.44
6896.75,33.67,-2.75
6897.0,35.37,-3.26
6897.25,38.1,-3.1599999999999997
6897.5,40.0,-3.26
6897.75,42.099999999999994,-3.24
6898.0,41.0,-3.3
6898.25,42.400000000000006,-3.0700000000000003
6898.5,43.1,-3.3500000000000005
6898.75,43.099999999999994,-3.04
6899.0,44.3,-3.31
6899.25,45.599999999999994,-3.54
6899.5,43.2,-3.6799999999999997
6899.75,45.900000000000006,-1.982
6900.0,49.3,-0.799
6900.25,51.0,0.399
6900.5,49.599999999999994,-0.273
6900.75,50.1,-0.908
6901.0,45.7,-3.33
6901.25,46.0,-3.16
6901.5,45.8,-3.2
6901.75,47.2,-2.946
6902.0,47.3,-3.0810000000000004
6902.25,47.400000000000006,-2.9276
6902.5,48.9,-3.22
6902.75,48.1,-3.52
6903.0,46.1,-3.31
6903.25,46.699999999999996,-3.4699999999999998
6903.5,46.3,-3.21
6903.75,48.3,-2.8435
6904.0,50.5,-1.3689999999999998
6904.25,49.4,-3.2699999999999996
6904.5,49.7,-3.0400000000000005
6904.75,50.400000000000006,-1.5479999999999998
6905.0,49.0,-0.7680000000000002
6905.25,48.4,-0.34199999999999997
6905.5,45.900000000000006,0.005199999999999982
6905.75,45.4,-0.0030000000000000027
6906.0,44.4,-0.486
6906.25,38.71,-0.345
6906.5,37.81,-0.5429999999999999
6906.75,33.089999999999996,-2.4
6907.0,30.08,-3.29
6907.25,29.64,-2.99
6907.5,27.78,-3.3099999999999996
6907.75,21.87,-2.56
6908.0,13.27,-0.502
6908.25,8.91,0.04830000000000001
6908.5,7.32,0.32199999999999995
6908.75,7.25,0.35899999999999993
6909.0,4.048,0.386
6909.25,4.114,0.244
6909.5,4.059,0.377
6909.75,4.157,0.369
6910.0,5.49,0.5660000000000001
6910.25,6.0,0.46599999999999997
6910.5,6.25,0.624
6910.75,6.09,0.6360000000000001
6911.0,6.0,0.522
6911.25,5.01,0.33899999999999997
6911.5,4.699999999999999,0.352
6911.75,4.95,0.467
6912.0,4.65,0.225
6912.25,4.78,0.169
6912.5,5.07,0.5740000000000001
6912.75,4.14,0.585
6913.0,3.682,0.26099999999999995
6913.25,3.652,0.273
6913.5,3.62,0.265
6913.75,3.6420000000000003,0.363
6914.0,3.7350000000000003,0.36
6914.25,3.665,0.356
6914.5,3.686,0.457
6914.75,3.776,0.41400000000000003
6915.0,3.547,0.12509999999999993
6915.25,3.518,0.235
6915.5,3.705,0.33499999999999996
6915.75,3.557,0.10909999999999997
6916.0,3.8,0.46
6916.25,3.809,0.616
6916.5,3.755,0.453
6916.75,3.493,0.19700000000000004
6917.0,3.692,0.394
6917.25,3.7779999999999996,0.492
6917.5,3.692,0.386
6917.75,2.926,0.4072
6918.0,2.746,0.475
6918.25,2.6460000000000004,0.663
6918.5,3.0149999999999997,0.787
6918.75,6.809999999999999,-0.3320000000000001
6919.0,19.04,-0.9630000000000001
6919.25,32.71,-3.1100000000000003
6919.5,35.4,-3.2800000000000002
6919.75,34.6,-3.6100000000000003
6920.0,34.6,-3.5300000000000002
6920.25,34.8,-4.0
6920.5,35.5,-4.13
6920.75,36.1,-4.07
6921.0,36.400000000000006,-3.9499999999999997
6921.25,35.7,-4.45
6921.5,35.099999999999994,-4.390000000000001
6921.75,36.8,-4.16
6922.0,36.9,-4.36
6922.25,37.2,-4.24
6922.5,37.3,-4.25
6922.75,38.9,-3.91
6923.0,38.1,-3.94
6923.25,37.599999999999994,-4.03
6923.5,39.099999999999994,-3.99
6923.75,39.4,-4.09
6924.0,38.0,-3.99
6924.25,42.6,-3.37
6924.5,42.4,-3.31
6924.75,42.900000000000006,-3.7600000000000002
6925.0,42.7,-3.74
6925.25,40.8,-3.6700000000000004
6925.5,40.099999999999994,-3.7600000000000002
6925.75,42.099999999999994,-3.7800000000000002
6926.0,40.8,-3.9800000000000004
6926.25,43.4,-3.75
6926.5,44.4,-3.6000000000000005
6926.75,44.400000000000006,-3.56
6927.0,44.6,-3.39
6927.25,44.3,-3.52
6927.5,46.9,-3.29
6927.75,48.7,-3.2800000000000002
6928.0,47.0,-3.41
6928.25,49.0,-3.3200000000000003
6928.5,48.7,-3.24
6928.75,50.099999999999994,-3.08
6929.0,45.4,-3.32
6929.25,44.3,-3.02
6929.5,43.6,-3.06
6929.75,42.5,-2.9599999999999995
6930.0,40.5,-3.3200000000000003
6930.25,39.6,-3.55
6930.5,33.8,-2.5
6930.75,24.26,-1.4888000000000001
6931.0,23.65,-1.6074
6931.25,22.82,-1.08
6931.5,22.51,-0.688
6931.75,20.880000000000003,-0.781
6932.0,12.71,0.617
6932.25,11.3,1.113
6932.5,8.01,0.554
6932.75,8.06,0.776
6933.0,4.140000000000001,0.5780000000000001
6933.25,3.7969999999999997,0.601
6933.5,3.779,0.571
6933.75,3.716,0.509
6934.0,3.923,0.758
6934.25,4.018,0.7839999999999999
6934.5,3.6630000000000003,0.5780000000000001
6934.75,3.6489999999999996,0.6
6935.0,3.815,0.73
6935.25,3.8240000000000003,0.776
6935.5,3.69,0.657
6935.75,3.764,0.8180000000000001
6936.0,3.75,0.845
6936.25,3.9579999999999997,1.042
6936.5,3.582,0.528
6936.75,3.59,0.534
6937.0,3.5649999999999995,0.42
6937.25,3.449,0.594
6937.5,3.265,0.378
6937.75,3.266,0.43299999999999994
6938.0,3.267,0.44599999999999995
6938.25,3.409,0.5840000000000001
6938.5,3.3810000000000002,0.599
6938.75,3.251,0.44199999999999995
6939.0,3.421,0.629
6939.25,3.356,0.57
6939.5,3.5279999999999996,0.755
6939.75,3.2929999999999997,0.514
6940.0,3.38,0.561
6940.25,3.283,0.389
6940.5,3.44,0.671
6940.75,3.3500000000000005,0.527
6941.0,3.575,0.839
6941.25,3.258,0.444
6941.5,3.246,0.412
6941.75,3.216,0.35000000000000003
6942.0,3.263,0.435
6942.25,0.0,0.0
6942.5,0.0,0.0
6942.75,0.0,0.0
6943.0,0.0,0.0
6943.25,0.0,0.0
6943.5,0.0,0.0
6943.75,0.0,0.0
6944.0,0.0,0.0
6944.25,0.0,0.0
6944.5,0.0,0.0
6944.75,0.0,0.0
6945.0,0.0,0.0
6945.25,0.0,0.0
6945.5,0.0,0.0
6945.75,11.14,0.44
6946.0,13.75,-0.345
6946.25,15.32,-1.1
6946.5,14.67,-1.34
6946.75,13.13,-1.18
6947.0,13.57,-1.2000000000000002
6947.25,13.490000000000002,-1.3599999999999999
6947.5,15.170000000000002,-1.1900000000000002
6947.75,14.7,-1.058
6948.0,13.959999999999999,-1.1781
6948.25,14.34,-1.235
6948.5,14.57,-0.972
6948.75,22.060000000000002,-2.47
6949.0,27.799999999999997,-3.2300000000000004
6949.25,28.800000000000004,-3.27
6949.5,29.26,-3.3099999999999996
6949.75,28.78,-3.49
6950.0,30.5,-3.74
6950.25,32.4,-3.52
6950.5,31.9,-3.98
6950.75,33.0,-3.8400000000000003
6951.0,33.2,-3.7699999999999996
6951.25,32.8,-3.7199999999999998
6951.5,33.0,-4.029999999999999
6951.75,33.9,-3.58
6952.0,33.6,-3.77
6952.25,32.8,-3.84
6952.5,33.5,-3.75
6952.75,34.199999999999996,-3.2800000000000002
6953.0,32.0,-3.7
6953.25,31.900000000000002,-3.6800000000000006
6953.5,33.9,-3.91
6953.75,34.1,-4.03
6954.0,30.94,-4.210000000000001
6954.25,29.620000000000005,-3.92
6954.5,24.509999999999998,-3.48
6954.75,23.729999999999997,-3.24
6955.0,23.43,-3.24
6955.25,25.25,-2.83
6955.5,24.6,-3.09
6955.75,19.13,-2.5
6956.0,10.2,-0.673
6956.25,9.03,-0.6805
6956.5,4.75,0.08700000000000008
6956.75,4.644,0.046999999999999986
6957.0,3.372,0.5489999999999999
6957.25,3.101,0.29200000000000004
6957.5,3.04,0.2405
6957.75,3.078,0.242
6958.0,3.0210000000000004,0.1899
6958.25,2.948,0.21160000000000004
6958.5,2.952,0.23650000000000004
6958.75,3.1159999999999997,0.449
6959.0,2.9899999999999998,0.24099999999999994
6959.25,2.945,0.195
6959.5,2.997,0.265
6959.75,3.1,0.431
6960.0,3.076,0.42000000000000004
6960.25,3.088,0.42499999999999993
6960.5,3.1559999999999997,0.5319999999999999
6960.75,3.027,0.4255
6961.0,2.9459999999999997,0.29700000000000004
6961.25,3.1029999999999998,0.403
6961.5,3.034,0.33599999999999997
6961.75,2.828,0.03799999999999998
6962.0,3.0189999999999997,0.2624000000000001
6962.25,3.263,0.558
6962.5,3.045,0.36000000000000004
6962.75,2.9019999999999997,0.14300000000000007
6963.0,3.0680000000000005,0.358
6963.25,3.0919999999999996,0.346
6963.5,3.21,0.5129999999999999
6963.75,2.965,0.21400000000000002
6964.0,3.09,0.371
6964.25,3.039,0.30500000000000005
6964.5,3.1439999999999997,0.466
6964.75,3.017,0.29200000000000004
6965.0,3.1050000000000004,0.39
6965.25,2.962,0.18680000000000002
6965.5,3.053,0.30200000000000005
6965.75,2.935,0.1735
6966.0,2.296,0.6159999999999999
6966.25,1.8250000000000002,0.48569999999999997
6966.5,1.842,0.46799999999999997
6966.75,3.3710000000000004,0.5740000000000001
6967.0,2.7779999999999996,0.652
6967.25,2.718,0.452
6967.5,2.768,0.51
6967.75,2.849,0.607
6968.0,2.839,0.5050000000000001
6968.25,3.388,0.15500000000000003
6968.5,3.799,0.242
6968.75,3.7899999999999996,0.42399999999999993
6969.0,3.917,0.12880000000000008
6969.25,3.695,0.11729999999999996
6969.5,3.719,-0.026499999999999968
6969.75,4.024,0.14199999999999996
6970.0,3.981,0.10100000000000003
6970.25,3.937,0.060699999999999976
6970.5,4.296,0.174
6970.75,4.029,0.23100000000000004
6971.0,4.639,0.09399999999999992
6971.25,3.896,0.08579999999999999
6971.5,4.1,0.397
6971.75,4.090999999999999,0.23600000000000004
6972.0,4.175,0.397
6972.25,4.041,0.24200000000000005
6972.5,4.01,0.060799999999999965
6972.75,4.86,-0.05789999999999995
6973.0,4.011,0.057599999999999985
6973.25,4.4559999999999995,0.262
6973.5,4.015,0.09399999999999997
6973.75,3.9589999999999996,0.28800000000000003
6974.0,4.071,0.427
6974.25,4.205,0.34199999999999997
6974.5,3.8400000000000003,0.16799999999999998
6974.75,3.7409999999999997,0.08700000000000002
6975.0,3.906,0.22499999999999998
6975.25,4.199,0.181
6975.5,3.931,0.2294
6975.75,3.825,0.14199999999999996
6976.0,3.838,0.118
6976.25,3.836,0.09600000000000003
6976.5,3.8030000000000004,0.09500000000000003
6976.75,3.798,0.134
6977.0,3.885,0.09499999999999997
6977.25,5.07,-0.015000000000000013
6977.5,4.62,-0.08999999999999991
6977.75,4.702999999999999,0.025000000000000022
6978.0,3.342,-0.021599999999999953
6978.25,3.103,0.23399999999999999
6978.5,3.0020000000000002,0.20099999999999996
6978.75,2.821,0.272
6979.0,2.896,0.10699999999999998
6979.25,3.1,0.129
6979.5,3.036,0.05349999999999999
6979.75,3.041,0.09060000000000001
6980.0,2.86,-0.11799999999999994
6980.25,3.048,0.10199999999999998
6980.5,3.535,0.31200000000000006
6980.75,3.264,0.42100000000000004
6981.0,3.027,0.20400000000000001
6981.25,2.994,0.325
6981.5,3.149,0.41100000000000003
6981.75,2.925,0.19100000000000003
6982.0,2.85,0.11699999999999999
6982.25,2.923,0.08910000000000001
6982.5,3.067,0.22599999999999998
6982.75,2.904,0.13410000000000002
6983.0,2.7960000000000003,0.027000000000000024
6983.25,3.037,0.189
6983.5,2.988,0.176
6983.75,3.0010000000000003,0.26599999999999996
6984.0,2.9479999999999995,0.2257
6984.25,3.132,0.394
6984.5,3.0570000000000004,0.2563
6984.75,3.083,0.29000000000000004
6985.0,2.868,0.09839999999999993
6985.25,2.951,0.23099999999999996
6985.5,2.755,-0.07200000000000001
6985.75,3.0469999999999997,0.264
6986.0,2.892,0.04770000000000002
6986.25,3.039,0.27599999999999997
6986.5,2.948,0.17271999999999998
6986.75,2.923,0.10939999999999997
6987.0,3.043,0.237
6987.25,2.9959999999999996,0.22200000000000003
6987.5,2.92,0.1456
6987.75,2.9269999999999996,0.14699999999999996
6988.0,3.234,0.508
6988.25,3.0010000000000003,0.29000000000000004
6988.5,2.864,0.08500000000000002
6988.75,2.854,0.047099999999999975
6989.0,3.041,0.22600000000000003
6989.25,2.8360000000000003,0.009299999999999975
6989.5,2.842,0.0998
6989.75,2.4909999999999997,0.4396
6990.0,2.212,0.46799999999999997
6990.25,2.142,0.41600000000000004
6990.5,2.07,0.412
6990.75,1.99,0.32399999999999995
6991.0,2.164,0.5329999999999999
6991.25,2.3000000000000003,0.633
6991.5,2.611,0.36839999999999995
6991.75,2.0010000000000003,0.31599999999999995
6992.0,2.01,0.322
6992.25,2.026,0.3126
6992.5,1.9109999999999998,0.2066
6992.75,2.1790000000000003,0.553
6993.0,2.025,0.32299999999999995
6993.25,2.22,0.4590000000000001
6993.5,2.141,0.35500000000000004
6993.75,2.1790000000000003,0.42300000000000004
6994.0,2.068,0.30099999999999993
6994.25,2.194,0.458
6994.5,2.096,0.322
6994.75,2.199,0.43
6995.0,2.008,0.24360000000000004
6995.25,2.147,0.43799999999999994
6995.5,2.076,0.32439999999999997
6995.75,2.167,0.416
6996.0,1.9409999999999998,0.20078000000000001
6996.25,2.082,0.35710000000000003
6996.5,2.384,0.40900000000000003
6996.75,3.062,0.63
6997.0,2.137,0.404
6997.25,2.0789999999999997,0.375
6997.5,2.212,0.525
6997.75,2.31,0.609
6998.0,2.064,0.3526
6998.25,2.099,0.38960000000000006
6998.5,2.046,0.252
6998.75,2.262,0.44799999999999995
6999.0,2.008,0.25880000000000003
6999.25,2.142,0.4383
6999.5,2.2110000000000003,0.484
6999.75,2.396,0.729
7000.0,2.433,0.341
7000.25,2.722,0.15900000000000003
7000.5,2.806,0.25
7000.75,2.69,0.15639999999999998
7001.0,2.718,0.16599999999999998
7001.25,2.7439999999999998,0.2027
7001.5,2.65,0.0807
7001.75,2.638,0.061
7002.0,2.737,0.2173
7002.25,2.73,0.17589999999999997
7002.5,2.628,0.06599999999999995
7002.75,2.699,0.13249999999999995
7003.0,2.868,0.26999999999999996
7003.25,2.819,0.253
7003.5,2.779,0.19799999999999998
7003.75,2.726,0.2056
7004.0,2.684,0.15499999999999997
7004.25,2.8810000000000002,0.326
7004.5,2.759,0.25570000000000004
7004.75,2.571,0.020000000000000018
7005.0,2.648,0.09150000000000003
7005.25,2.762,0.21099999999999994
7005.5,2.714,0.19000000000000003
7005.75,2.6390000000000002,0.10300000000000004
7006.0,2.9110000000000005,0.42900000000000005
7006.25,2.915,0.3340000000000001
7006.5,2.873,0.31
7006.75,2.753,0.27
7007.0,2.867,0.415
7007.25,2.709,0.1825
7007.5,2.6719999999999997,0.1305
7007.75,2.705,0.20600000000000002
7008.0,2.828,0.34700000000000003
7008.25,2.573,0.038860000000000006
7008.5,2.694,0.16599999999999998
7008.75,2.622,0.062
7009.0,2.965,0.521
7009.25,2.795,0.265
7009.5,2.731,0.20699999999999996
7009.75,2.742,0.173
7010.0,2.8770000000000002,0.383
7010.25,2.5460000000000003,-0.028000000000000025
7010.5,2.6,0.009999999999999953
7010.75,2.594,-0.010550000000000004
7011.0,2.7960000000000003,0.23399999999999996
7011.25,2.632,0.0776
7011.5,2.689,0.15999999999999998
7011.75,2.747,0.2158
7012.0,2.9320000000000004,0.30000000000000004
7012.25,2.699,0.15100000000000002
7012.5,2.6479999999999997,0.08589999999999998
7012.75,2.765,0.238
7013.0,2.791,0.24300000000000002
7013.25,2.709,0.172
7013.5,2.5,-0.08400000000000002
7013.75,2.6079999999999997,0.05130000000000001
7014.0,2.6769999999999996,0.12120000000000003
7014.25,2.695,0.1275
7014.5,2.9320000000000004,0.15749999999999997
7014.75,4.4,0.02749999999999997
7015.0,21.72,-2.8
7015.25,26.77,-3.46
7015.5,30.32,-3.8
7015.75,30.65,-3.7
7016.0,32.1,-4.0
7016.25,31.25,-3.93
7016.5,31.4,-3.85
7016.75,31.410000000000004,-4.25
7017.0,31.85,-4.3
7017.25,32.120000000000005,-4.3
7017.5,33.6,-4.46
7017.75,33.900000000000006,-4.53
7018.0,33.7,-4.5600000000000005
7018.25,34.6,-4.4399999999999995
7018.5,35.5,-4.45
7018.75,36.2,-4.55
7019.0,35.9,-4.53
7019.25,35.7,-4.46
7019.5,36.0,-4.41
7019.75,35.800000000000004,-4.49
7020.0,36.2,-3.8600000000000003
7020.25,37.5,-3.66
7020.5,37.400000000000006,-3.5
7020.75,36.3,-3.84
7021.0,36.0,-4.22
7021.25,35.4,-4.220000000000001
7021.5,35.7,-4.34
7021.75,36.5,-4.47
7022.0,35.8,-4.0200000000000005
7022.25,36.099999999999994,-4.39
7022.5,36.29,-4.6000000000000005
7022.75,35.7,-4.43
7023.0,35.5,-4.21
7023.25,36.4,-4.5200000000000005
7023.5,36.3,-4.42
7023.75,35.7,-4.3
7024.0,35.6,-4.41
7024.25,34.400000000000006,-4.38
7024.5,34.510000000000005,-4.18
7024.75,32.620000000000005,-4.07
7025.0,35.3,-2.21
7025.25,35.3,-2.46
7025.5,31.7,-3.23
7025.75,29.75,-3.38
7026.0,29.830000000000002,-3.28
7026.25,29.29,-3.55
7026.5,29.97,-3.45
7026.75,25.85,-3.6
7027.0,21.560000000000002,-2.6799999999999997
7027.25,21.38,-2.75
7027.5,21.09,-2.45
7027.75,18.619999999999997,-2.37
7028.0,8.79,-0.619
7028.25,6.42,-0.351
7028.5,5.88,-0.16600000000000004
7028.75,5.465,-0.08599999999999997
7029.0,3.713,-0.008360000000000034
7029.25,3.099,0.34099999999999997
7029.5,3.143,0.3546
7029.75,3.029,0.2788
7030.0,2.826,0.13
7030.25,2.9429999999999996,0.30329999999999996
7030.5,2.977,0.2675
7030.75,3.0229999999999997,0.397
7031.0,2.999,0.43500000000000005
7031.25,3.2939999999999996,0.569
7031.5,2.941,0.362
7031.75,3.009,0.528
7032.0,2.8609999999999998,0.31
7032.25,2.731,0.2932
7032.5,2.6479999999999997,0.08899999999999997
7032.75,2.874,0.24463999999999997
7033.0,3.032,0.5640000000000001
7033.25,2.997,0.498
7033.5,2.568,0.09400000000000003
7033.75,2.739,0.301
7034.0,3.032,0.43600000000000005
7034.25,2.8819999999999997,0.345
7034.5,2.7670000000000003,0.2464
7034.75,2.766,0.2973
7035.0,2.725,0.269
7035.25,2.6369999999999996,0.08999999999999997
7035.5,2.662,0.19369999999999998
7035.75,2.778,0.3176
7036.0,2.8840000000000003,0.22166999999999998
7036.25,2.763,0.19899999999999995
7036.5,2.8729999999999998,0.39399999999999996
7036.75,2.91,0.346
7037.0,2.7920000000000003,0.372
7037.25,2.67,0.18199999999999997
7037.5,2.806,0.29300000000000004
7037.75,2.273,0.7010000000000001
7038.0,2.0300000000000002,0.5860000000000001
7038.25,1.7599999999999998,0.276
7038.5,1.786,0.34700000000000003
7038.75,17.729999999999997,-2.0700000000000003
7039.0,27.669999999999998,-3.29
7039.25,30.150000000000002,-3.93
7039.5,31.18,-3.9899999999999998
7039.75,31.900000000000002,-3.96
7040.0,31.439999999999998,-3.7699999999999996
7040.25,31.5,-3.7800000000000002
7040.5,31.080000000000002,-3.92
7040.75,31.740000000000002,-4.2
7041.0,32.3,-4.300000000000001
7041.25,34.0,-4.32
7041.5,33.8,-4.41
7041.75,35.5,-4.3
7042.0,34.4,-4.15
7042.25,34.3,-3.83
7042.5,34.7,-3.75
7042.75,35.0,-3.42
7043.0,35.8,-3.22
7043.25,35.6,-3.06
7043.5,33.1,-4.390000000000001
7043.75,33.3,-4.300000000000001
7044.0,33.5,-4.37
7044.25,34.0,-4.55
7044.5,33.4,-4.28
7044.75,32.8,-4.34
7045.0,32.55,-4.58
7045.25,32.8,-4.4
7045.5,33.5,-4.37
7045.75,34.099999999999994,-4.5
7046.0,33.900000000000006,-4.45
7046.25,34.6,-4.1
7046.5,34.3,-4.15
7046.75,33.900000000000006,-4.4
7047.0,34.1,-4.2
7047.25,34.7,-4.300000000000001
7047.5,35.5,-4.2
7047.75,33.7,-4.22
7048.0,40.5,-3.18
7048.25,40.7,-4.24
7048.5,39.8,-4.01
7048.75,38.9,-4.14
7049.0,38.599999999999994,-3.9
7049.25,38.0,-3.66
7049.5,37.1,-3.26
7049.75,36.9,-2.61
7050.0,35.9,-2.43
7050.25,36.0,-3.03
7050.5,35.9,-3.31
7050.75,33.13,-3.0300000000000002
7051.0,30.980000000000004,-3.0
7051.25,30.0,-3.19
7051.5,28.96,-3.04
7051.75,21.06,-1.45
7052.0,10.91,0.31700000000000006
7052.25,8.73,0.055999999999999994
7052.5,6.91,-0.08229999999999998
7052.75,7.03,0.20200000000000007
7053.0,4.487,0.373
7053.25,4.309,0.17939999999999998
7053.5,3.9470000000000005,0.11450000000000005
7053.75,3.836,0.451
7054.0,3.691,0.1357
7054.25,3.614,0.167
7054.5,3.6069999999999998,0.16599999999999998
7054.75,3.8739999999999997,0.512
7055.0,3.656,0.37470000000000003
7055.25,3.5069999999999997,0.123
7055.5,3.654,0.3338
7055.75,3.6660000000000004,0.356
7056.0,3.601,0.298
7056.25,3.654,0.393
7056.5,3.692,0.443
7056.75,3.661,0.411
7057.0,3.6119999999999997,0.32889999999999997
7057.25,3.681,0.4195
7057.5,3.572,0.2414
7057.75,3.5780000000000003,0.27569999999999995
7058.0,3.576,0.287
7058.25,3.672,0.366
7058.5,3.676,0.245
7058.75,3.631,0.316
7059.0,3.59,0.3005
7059.25,3.8529999999999998,0.646
7059.5,3.8,0.5760000000000001
7059.75,3.5969999999999995,0.3636
7060.0,3.498,0.20700000000000002
7060.25,3.552,0.2149
7060.5,3.647,0.34199999999999997
7060.75,3.4220000000000006,0.10199999999999998
7061.0,3.519,0.20690000000000003
7061.25,3.622,0.31529999999999997
7061.5,3.7270000000000003,0.45399999999999996
7061.75,3.059,0.41000000000000003
7062.0,3.0170000000000003,0.583
7062.25,2.603,0.622
7062.5,3.0220000000000002,0.532
7062.75,5.569999999999999,0.15899999999999997
7063.0,6.6499999999999995,-0.191
7063.25,7.8100000000000005,-0.28800000000000003
7063.5,9.829999999999998,-0.458
7063.75,9.81,-0.6060000000000001
7064.0,8.99,-0.7859999999999999
7064.25,9.36,-0.508
7064.5,9.4,-0.683
7064.75,11.47,-1.101
7065.0,12.49,-1.3299999999999998
7065.25,12.31,-1.044
7065.5,12.18,-1.0833300000000001
7065.75,12.419999999999998,-0.9600000000000001
7066.0,14.650000000000002,-1.006
7066.25,15.86,-0.864
7066.5,13.39,-1.2129999999999999
7066.75,12.969999999999999,-1.38
7067.0,13.48,-1.25
7067.25,12.64,-1.28
7067.5,13.77,-1.288
7067.75,12.96,-1.1152
7068.0,12.73,-0.76
7068.25,12.8,-1.0792000000000002
7068.5,12.709999999999999,-0.982
7068.75,12.86,-1.074
7069.0,18.310000000000002,0.2737
7069.25,19.560000000000002,0.15100000000000002
7069.5,18.79,0.02499999999999991
7069.75,21.26,-0.062000000000000055
7070.0,20.11,0.030999999999999917
7070.25,19.53,-0.18899999999999995
7070.5,19.2,-0.258
7070.75,21.049999999999997,-0.14800000000000002
7071.0,21.18,-0.2440000000000001
7071.25,19.229999999999997,-0.536
7071.5,19.16,-0.474
7071.75,20.73,-0.20199999999999996
7072.0,19.44,-0.43700000000000006
7072.25,16.990000000000002,0.007000000000000006
7072.5,16.75,0.34700000000000003
7072.75,17.13,0.633
7073.0,17.33,0.593
7073.25,16.36,0.237
7073.5,13.989999999999998,0.629
7073.75,12.760000000000002,0.863
7074.0,11.56,0.677
7074.25,12.010000000000002,0.895
7074.5,11.91,0.717
7074.75,10.5,0.21899999999999997
7075.0,9.280000000000001,0.04300000000000004
7075.25,9.05,0.25799999999999995
7075.5,9.14,0.238
7075.75,8.82,0.18409999999999999
7076.0,7.7,0.21200000000000002
7076.25,7.17,0.12280000000000002
7076.5,8.129999999999999,0.43599999999999994
7076.75,6.88,0.20599999999999996
7077.0,3.7880000000000003,0.04999999999999999
7077.25,3.716,0.3008
7077.5,3.819,0.406
7077.75,3.783,0.36000000000000004
7078.0,3.678,0.274
7078.25,3.684,0.2989
7078.5,3.6470000000000002,0.238
7078.75,3.694,0.296
7079.0,3.662,0.354
7079.25,3.716,0.398
7079.5,3.5260000000000002,0.429
7079.75,3.4250000000000003,0.49
7080.0,3.59,0.754
7080.25,3.34,0.424
7080.5,3.234,0.2974
7080.75,3.1839999999999997,0.12290000000000001
7081.0,3.3960000000000004,0.32599999999999996
7081.25,3.2729999999999997,0.324
7081.5,3.2220000000000004,0.25817999999999997
7081.75,3.178,0.22949999999999998
7082.0,3.482,0.571
7082.25,3.45,0.573
7082.5,3.2520000000000002,0.30200000000000005
7082.75,3.284,0.365
7083.0,3.377,0.45799999999999996
7083.25,3.3870000000000005,0.437
7083.5,3.2,0.2451
7083.75,3.1590000000000003,0.2051
7084.0,3.231,0.226
7084.25,3.294,0.31200000000000006
7084.5,3.2340000000000004,0.26370000000000005
7084.75,3.219,0.2404
7085.0,3.3529999999999998,0.373
7085.25,3.376,0.472
7085.5,2.827,0.301
7085.75,2.463,0.421
7086.0,2.428,0.426
7086.25,2.44,0.506
7086.5,2.698,0.618
7086.75,3.1719999999999997,0.45799999999999996
7087.0,12.21,-0.644
7087.25,29.91,-3.96
7087.5,32.3,-4.2
7087.75,34.0,-4.4
7088.0,33.7,-4.1899999999999995
7088.25,33.9,-3.9400000000000004
7088.5,35.5,-4.05
7088.75,36.9,-4.24
7089.0,36.6,-4.41
7089.25,36.1,-4.37
7089.5,36.9,-4.12
7089.75,38.5,-4.07
7090.0,38.699999999999996,-4.11
7090.25,37.2,-4.18
7090.5,37.2,-4.05
7090.75,37.4,-4.15
7091.0,38.0,-4.09
7091.25,40.7,-3.87
7091.5,41.5,-3.5800000000000005
7091.75,41.699999999999996,-3.57
7092.0,42.5,-3.56
7092.25,44.099999999999994,-3.66
7092.5,43.0,-3.83
7092.75,43.8,-4.0200000000000005
7093.0,43.4,-3.7199999999999998
7093.25,45.6,-3.17
7093.5,45.0,-3.69
7093.75,44.2,-3.83
7094.0,44.5,-3.54
7094.25,45.1,-3.4000000000000004
7094.5,46.1,-3.18
7094.75,46.60000000000001,-3.14
7095.0,45.900000000000006,-3.13
7095.25,45.400000000000006,-3.7
7095.5,44.0,-3.93
7095.75,43.2,-3.62
7096.0,42.7,-3.65
7096.25,43.0,-3.67
7096.5,42.3,-3.73
7096.75,42.1,-3.23
7097.0,39.1,-2.79
7097.25,40.7,-1.6811
7097.5,44.0,0.18499999999999994
7097.75,43.599999999999994,0.06800000000000006
7098.0,42.0,-0.9860000000000001
7098.25,39.9,-0.7960999999999999
7098.5,38.400000000000006,-2.79
7098.75,35.25,-3.05
7099.0,31.34,-2.78
7099.25,29.87,-2.75
7099.5,29.07,-2.96
7099.75,22.02,-1.75
7100.0,14.89,-0.24700000000000008
7100.25,12.33,0.657
7100.5,10.62,0.645
7100.75,9.14,0.484
7101.0,4.635,0.28500000000000003
7101.25,4.341,0.195
7101.5,4.3,0.1595
7101.75,4.305,0.17956000000000003
7102.0,4.345,0.262
7102.25,3.7119999999999997,0.3437
7102.5,3.726,0.457
7102.75,3.69,0.388
7103.0,3.815,0.531
7103.25,3.8040000000000003,0.322
7103.5,3.753,0.28700000000000003
7103.75,3.702,0.283
7104.0,3.9050000000000002,0.509
7104.25,3.882,0.477
7104.5,3.868,0.35807
7104.75,3.694,0.23100000000000004
7105.0,3.575,0.11570999999999998
7105.25,3.5890000000000004,0.039470000000000005
7105.5,3.7479999999999998,0.18109999999999998
7105.75,3.8890000000000002,0.439
7106.0,3.892,0.3941
7106.25,3.923,0.47900000000000004
7106.5,3.8040000000000003,0.32530000000000003
7106.75,3.971,0.498
7107.0,3.729,0.3225
7107.25,3.693,0.281
7107.5,3.742,0.33499999999999996
7107.75,4.113,0.5359999999999999
7108.0,3.7170000000000005,0.2875
7108.25,3.7350000000000003,0.22899999999999998
7108.5,3.8179999999999996,0.34700000000000003
7108.75,3.82,0.38249999999999995
7109.0,3.662,0.19279999999999997
7109.25,3.479,0.02200000000000002
7109.5,3.67,0.29400000000000004
7109.75,3.114,0.508
7110.0,3.016,0.687
7110.25,2.5029999999999997,0.582
7110.5,2.625,0.712
7110.75,4.59,0.185
7111.0,27.04,-2.9899999999999998
7111.25,35.099999999999994,-3.21
7111.5,37.5,-3.39
7111.75,38.2,-3.28
7112.0,36.85,-3.45
7112.25,39.2,-3.55
7112.5,40.4,-3.62
7112.75,42.3,-3.3400000000000003
7113.0,44.3,-3.5600000000000005
7113.25,44.4,-2.6999999999999997
7113.5,48.6,-0.579
7113.75,46.099999999999994,-3.1599999999999997
7114.0,47.400000000000006,-3.0100000000000002
7114.25,46.400000000000006,-3.23
7114.5,46.3,-3.29
7114.75,46.4,-3.33
7115.0,46.400000000000006,-3.45
7115.25,46.8,-3.1400000000000006
7115.5,49.2,-2.86
7115.75,49.900000000000006,-2.99
7116.0,49.400000000000006,-2.5599999999999996
7116.25,50.0,-2.4800000000000004
7116.5,49.199999999999996,-2.75
7116.75,49.0,-2.73
7117.0,48.800000000000004,-2.54
7117.25,49.099999999999994,-2.209
7117.5,58.199999999999996,0.5069999999999999
7117.75,57.49999999999999,0.357
7118.0,57.0,0.11599999999999999
7118.25,57.099999999999994,0.1804
7118.5,58.7,0.42999999999999994
7118.75,57.800000000000004,0.7310000000000001
7119.0,56.8,0.5149999999999999
7119.25,59.4,0.42100000000000004
7119.5,57.6,0.3929999999999999
7119.75,56.199999999999996,0.30019999999999997
7120.0,58.4,0.13300000000000012
7120.25,55.9,0.40819999999999995
7120.5,52.9,0.20799999999999996
7120.75,54.9,1.655
7121.0,53.300000000000004,0.932
7121.25,51.89999999999999,0.981
7121.5,50.0,0.586
7121.75,49.400000000000006,0.5579999999999999
7122.0,46.0,0.46599999999999997
7122.25,43.5,0.8140000000000001
7122.5,33.19,1.9637
7122.75,32.45,1.7863
7123.0,32.56,1.8909000000000002
7123.25,31.92,1.9272
7123.5,31.25,1.9152999999999998
7123.75,20.97,-1.1760000000000002
7124.0,11.93,0.044999999999999984
7124.25,9.83,0.08399999999999996
7124.5,9.1,0.2789999999999999
7124.75,5.7700000000000005,-0.21700000000000003
7125.0,3.852,0.069
7125.25,3.7,-0.018000000000000016
7125.5,3.79,0.01100000000000001
7125.75,3.4299999999999997,0.54
7126.0,3.133,0.29100000000000004
7126.25,3.0940000000000003,0.266
7126.5,3.123,0.258
7126.75,3.3230000000000004,0.532
7127.0,3.043,0.2197
7127.25,3.042,0.233
7127.5,3.0570000000000004,0.32599999999999996
7127.75,3.29,0.565
7128.0,3.14,0.325
7128.25,3.0589999999999997,0.19299999999999995
7128.5,3.053,0.14500000000000002
7128.75,3.08,0.191
7129.0,2.9749999999999996,0.1356
7129.25,2.888,0.063
7129.5,3.01,0.16700000000000004
7129.75,3.015,0.126
7130.0,3.015,0.14600000000000002
7130.25,2.964,0.06339999999999996
7130.5,3.314,0.545
7130.75,2.9930000000000003,0.14800000000000002
7131.0,3.215,0.384
7131.25,3.109,0.16
7131.5,3.141,0.313
7131.75,3.0480000000000005,0.179
7132.0,3.059,0.21400000000000002
7132.25,3.076,0.247
7132.5,2.9699999999999998,0.118
7132.75,3.15,0.31
7133.0,2.924,0.04200000000000004
7133.25,3.2070000000000003,0.369
7133.5,2.8489999999999998,0.08333000000000002
7133.75,2.633,0.004000000000000059
7134.0,2.039,0.19739999999999996
7134.25,2.354,0.642
7134.5,2.1950000000000003,0.501
7134.75,3.354,0.6299999999999999
7135.0,4.779,0.5720000000000001
7135.25,7.17,0.732
7135.5,10.129999999999999,0.901
7135.75,9.15,0.5800000000000001
7136.0,6.744000000000001,0.509
7136.25,5.6739999999999995,0.272
7136.5,5.651,0.25599999999999995
7136.75,5.463000000000001,0.066938
7137.0,6.242,0.251
7137.25,7.38,0.4899
7137.5,7.51,0.447
7137.75,6.93,0.21670999999999996
7138.0,7.52,0.474
7138.25,7.49,0.42799999999999994
7138.5,7.27,0.3330000000000001
7138.75,7.719999999999999,0.6239999999999999
7139.0,7.35,0.531
7139.25,8.09,0.543
7139.5,7.22,0.46499999999999997
7139.75,7.62,0.677
7140.0,7.430000000000001,0.34199999999999997
7140.25,7.23,0.42600000000000005
7140.5,6.779999999999999,0.2926
7140.75,6.529999999999999,0.585
7141.0,5.48,0.37570000000000003
7141.25,5.82,0.47940000000000005
7141.5,6.06,0.2806
7141.75,6.41,0.4700000000000001
7142.0,6.0,0.427
7142.25,5.99,0.26099999999999995
7142.5,6.1,0.36600000000000005
7142.75,6.27,0.5049999999999999
7143.0,8.64,0.526
7143.25,8.97,0.4059999999999999
7143.5,8.42,0.33599999999999997
7143.75,8.790000000000001,0.352
7144.0,8.68,0.1925
7144.25,8.26,0.17709999999999998
7144.5,9.18,0.29189999999999994
7144.75,6.82,0.21299999999999997
7145.0,6.59,-0.03710000000000002
7145.25,6.516,-0.1486800000000001
7145.5,6.34,-0.10200000000000004
7145.75,4.47,-0.23620000000000002
7146.0,3.355,0.04099999999999998
7146.25,3.292,-0.0030000000000000027
7146.5,3.519,0.32199999999999995
7146.75,2.916,0.3
7147.0,2.813,0.252
7147.25,2.748,0.22099999999999997
7147.5,2.875,0.391
7147.75,2.7150000000000003,0.19099999999999998
7148.0,2.8209999999999997,0.31699999999999995
7148.25,2.769,0.248
7148.5,2.761,0.22999999999999998
7148.75,2.664,0.12091999999999997
7149.0,2.806,0.2679
7149.25,2.816,0.29100000000000004
7149.5,2.715,0.14830000000000002
7149.75,2.659,0.06620000000000004
7150.0,2.782,0.21099999999999997
7150.25,2.968,0.44
7150.5,2.637,0.04910000000000003
7150.75,2.781,0.15800000000000003
7151.0,2.7720000000000002,0.23099999999999998
7151.25,3.085,0.624
7151.5,2.738,0.236
7151.75,2.825,0.335
7152.0,2.8520000000000003,0.30800000000000005
7152.25,2.886,0.326
7152.5,2.596,0.005599999999999938
7152.75,2.636,0.06600000000000006
7153.0,2.732,0.19899999999999998
7153.25,2.774,0.212
7153.5,2.7840000000000003,0.258
7153.75,2.783,0.22700000000000004
7154.0,2.9050000000000002,0.39999999999999997
7154.25,2.8229999999999995,0.32500000000000007
7154.5,2.813,0.277
7154.75,2.809,0.3226
7155.0,2.897,0.413
7155.25,2.709,0.186
7155.5,2.733,0.195
7155.75,2.9450000000000003,0.43700000000000006
7156.0,2.817,0.282
7156.25,2.739,0.22069999999999995
7156.5,2.666,0.1159
7156.75,2.852,0.30300000000000005
7157.0,2.735,0.19899999999999998
7157.25,2.6990000000000003,0.185909
7157.5,2.722,0.17510000000000003
7157.75,2.963,0.437
7158.0,2.895,0.41
7158.25,2.77,0.23600000000000002
7158.5,2.666,0.13329999999999997
7158.75,2.909,0.383
7159.0,2.644,0.507
7159.25,2.4690000000000003,0.46099999999999997
7159.5,2.041,0.3523
7159.75,2.1399999999999997,0.392
7160.0,2.3059999999999996,0.6759999999999999
7160.25,2.021,0.3183
7160.5,2.066,0.3053
7160.75,2.179,0.4640000000000001
7161.0,2.39,0.74
7161.25,2.259,0.5459999999999999
7161.5,2.124,0.45699999999999996
7161.75,2.231,0.5549999999999999
7162.0,2.432,0.394
7162.25,2.188,0.54
7162.5,2.176,0.5419999999999999
7162.75,2.385,0.774
7163.0,2.076,0.3989999999999999
7163.25,2.161,0.468
7163.5,2.092,0.2887
7163.75,2.1350000000000002,0.44799999999999995
7164.0,1.934,0.19955
7164.25,2.057,0.344
7164.5,2.2670000000000003,0.595
7164.75,2.3529999999999998,0.741
7165.0,2.204,0.583
7165.25,2.443,0.46
7165.5,2.852,0.682
7165.75,2.674,0.457
7166.0,2.23,0.43
7166.25,2.029,0.371
7166.5,2.3930000000000002,0.7929999999999999
7166.75,2.209,0.573
7167.0,2.431,0.27959999999999996
7167.25,2.0500000000000003,0.3327
7167.5,2.1550000000000002,0.52
7167.75,2.152,0.478
7168.0,1.8980000000000001,0.2183
7168.25,2.12,0.3871
7168.5,2.303,0.5999999999999999
7168.75,2.328,0.6260000000000001
7169.0,2.079,0.32899999999999996
7169.25,2.1530000000000005,0.428
7169.5,2.082,0.35000000000000003
7169.75,2.129,0.445
7170.0,2.287,0.5760000000000001
7170.25,2.294,0.587
7170.5,2.342,0.386
7170.75,3.9250000000000003,0.392
7171.0,4.6160000000000005,0.222
7171.25,4.651,0.24299999999999997
7171.5,4.517,0.194
7171.75,4.21,0.14899999999999997
7172.0,2.897,0.292
7172.25,3.093,0.468
7172.5,2.776,0.17220000000000002
7172.75,2.8309999999999995,0.24479999999999996
7173.0,2.89,0.22
7173.25,3.5,0.45299999999999996
7173.5,3.0509999999999997,0.28400000000000003
7173.75,3.012,0.23200000000000004
7174.0,3.126,0.44800000000000006
7174.25,3.102,0.39599999999999996
7174.5,2.949,0.218
7174.75,2.859,0.09000000000000002
7175.0,2.937,0.13599999999999995
7175.25,3.048,0.267
7175.5,3.146,0.307
7175.75,2.982,0.1678
7176.0,2.9879999999999995,0.176
7176.25,3.0189999999999997,0.23099999999999998
7176.5,3.11,0.31400000000000006
7176.75,3.078,0.286
7177.0,3.0359999999999996,0.353
7177.25,2.7720000000000002,0.06339999999999996
7177.5,2.926,0.24499999999999994
7177.75,2.964,0.27599999999999997
7178.0,3.139,0.44499999999999995
7178.25,2.785,0.013000000000000012
7178.5,2.8680000000000003,0.16679999999999995
7178.75,2.9490000000000003,0.23099999999999998
7179.0,2.935,0.23600000000000002
7179.25,2.738,0.014244000000000034
7179.5,2.802,0.09039999999999998
7179.75,3.01,0.331
7180.0,3.0460000000000003,0.365
7180.25,2.9130000000000003,0.26299999999999996
7180.5,2.768,0.06109999999999999
7180.75,3.039,0.416
7181.0,2.9589999999999996,0.276
7181.25,2.9130000000000003,0.24299999999999997
7181.5,2.857,0.181
7181.75,2.364,0.395
7182.0,2.024,0.312
7182.25,2.042,0.361
7182.5,1.8279999999999998,0.19313999999999998
7182.75,2.003,0.375
7183.0,1.9729999999999999,0.32599999999999996
7183.25,2.042,0.41300000000000003
7183.5,2.0260000000000002,0.42900000000000005
7183.75,2.18,0.633
7184.0,1.982,0.424
7184.25,2.0149999999999997,0.426
7184.5,2.0340000000000003,0.46699999999999997
7184.75,2.146,0.553
7185.0,2.0789999999999997,0.44300000000000006
7185.25,1.896,0.2679
7185.5,1.996,0.37099999999999994
7185.75,2.086,0.502
7186.0,1.948,0.368
7186.25,1.9420000000000002,0.35059999999999997
7186.5,2.0189999999999997,0.404
7186.75,2.155,0.5700000000000001
7187.0,1.893,0.243
7187.25,1.996,0.316
7187.5,1.9989999999999999,0.276
7187.75,2.172,0.567
7188.0,1.9900000000000002,0.404
7188.25,2.1270000000000002,0.5690000000000001
7188.5,2.2159999999999997,0.6910000000000001
7188.75,2.016,0.387
7189.0,1.8210000000000002,0.16469999999999996
7189.25,1.836,0.1837
7189.5,1.947,0.267
7189.75,1.921,0.24760000000000004
7190.0,2.0,0.348
7190.25,1.9689999999999999,0.3427
7190.5,2.213,0.617
7190.75,1.942,0.30899999999999994
7191.0,2.048,0.438
7191.25,2.003,0.398
7191.5,2.069,0.492
7191.75,1.965,0.281
7192.0,2.061,0.40499999999999997
7192.25,2.23,0.718
7192.5,2.067,0.509
7192.75,1.8889999999999998,0.2711
7193.0,1.955,0.33099999999999996
7193.25,2.113,0.519
7193.5,1.984,0.3994
7193.75,1.979,0.4163
7194.0,1.8970000000000002,0.30610000000000004
7194.25,2.268,0.7090000000000001
7194.5,2.0410000000000004,0.45999999999999996
7194.75,1.976,0.37
7195.0,1.9700000000000002,0.316
7195.25,2.3000000000000003,0.6799999999999999
7195.5,2.027,0.372
7195.75,1.907,0.2303
7196.0,1.9729999999999999,0.352
7196.25,2.125,0.487
7196.5,2.023,0.362
7196.75,1.799,0.10699999999999998
7197.0,2.028,0.394
7197.25,2.069,0.46199999999999997
7197.5,1.978,0.32299999999999995
7197.75,1.9,0.25239999999999996
7198.0,2.051,0.445
7198.25,2.055,0.484
7198.5,2.099,0.468
7198.75,2.1590000000000003,0.576
7199.0,2.045,0.42500000000000004
7199.25,2.036,0.448
7199.5,2.013,0.422
7199.75,1.966,0.311
7200.0,1.97,0.30800000000000005
7200.25,1.9569999999999999,0.2722
7200.5,1.952,0.33340000000000003
7200.75,1.935,0.2726
7201.0,2.064,0.406
7201.25,1.86,0.21000000000000002
7201.5,2.089,0.502
7201.75,2.059,0.45099999999999996
7202.0,2.277,0.6859999999999999
7202.25,1.9400000000000002,0.32099999999999995
7202.5,1.9699999999999998,0.379
7202.75,1.9769999999999999,0.381
7203.0,2.1470000000000002,0.5329999999999999
7203.25,1.855,0.18589999999999995
7203.5,1.9540000000000002,0.31999999999999995
7203.75,1.971,0.345
7204.0,2.155,0.538
7204.25,1.9620000000000002,0.325
7204.5,1.8459999999999999,0.1961
7204.75,2.069,0.45799999999999996
7205.0,2.0060000000000002,0.384
7205.25,2.074,0.44699999999999995
7205.5,2.082,0.492
7205.75,1.998,0.39999999999999997
7206.0,1.962,0.358
7206.25,1.955,0.32999999999999996
7206.5,1.9500000000000002,0.281
7206.75,1.904,0.26120000000000004
7207.0,1.9970000000000003,0.38
7207.25,1.911,0.29259999999999997
7207.5,1.9889999999999999,0.348
7207.75,1.967,0.31500000000000006
7208.0,1.953,0.30299999999999994
7208.25,1.914,0.27
7208.5,1.953,0.29899999999999993
7208.75,2.1470000000000002,0.491
7209.0,2.113,0.5309999999999999
7209.25,1.8719999999999999,0.22200000000000003
7209.5,1.98,0.398
7209.75,2.048,0.403
7210.0,1.8780000000000001,0.2117
7210.25,1.799,0.1306
7210.5,1.853,0.18809999999999996
7210.75,2.132,0.49500000000000005
7211.0,1.956,0.25270000000000004
7211.25,1.9729999999999999,0.333
7211.5,1.906,0.255
7211.75,2.093,0.482
7212.0,1.984,0.34099999999999997
7212.25,2.08,0.484
7212.5,1.9580000000000002,0.316
7212.75,2.021,0.37799999999999995
7213.0,1.914,0.16259999999999997
7213.25,1.953,0.293
7213.5,1.878,0.227
7213.75,2.036,0.428
7214.0,1.862,0.22870000000000001
7214.25,2.0100000000000002,0.26980000000000004
7214.5,2.16,0.536
7214.75,2.153,0.516
7215.0,2.057,0.396
7215.25,1.951,0.295
7215.5,2.012,0.38
7215.75,2.112,0.5429999999999999
7216.0,1.8689999999999998,0.24229999999999996
7216.25,1.959,0.36240000000000006
7216.5,1.892,0.2403
7216.75,2.1029999999999998,0.486
7217.0,1.871,0.249
7217.25,1.897,0.27459999999999996
7217.5,1.8820000000000001,0.2561
7217.75,2.3630000000000004,0.835
7218.0,2.198,0.405
7218.25,2.167,0.19599999999999998
7218.5,2.252,0.33099999999999996
7218.75,2.4739999999999998,0.404
7219.0,2.98,0.01599999999999996
7219.25,2.959,-0.10891999999999999
7219.5,3.063,0.08750000000000002
7219.75,3.179,0.263
7220.0,3.028,0.07240000000000002
7220.25,2.882,-0.07600000000000001
7220.5,2.8680000000000003,-0.05779999999999996
7220.75,3.328,0.28800000000000003
7221.0,3.08,0.138
7221.25,3.2079999999999997,0.413
7221.5,3.028,0.211
7221.75,3.109,0.277
7222.0,2.9210000000000003,0.05409999999999998
7222.25,3.051,0.16000000000000003
7222.5,2.827,-0.013000000000000012
7222.75,2.955,0.141
7223.0,3.003,0.241
7223.25,2.912,0.08519999999999994
7223.5,2.9429999999999996,0.14500000000000002
7223.75,2.966,0.27299999999999996
7224.0,3.036,0.34400000000000003
7224.25,2.905,0.12800000000000003
7224.5,3.0389999999999997,0.268
7224.75,3.066,0.326
7225.0,3.04,0.33299999999999996
7225.25,2.787,0.07450000000000001
7225.5,2.7449999999999997,-0.022999999999999965
7225.75,2.823,0.04369999999999996
7226.0,2.8999999999999995,0.13899999999999998
7226.25,2.857,0.10389999999999999
7226.5,2.874,0.11233000000000004
7226.75,2.923,0.06099999999999997
7227.0,2.988,0.153
7227.25,2.9299999999999997,0.185
7227.5,2.8230000000000004,0.06630000000000003
7227.75,2.8970000000000002,0.15889999999999999
7228.0,3.1020000000000003,0.373
7228.25,2.891,0.15599999999999997
7228.5,2.82,0.07490000000000002
7228.75,2.664,-0.14100000000000001
7229.0,3.0330000000000004,0.325
7229.25,2.8739999999999997,0.10499999999999995
7229.5,2.775,0.07989999999999997
7229.75,2.743,0.03400000000000003
7230.0,2.115,0.23199999999999998
7230.25,2.121,0.368
7230.5,2.084,0.33399999999999996
7230.75,2.6550000000000002,0.18739999999999996
7231.0,2.875,0.07600000000000001
7231.25,3.275,0.368
7231.5,5.96,0.13600000000000004
7231.75,6.24,-0.12750000000000006
7232.0,5.42,-0.365
7232.25,6.01,-0.29000000000000004
7232.5,5.69,-0.41790000000000005
7232.75,6.34,-0.404
7233.0,8.61,-0.8009999999999999
7233.25,8.2,-0.6046
7233.5,10.03,-0.807
7233.75,11.43,-0.863
7234.0,13.139999999999999,-1.17
7234.25,13.030000000000001,-1.079
7234.5,12.969999999999999,-1.2100000000000002
7234.75,13.139999999999999,-1.1829999999999998
7235.0,12.91,-1.1500000000000001
7235.25,13.0,-1.1400000000000001
7235.5,13.64,-1.3900000000000001
7235.75,13.42,-1.46
7236.0,13.41,-1.35
7236.25,13.43,-1.2400000000000002
7236.5,13.29,-0.965
7236.75,13.1,-1.236
7237.0,13.07,-1.032
7237.25,14.02,-1.062
7237.5,12.990000000000002,-0.902
7237.75,13.3,-1.28
7238.0,13.540000000000001,-1.04
7238.25,12.799999999999999,-1.007
7238.5,13.100000000000001,-0.9339999999999999
7238.75,13.120000000000001,-1.2200000000000002
7239.0,16.82,-1.405
7239.25,17.16,-1.5
7239.5,16.79,-1.35
7239.75,17.23,-1.202
7240.0,15.540000000000001,-1.2708
7240.25,13.15,-0.902
7240.5,13.34,-0.7567
7240.75,14.52,-1.4100000000000001
7241.0,16.92,-1.8900000000000001
7241.25,15.42,-1.74
7241.5,14.3,-1.308
7241.75,12.39,-1.114
7242.0,8.700000000000001,-0.5880000000000001
7242.25,8.440000000000001,-0.6849999999999999
7242.5,8.45,-0.43000000000000005
7242.75,7.753,-0.417
7243.0,7.837000000000001,-0.32
7243.25,5.709,-0.04200000000000004
7243.5,5.061,0.10999999999999996
7243.75,4.9,0.10199999999999998
7244.0,4.962999999999999,0.255
7244.25,4.855,0.09750000000000003
7244.5,4.8340000000000005,0.027739999999999987
7244.75,4.881,0.15510000000000002
7245.0,3.723,0.16400000000000003
7245.25,3.733,0.167
7245.5,3.7680000000000002,0.2313
7245.75,3.7540000000000004,0.268
7246.0,3.7170000000000005,0.315
7246.25,3.5149999999999997,0.3159
7246.5,3.765,0.627
7246.75,3.319,0.546
7247.0,2.9789999999999996,0.484
7247.25,2.941,0.43899999999999995
7247.5,2.811,0.26
7247.75,3.1260000000000003,0.538
7248.0,2.8830000000000005,0.3102
7248.25,3.006,0.3522
7248.5,2.8230000000000004,0.16799999999999998
7248.75,3.0730000000000004,0.5469999999999999
7249.0,2.971,0.39670000000000005
7249.25,2.9210000000000003,0.352
7249.5,2.935,0.37
7249.75,3.018,0.46699999999999997
7250.0,3.118,0.601
7250.25,3.099,0.585
7250.5,2.867,0.31999999999999995
7250.75,2.875,0.2834
7251.0,2.874,0.28
7251.25,2.814,0.19519999999999998
7251.5,2.9490000000000003,0.348
7251.75,2.8819999999999997,0.3056
7252.0,2.933,0.363
7252.25,2.8609999999999998,0.28959999999999997
7252.5,2.9379999999999997,0.329
7252.75,3.036,0.501
7253.0,2.9879999999999995,0.41600000000000004
7253.25,2.8950000000000005,0.33599999999999997
7253.5,2.993,0.472
7253.75,2.935,0.368
7254.0,3.053,0.489
7254.25,2.801,0.2108
7254.5,2.829,0.13999999999999996
7254.75,5.027,0.006000000000000005
7255.0,4.98,0.1895
7255.25,6.385000000000001,0.137
7255.5,6.92,-0.07699999999999996
7255.75,12.28,-0.9527
7256.0,12.45,-0.8476
7256.25,12.82,-0.7654
7256.5,13.040000000000001,-0.928
7256.75,13.339999999999998,-0.932
7257.0,13.040000000000001,-0.85
7257.25,13.33,-1.002
7257.5,13.39,-1.107
7257.75,13.349999999999998,-1.076
7258.0,13.23,-1.162
7258.25,13.879999999999999,-0.9760000000000001
7258.5,13.889999999999999,-1.0899999999999999
7258.75,13.7,-1.0899999999999999
7259.0,13.809999999999999,-1.002
7259.25,13.779999999999998,-0.7829999999999999
7259.5,15.54,-0.8271
7259.75,15.77,-0.5650000000000001
7260.0,15.43,-0.5599999999999999
7260.25,16.04,-0.603
7260.5,14.73,-0.82318
7260.75,13.66,-1.0924999999999998
7261.0,13.9,-0.923
7261.25,14.209999999999999,-0.677
7261.5,13.489999999999998,-0.7290000000000001
7261.75,13.68,-0.675
7262.0,13.540000000000001,-0.891
7262.25,13.690000000000001,-0.4979999999999999
7262.5,13.51,-0.778
7262.75,14.12,-0.823
7263.0,14.01,-0.8270000000000001
7263.25,15.93,-0.5579999999999999
7263.5,16.58,-1.1644999999999999
7263.75,17.6,-1.54
7264.0,17.55,-1.5300000000000002
7264.25,17.240000000000002,-1.3599999999999999
7264.5,16.71,-1.25
7264.75,15.21,-1.17
7265.0,12.92,-0.803
7265.25,9.879999999999999,-0.3681
7265.5,9.88,-0.26899999999999996
7265.75,9.59,-0.35899999999999993
7266.0,9.43,-0.4379
7266.25,9.51,-0.21499999999999997
7266.5,10.379999999999999,-0.6320000000000001
7266.75,10.56,-0.4141000000000001
7267.0,10.32,-0.734
7267.25,10.33,-0.6352
7267.5,10.2,-0.778
7267.75,10.21,-0.8135
7268.0,10.21,-0.7835
7268.25,10.559999999999999,-0.3337
7268.5,10.22,-0.38249999999999995
7268.75,10.37,-0.4709
7269.0,7.56,-0.049000000000000016
7269.25,3.6140000000000003,0.879
7269.5,3.55,0.762
7269.75,3.2350000000000003,0.528
7270.0,3.2350000000000003,0.633
7270.25,3.3249999999999997,0.7221000000000001
7270.5,3.315,0.665
7270.75,3.2600000000000002,0.603
7271.0,3.058,0.3609
7271.25,3.194,0.6075
7271.5,3.164,0.6373
7271.75,3.2270000000000003,0.6705000000000001
7272.0,3.276,0.7246999999999999
7272.25,3.328,0.817
7272.5,3.3049999999999997,0.7995
7272.75,3.2089999999999996,0.6898
7273.0,3.2910000000000004,0.771
7273.25,3.2089999999999996,0.7293000000000001
7273.5,3.0740000000000003,0.598
7273.75,2.877,0.366
7274.0,3.0140000000000002,0.519
7274.25,3.1870000000000003,0.7604
7274.5,3.089,0.6543
7274.75,3.0149999999999997,0.552
7275.0,2.948,0.4533
7275.25,3.162,0.65
7275.5,3.282,0.8170000000000001
7275.75,3.0940000000000003,0.6062000000000001
7276.0,3.0380000000000003,0.5780000000000001
7276.25,3.0149999999999997,0.533
7276.5,3.2989999999999995,0.8492999999999999
7276.75,2.929,0.386
7277.0,2.968,0.44999999999999996
7277.25,2.8779999999999997,0.33949999999999997
7277.5,3.2249999999999996,0.7489999999999999
7277.75,3.037,0.508
7278.0,2.48,0.5660000000000001
7278.25,2.243,0.7542
7278.5,2.243,0.7667999999999999
7278.75,3.46,0.5640000000000001
7279.0,11.99,-0.529
7279.25,28.619999999999997,-3.73
7279.5,33.6,-3.8
7279.75,32.4,-4.24
7280.0,32.9,-4.5
7280.25,33.2,-4.5
7280.5,33.2,-4.140000000000001
7280.75,33.7,-4.6
7281.0,34.4,-4.41
7281.25,33.6,-4.33
7281.5,34.3,-4.27
7281.75,34.5,-4.6
7282.0,34.8,-4.6
7282.25,34.8,-4.300000000000001
7282.5,35.3,-4.5
7282.75,34.8,-4.4
7283.0,35.1,-4.38
7283.25,35.099999999999994,-4.51
7283.5,34.3,-4.4
7283.75,35.5,-4.7
7284.0,34.1,-4.4
7284.25,34.8,-4.3
7284.5,33.800000000000004,-4.5
7284.75,34.1,-4.5
7285.0,34.5,-4.19
7285.25,35.5,-4.1
7285.5,34.7,-4.2
7285.75,35.0,-4.4
7286.0,36.6,-4.7
7286.25,35.3,-4.300000000000001
7286.5,36.5,-4.59
7286.75,37.2,-4.300000000000001
7287.0,36.0,-4.6
7287.25,34.6,-4.5
7287.5,34.1,-4.4
7287.75,34.3,-4.6000000000000005
7288.0,33.3,-4.4
7288.25,33.2,-3.99
7288.5,33.3,-4.0600000000000005
7288.75,33.8,-4.0
7289.0,33.7,-3.8000000000000003
7289.25,32.6,-4.0
7289.5,32.580000000000005,-3.8000000000000003
7289.75,31.97,-4.0
7290.0,31.6,-3.82
7290.25,31.749999999999996,-3.93
7290.5,31.979999999999997,-4.300000000000001
7290.75,31.82,-4.0
7291.0,28.55,-3.86
7291.25,25.529999999999998,-3.67
7291.5,23.490000000000002,-3.5
7291.75,23.64,-2.88
7292.0,15.8,-1.8199999999999998
7292.25,6.05,-0.25229999999999997
7292.5,5.043,-0.04300000000000004
7292.75,5.071999999999999,-0.02799999999999997
7293.0,4.192,0.174
7293.25,3.9059999999999997,0.11199999999999996
7293.5,3.902,0.13599999999999998
7293.75,4.01,0.20500000000000002
7294.0,4.05,0.29
7294.25,3.62,0.27
7294.5,3.2199999999999998,0.26799999999999996
7294.75,3.215,0.34600000000000003
7295.0,2.7489999999999997,0.516
7295.25,2.877,0.711
7295.5,2.8569999999999998,0.683
7295.75,2.883,0.7669999999999999
7296.0,2.732,0.535
7296.25,2.613,0.409
7296.5,2.677,0.46199999999999997
7296.75,2.865,0.677
7297.0,2.6609999999999996,0.45499999999999996
7297.25,2.561,0.316
7297.5,2.699,0.486
7297.75,2.8449999999999998,0.636
7298.0,2.684,0.431
7298.25,2.679,0.45599999999999996
7298.5,2.662,0.442
7298.75,2.7479999999999998,0.569
7299.0,2.841,0.679
7299.25,2.728,0.5429999999999999
7299.5,2.603,0.376
7299.75,2.678,0.45499999999999996
7300.0,2.714,0.525
7300.25,2.6799999999999997,0.424
7300.5,2.65,0.43
7300.75,2.576,0.334
7301.0,2.6710000000000003,0.43699999999999994
7301.25,2.574,0.33610000000000007
7301.5,2.8360000000000003,0.64
7301.75,2.804,0.5
7302.0,2.8420000000000005,0.619
7302.25,2.773,0.638
7302.5,2.662,0.46699999999999997
7302.75,3.048,0.539
7303.0,2.713,0.427
7303.25,2.678,0.32999999999999996
7303.5,3.289,0.334
7303.75,3.786,0.33199999999999996
7304.0,3.653,0.366
7304.25,3.4930000000000003,0.11899999999999994
7304.5,3.6999999999999997,0.398
7304.75,3.9109999999999996,0.187
7305.0,3.968,0.514
7305.25,3.7409999999999997,0.259
7305.5,4.214,0.28900000000000003
7305.75,3.6029999999999998,0.169
7306.0,4.0009999999999994,0.36100000000000004
7306.25,3.8649999999999998,0.14800000000000002
7306.5,3.832,0.133
7306.75,3.907,0.265
7307.0,3.9819999999999998,0.257
7307.25,3.884,0.134
7307.5,3.915,0.17099999999999993
7307.75,3.9059999999999997,0.27
7308.0,3.94,0.23100000000000004
7308.25,4.071,0.14699999999999996
7308.5,3.841,0.25399999999999995
7308.75,4.022,0.31000000000000005
7309.0,4.210999999999999,0.6940000000000002
7309.25,3.9770000000000003,0.36600000000000005
7309.5,4.386,0.26899999999999996
7309.75,3.905,-0.06490000000000001
7310.0,4.243,0.319
7310.25,3.915,0.05500000000000005
7310.5,3.883,-0.02789999999999998
7310.75,3.9059999999999997,0.059699999999999975
7311.0,4.101,0.259
7311.25,4.0409999999999995,0.23500000000000004
7311.5,3.89,0.07800000000000001
7311.75,4.018,0.302
7312.0,3.843,0.13899999999999996
7312.25,3.856,0.17699999999999996
7312.5,3.875,0.256
7312.75,3.832,0.257
7313.0,3.848,0.305
7313.25,3.6420000000000003,0.09899999999999998
7313.5,3.621,0.20199999999999999
7313.75,4.0,0.22899999999999998
7314.0,3.3520000000000003,0.346
7314.25,2.777,0.20719999999999997
7314.5,2.835,0.27790000000000004
7314.75,2.773,0.442
7315.0,2.985,0.519
7315.25,4.758,0.5337099999999999
7315.5,4.7139999999999995,0.519
7315.75,4.782,0.641
7316.0,4.889,0.7978000000000001
7316.25,4.7379999999999995,0.7040000000000001
7316.5,3.694,0.7329999999999999
7316.75,2.84,0.614
7317.0,2.839,0.5489999999999999
7317.25,2.7279999999999998,0.417
7317.5,3.003,0.41700000000000004
7317.75,3.0450000000000004,0.5720000000000001
7318.0,2.782,0.46799999999999997
7318.25,2.971,0.535
7318.5,2.8649999999999998,0.391
7318.75,3.0519999999999996,0.6199999999999999
7319.0,3.053,0.638
7319.25,2.832,0.345
7319.5,3.05,0.5860000000000001
7319.75,3.082,0.6799999999999999
7320.0,3.076,0.704
7320.25,2.9690000000000003,0.505
7320.5,3.051,0.6118
7320.75,3.05,0.619
7321.0,2.838,0.41400000000000003
7321.25,2.9,0.48
7321.5,2.774,0.18419999999999997
7321.75,3.1510000000000002,0.624
7322.0,2.8920000000000003,0.47600000000000003
7322.25,2.961,0.612
7322.5,2.9349999999999996,0.589
7322.75,3.0549999999999997,0.734
7323.0,2.962,0.567
7323.25,2.9040000000000004,0.483
7323.5,2.823,0.40700000000000003
7323.75,2.847,0.40800000000000003
7324.0,2.84,0.393
7324.25,2.876,0.416
7324.5,2.802,0.367
7324.75,2.808,0.324
7325.0,2.65,0.1653
7325.25,2.75,0.28400000000000003
7325.5,2.811,0.384
7325.75,2.879,0.478
7326.0,2.803,0.40099999999999997
7326.25,2.5970000000000004,0.387
7326.5,2.2199999999999998,0.8436300000000001
7326.75,2.29,0.917
7327.0,2.079,0.624
7327.25,1.9220000000000002,0.5780000000000001
7327.5,2.049,0.679
7327.75,2.668,0.8720000000000001
7328.0,1.887,0.647
7328.25,1.7560000000000002,0.47100000000000003
7328.5,1.976,0.5991
7328.75,4.055,0.872
7329.0,3.976,0.893
7329.25,3.819,0.6904
7329.5,3.8489999999999998,0.7327
7329.75,3.8890000000000002,0.7565
7330.0,3.972,0.8350000000000001
7330.25,3.887,0.69948
7330.5,3.886,0.744
7330.75,4.117,1.0165
7331.0,4.055,0.8977299999999999
7331.25,4.059,0.8365
7331.5,2.035,0.666
7331.75,1.9909999999999999,0.812
7332.0,1.715,0.474
7332.25,1.808,0.563
7332.5,1.871,0.624
7332.75,2.006,0.837
7333.0,1.7389999999999999,0.533
7333.25,1.952,0.8222
7333.5,1.876,0.6639999999999999
7333.75,1.878,0.6759999999999999
7334.0,1.9649999999999999,0.8163
7334.25,1.916,0.768
7334.5,2.039,0.8876999999999999
7334.75,2.009,0.85426
7335.0,1.8699999999999999,0.713
7335.25,1.901,0.6679999999999999
7335.5,2.034,0.8848
7335.75,2.017,0.871
7336.0,2.042,0.8999999999999999
7336.25,1.81,0.61
7336.5,1.8770000000000002,0.685
7336.75,1.77,0.511
7337.0,1.9129999999999998,0.6767
7337.25,1.774,0.5374
7337.5,1.907,0.6779999999999999
7337.75,1.9369999999999998,0.718
7338.0,1.955,0.738
7338.25,1.957,0.712
7338.5,2.012,0.782
7338.75,1.831,0.582
7339.0,1.844,0.587
7339.25,2.113,0.903
7339.5,2.102,0.912
7339.75,1.8810000000000002,0.6324
7340.0,1.822,0.573
7340.25,1.92,0.6718
7340.5,1.9219999999999997,0.658
7340.75,1.7469999999999999,0.48
7341.0,1.9720000000000002,0.77843
7341.25,2.0,0.818
7341.5,2.053,0.883
7341.75,1.974,0.7896000000000001
7342.0,1.866,0.687
7342.25,2.084,0.9798
7342.5,2.0789999999999997,0.954
7342.75,1.9819999999999998,0.826
7343.0,1.956,0.8340000000000001
7343.25,1.991,0.847
7343.5,1.9500000000000002,0.799
7343.75,1.9180000000000001,0.73004
7344.0,1.838,0.646
7344.25,1.932,0.763
7344.5,2.015,0.875909
7344.75,1.8719999999999999,0.7010000000000001
7345.0,1.9129999999999998,0.683909
7345.25,2.0060000000000002,0.86142
7345.5,1.979,0.8519999999999999
7345.75,1.9029999999999998,0.763
7346.0,1.896,0.715
7346.25,2.167,1.041
7346.5,1.949,0.791
7346.75,2.035,0.9089999999999999
7347.0,1.8860000000000001,0.73
7347.25,1.9680000000000002,0.779
7347.5,1.913,0.7255
7347.75,1.857,0.6699999999999999
7348.0,1.781,0.558
7348.25,1.9809999999999999,0.742
7348.5,2.0,0.736
7348.75,1.906,0.718
7349.0,1.915,0.7484999999999999
7349.25,2.0540000000000003,0.885
7349.5,1.9020000000000001,0.717
7349.75,1.921,0.756
7350.0,1.8119999999999998,0.646
7350.25,2.019,0.8915
7350.5,2.115,0.628
7350.75,7.630000000000001,0.10389999999999999
7351.0,10.66,-0.678
7351.25,11.690000000000001,-0.4498
7351.5,26.35,-3.22
7351.75,27.950000000000003,-3.3000000000000003
7352.0,29.020000000000003,-3.3
7352.25,30.89,-3.21
7352.5,31.01,-3.11
7352.75,32.05,-2.99
7353.0,34.3,-0.9880000000000001
7353.25,36.1,-0.7889999999999999
7353.5,35.4,-1.187
7353.75,37.900000000000006,-1.891
7354.0,37.3,-3.1399999999999997
7354.25,37.8,-3.5300000000000002
7354.5,37.1,-3.37
7354.75,37.3,-3.73
7355.0,38.8,-3.54
7355.25,38.5,-3.99
7355.5,38.6,-3.66
7355.75,38.900000000000006,-3.55
7356.0,43.4,-0.7989999999999999
7356.25,43.1,-1.128
7356.5,40.3,-1.1300000000000001
7356.75,40.8,-2.015
7357.0,38.7,-3.63
7357.25,40.0,-3.3499999999999996
7357.5,40.199999999999996,-3.5200000000000005
7357.75,42.0,-1.9420000000000002
7358.0,54.1,2.407
7358.25,54.8,2.2432
7358.5,53.4,1.555
7358.75,54.6,2.605
7359.0,55.300000000000004,1.932
7359.25,55.0,2.43
7359.5,54.0,2.191
7359.75,51.9,1.2719999999999998
7360.0,47.9,-0.651
7360.25,47.5,-0.32999999999999996
7360.5,48.8,0.693
7360.75,51.7,2.251
7361.0,49.8,2.255
7361.25,48.400000000000006,2.745
7361.5,46.8,2.1069999999999998
7361.75,45.3,3.011
7362.0,43.1,1.927
7362.25,41.2,2.03
7362.5,35.7,3.629
7362.75,28.63,2.089
7363.0,27.18,0.355
7363.25,26.14,0.538
7363.5,25.55,0.391
7363.75,22.2,0.391
7364.0,9.469999999999999,-1.3760999999999999
7364.25,5.5,-0.703
7364.5,5.026,-0.126
7364.75,5.029999999999999,0.033999999999999975
7365.0,3.469,-0.08000000000000002
7365.25,3.378,-0.0025000000000000022
7365.5,3.633,0.33399999999999996
7365.75,3.473,0.13810000000000006
7366.0,3.4579999999999997,0.12
7366.25,3.364,0.034999999999999976
7366.5,3.66,0.391
7366.75,3.4699999999999998,0.1488
7367.0,3.543,0.20899999999999996
7367.25,2.768,-0.09799999999999998
7367.5,2.831,0.16899999999999998
7367.75,2.75,0.126
7368.0,2.719,0.048699999999999966
7368.25,2.908,0.17489999999999997
7368.5,2.8899999999999997,0.14079999999999998
7368.75,2.888,0.10499999999999998
7369.0,2.9490000000000003,0.10679999999999995
7369.25,2.978,0.20200000000000004
7369.5,2.8289999999999997,0.15199999999999997
7369.75,2.805,0.14800000000000002
7370.0,2.873,0.287
7370.25,2.879,0.30099999999999993
7370.5,2.814,0.22499999999999998
7370.75,2.646,0.020550000000000013
7371.0,2.6599999999999997,0.061999999999999944
7371.25,2.696,0.057999999999999996
7371.5,2.872,0.27999999999999997
7371.75,2.596,-0.013000000000000012
7372.0,2.611,0.0040000000000000036
7372.25,2.7190000000000003,0.12710000000000005
7372.5,2.887,0.318
7372.75,2.6900000000000004,0.06359999999999999
7373.0,2.779,0.17679999999999996
7373.25,2.806,0.22800000000000004
7373.5,2.824,0.13
7373.75,2.757,0.07470000000000004
7374.0,1.866,0.1454
7374.25,2.0460000000000003,0.383
7374.5,2.058,0.477
7374.75,14.38,-1.8900000000000001
7375.0,28.279999999999998,-3.34
7375.25,30.83,-3.39
7375.5,33.6,-3.4699999999999998
7375.75,32.8,-3.67
7376.0,35.2,-3.66
7376.25,33.4,-3.92
7376.5,33.699999999999996,-3.96
7376.75,35.9,-3.67
7377.0,38.3,-3.21
7377.25,44.2,-1.188
7377.5,44.3,-1.447
7377.75,42.2,-3.86
7378.0,41.7,-3.94
7378.25,44.2,-2.855
7378.5,45.8,-1.3490000000000002
7378.75,43.5,-2.326
7379.0,42.900000000000006,-3.92
7379.25,42.0,-3.92
7379.5,42.5,-4.15
7379.75,42.5,-3.91
7380.0,42.7,-3.8000000000000003
7380.25,42.8,-4.18
7380.5,44.4,-3.85
7380.75,48.400000000000006,-3.5
7381.0,54.3,-1.274
7381.25,56.3,-0.42600000000000016
7381.5,57.9,-0.379
7381.75,57.6,-0.508
7382.0,59.99999999999999,-0.30800000000000005
7382.25,62.800000000000004,-0.606
7382.5,66.0,0.8620000000000001
7382.75,64.6,0.1845000000000001
7383.0,64.3,0.6349999999999999
7383.25,63.4,0.254
7383.5,59.8,-0.1250000000000001
7383.75,60.3,-0.03300000000000003
7384.0,59.800000000000004,-0.2549999999999999
7384.25,58.9,0.23099999999999998
7384.5,54.2,0.292
7384.75,53.0,-0.2699999999999999
7385.0,50.0,-0.0931999999999999
7385.25,48.5,0.16299999999999998
7385.5,48.8,0.08099999999999996
7385.75,48.0,0.07899999999999996
7386.0,46.7,-0.08339999999999997
7386.25,47.4,0.009999999999999953
7386.5,45.6,0.25499999999999995
7386.75,42.0,0.547
7387.0,39.5,0.299
7387.25,38.7,0.08699999999999997
7387.5,37.7,0.08100000000000007
7387.75,33.5,-0.126
7388.0,16.25,-0.0020000000000000573
7388.25,14.73,0.3529999999999999
7388.5,13.18,0.95
7388.75,10.57,0.407
7389.0,4.016,0.174
7389.25,3.048,0.01699999999999996
7389.5,3.125,0.13399999999999998
7389.75,3.1210000000000004,0.035999999999999976
7390.0,3.428,0.065
7390.25,3.362,0.09532999999999997
7390.5,3.276,0.24600000000000002
7390.75,3.17,0.15830000000000005
7391.0,2.92,0.26470000000000005
7391.25,3.178,0.336
7391.5,2.944,0.08639999999999998
7391.75,3.036,0.3372
7392.0,3.2190000000000003,0.3388
7392.25,3.2209999999999996,0.42100000000000004
7392.5,3.043,0.10899999999999999
7392.75,3.015,0.15240000000000004
7393.0,2.937,0.08550000000000002
7393.25,3.2609999999999997,0.48
7393.5,3.271,0.3716
7393.75,2.873,0.22200000000000003
7394.0,3.0010000000000003,0.29900000000000004
7394.25,2.986,0.23800000000000002
7394.5,2.8089999999999997,0.12840000000000001
7394.75,2.862,0.009000000000000008
7395.0,2.918,0.21400000000000002
7395.25,3.0580000000000003,0.2591
7395.5,3.205,0.38120000000000004
7395.75,2.979,0.28600000000000003
7396.0,3.1180000000000003,0.416
7396.25,3.015,0.32999999999999996
7396.5,3.0860000000000003,0.278
7396.75,2.827,0.1274
7397.0,3.03,0.348
7397.25,3.032,0.31399999999999995
7397.5,2.9779999999999998,0.3045
7397.75,2.9010000000000002,0.1603
7398.0,2.186,0.295
7398.25,1.912,0.3943
7398.5,1.867,0.31349999999999995
7398.75,5.03,-0.04899999999999999
7399.0,15.0,0.31499999999999995
7399.25,14.920000000000002,-0.37100000000000005
7399.5,27.07,-2.18
7399.75,31.81,-2.73
7400.0,33.56,-2.95
7400.25,37.4,-3.3200000000000003
7400.5,37.1,-4.390000000000001
7400.75,40.1,-4.47
7401.0,38.599999999999994,-4.57
7401.25,39.2,-4.55
7401.5,37.0,-4.5600000000000005
7401.75,39.2,-4.42
7402.0,40.3,-4.16
7402.25,38.5,-4.2700000000000005
7402.5,39.6,-4.11
7402.75,38.9,-4.14
7403.0,38.3,-4.31
7403.25,39.3,-4.119999999999999
7403.5,40.2,-3.73
7403.75,40.400000000000006,-4.03
7404.0,41.5,-2.8200000000000003
7404.25,47.199999999999996,-0.9759999999999999
7404.5,45.900000000000006,-1.5799999999999998
7404.75,43.0,-3.72
7405.0,40.8,-3.92
7405.25,42.9,-3.6799999999999997
7405.5,42.9,-4.09
7405.75,42.9,-4.0600000000000005
7406.0,45.400000000000006,-4.12
7406.25,46.3,-3.74
7406.5,47.5,-3.99
7406.75,48.6,-3.59
7407.0,49.7,-3.7199999999999998
7407.25,51.3,-3.88
7407.5,52.599999999999994,-3.63
7407.75,51.4,-3.3899999999999997
7408.0,50.0,-3.08
7408.25,50.900000000000006,-1.224
7408.5,47.5,-0.634
7408.75,44.7,-1.332
7409.0,42.9,-0.381
7409.25,41.1,-1.214
7409.5,42.5,-0.904
7409.75,42.2,-0.402
7410.0,40.0,-0.9600000000000002
7410.25,33.83,-0.031000000000000028
7410.5,30.58,-0.557
7410.75,27.54,-1.58
7411.0,26.189999999999998,-2.32
7411.25,25.83,-2.3499999999999996
7411.5,25.130000000000003,-2.59
7411.75,24.39,-2.2600000000000002
7412.0,11.030000000000001,-0.348
7412.25,8.81,0.26
7412.5,8.86,0.237
7412.75,8.510000000000002,0.255
7413.0,4.477,-0.020999999999999963
7413.25,3.8499999999999996,0.17
7413.5,3.527,0.357
7413.75,3.3889999999999993,0.1875
7414.0,3.054,0.14399999999999996
7414.25,2.968,0.21900000000000003
7414.5,3.18,0.44999999999999996
7414.75,3.077,0.36919
7415.0,2.917,0.1911
7415.25,3.0119999999999996,0.3202
7415.5,3.273,0.612
7415.75,3.072,0.378
7416.0,3.049,0.382
7416.25,3.105,0.4743
7416.5,3.291,0.69
7416.75,3.113,0.479
7417.0,3.0410000000000004,0.44
7417.25,2.8520000000000003,0.33199999999999996
7417.5,2.901,0.367
7417.75,3.007,0.4858
7418.0,2.94,0.3497
7418.25,2.855,0.251
7418.5,2.921,0.3833
7418.75,2.9879999999999995,0.46799999999999997
7419.0,2.826,0.262
7419.25,2.957,0.3972
7419.5,3.0709999999999997,0.593
7419.75,2.8810000000000002,0.378
7420.0,2.8759999999999994,0.33299999999999996
7420.25,3.168,0.7429999999999999
7420.5,2.966,0.484
7420.75,2.854,0.33799999999999997
7421.0,2.9370000000000003,0.34099999999999997
7421.25,3.0060000000000002,0.32
7421.5,2.814,0.16720000000000002
7421.75,2.3280000000000003,0.266
7422.0,2.05,0.3693
7422.25,2.2119999999999997,0.5349999999999999
7422.5,2.2110000000000003,0.601
7422.75,4.15,0.098
7423.0,9.26,-0.12210000000000001
7423.25,21.96,-2.2300000000000004
7423.5,29.160000000000004,-3.3000000000000003
7423.75,29.979999999999997,-3.6399999999999997
7424.0,30.250000000000004,-3.54
7424.25,32.42,-3.5599999999999996
7424.5,33.3,-3.98
7424.75,37.2,-4.43
7425.0,38.1,-4.34
7425.25,37.4,-3.98
7425.5,38.3,-4.12
7425.75,38.2,-4.45
7426.0,38.4,-4.1
7426.25,38.6,-3.7199999999999998
7426.5,40.6,-2.89
7426.75,39.7,-3.2199999999999998
7427.0,39.0,-3.9099999999999997
7427.25,38.5,-4.0
7427.5,38.2,-4.28
7427.75,38.4,-4.23
7428.0,38.1,-4.12
7428.25,37.9,-4.44
7428.5,39.1,-4.38
7428.75,38.9,-4.23
7429.0,38.3,-3.81
7429.25,38.8,-4.08
7429.5,41.099999999999994,-4.05
7429.75,40.8,-4.14
7430.0,45.3,-1.8469
7430.25,47.5,-2.2929999999999997
7430.5,46.5,-2.8000000000000003
7430.75,41.900000000000006,-3.0600000000000005
7431.0,42.1,-3.91
7431.25,41.4,-3.9
7431.5,40.3,-4.04
7431.75,40.0,-4.08
7432.0,38.5,-3.99
7432.25,38.8,-3.9899999999999998
7432.5,39.9,-3.9600000000000004
7432.75,38.4,-3.9299999999999997
7433.0,38.599999999999994,-4.05
7433.25,34.5,-4.2
7433.5,34.0,-3.9899999999999998
7433.75,32.7,-3.72
7434.0,33.0,-4.3
7434.25,33.1,-4.3
7434.5,31.8,-4.0
7434.75,29.27,-3.51
7435.0,25.34,-3.5300000000000002
7435.25,25.200000000000003,-3.4299999999999997
7435.5,25.069999999999997,-3.5599999999999996
7435.75,16.06,-2.32
7436.0,7.57,-0.836
7436.25,6.109999999999999,-0.635
7436.5,5.64,-0.41900000000000004
7436.75,5.33,-0.552
7437.0,4.109,0.04999999999999999
7437.25,4.067,0.023999999999999966
7437.5,4.072,0.056999999999999884
7437.75,3.892,-0.137
7438.0,3.902,-0.1276
7438.25,3.439,0.07400000000000001
7438.5,3.1660000000000004,0.33599999999999997
7438.75,2.914,0.02999999999999997
7439.0,2.853,0.05799999999999994
7439.25,2.968,0.19699999999999998
7439.5,3.001,0.231
7439.75,2.807,-0.028000000000000025
7440.0,2.859,0.02699999999999997
7440.25,2.897,0.07579999999999998
7440.5,2.993,0.19560000000000002
7440.75,3.041,0.263
7441.0,2.9989999999999997,0.2436
7441.25,3.015,0.27
7441.5,2.899,0.1417
7441.75,3.013,0.259
7442.0,2.9079999999999995,0.124
7442.25,2.916,0.14250000000000002
7442.5,2.8550000000000004,0.06600000000000006
7442.75,2.804,0.0
7443.0,2.917,0.11399999999999999
7443.25,3.11,0.28200000000000003
7443.5,3.029,0.13560000000000005
7443.75,2.829,0.020999999999999963
7444.0,2.925,0.121
7444.25,3.17,0.41000000000000003
7444.5,3.0360000000000005,0.28700000000000003
7444.75,2.856,0.062329999999999997
7445.0,2.83,0.029299999999999993
7445.25,3.1029999999999998,0.317
7445.5,2.929,0.09839999999999999
7445.75,2.192,0.15399999999999997
7446.0,2.127,0.23700000000000002
7446.25,1.8860000000000001,0.309
7446.5,2.325,0.2262
7446.75,8.8,-0.684
7447.0,12.0,-1.12
7447.25,14.12,-1.28
7447.5,16.75,-1.64
7447.75,20.29,-2.2
7448.0,20.71,-2.62
7448.25,30.0,-3.77
7448.5,30.73,-4.1
7448.75,32.8,-4.300000000000001
7449.0,32.11,-4.300000000000001
7449.25,32.97,-4.0
7449.5,32.66,-4.26
7449.75,32.34,-4.4
7450.0,32.85,-4.2
7450.25,33.0,-4.3
7450.5,32.56,-4.5
7450.75,32.66,-4.5
7451.0,32.53,-4.2
7451.25,32.9,-4.08
7451.5,32.65,-4.1899999999999995
7451.75,32.56999999999999,-4.4
7452.0,32.85,-4.5
7452.25,32.9,-4.3
7452.5,31.89,-4.5
7452.75,33.3,-4.22
7453.0,34.8,-4.2700000000000005
7453.25,34.74,-4.069999999999999
7453.5,33.59,-4.3
7453.75,34.04,-4.4
7454.0,34.7,-4.5
7454.25,33.58,-4.38
7454.5,33.3,-4.5
7454.75,33.1,-4.19
7455.0,33.1,-4.359999999999999
7455.25,32.64,-4.3500000000000005
7455.5,32.56,-4.34
7455.75,32.04,-4.5
7456.0,30.99,-4.3
7456.25,30.53,-4.38
7456.5,30.47,-4.3
7456.75,30.54,-4.02
7457.0,30.270000000000003,-4.039999999999999
7457.25,30.269999999999996,-4.279999999999999
7457.5,28.71,-4.27
7457.75,28.21,-3.85
7458.0,27.46,-3.95
7458.25,17.509999999999998,-2.7600000000000002
7458.5,14.54,-2.22
7458.75,17.42,-2.04
7459.0,16.950000000000003,-2.44
7459.25,16.88,-2.46
7459.5,17.2,-2.5100000000000002
7459.75,15.25,-2.3000000000000003
7460.0,6.120000000000001,-0.5122
7460.25,5.579999999999999,-0.743
7460.5,5.5600000000000005,-0.5250000000000001
7460.75,5.8,-0.31199999999999994
7461.0,4.373,-0.019600000000000006
7461.25,3.921,-0.04509999999999992
7461.5,3.834,-0.11099999999999999
7461.75,3.7510000000000003,0.27999999999999997
7462.0,3.189,0.26099999999999995
7462.25,3.059,0.13319999999999999
7462.5,2.935,-0.04700000000000004
7462.75,3.012,0.04632999999999998
7463.0,3.076,0.27799999999999997
7463.25,3.122,0.126
7463.5,3.063,0.20999999999999996
7463.75,3.0490000000000004,0.16799999999999998
7464.0,3.2,0.27699999999999997
7464.25,2.979,-0.10500000000000004
7464.5,3.037,0.04269999999999996
7464.75,3.048,0.10000000000000003
7465.0,3.239,0.40499999999999997
7465.25,2.91,0.08179999999999998
7465.5,2.9770000000000003,0.18530000000000002
7465.75,3.026,0.261
7466.0,3.0300000000000002,0.251
7466.25,2.935,0.184
7466.5,2.8920000000000003,0.134
7466.75,2.8560000000000003,0.033399999999999985
7467.0,2.9210000000000003,0.0995
7467.25,2.839,0.040000000000000036
7467.5,2.849,0.061
7467.75,2.85,0.03700000000000003
7468.0,3.122,0.38899999999999996
7468.25,3.068,0.238
7468.5,2.956,0.1276
7468.75,2.896,0.08860000000000001
7469.0,3.132,0.377
7469.25,2.9659999999999997,0.21299999999999997
7469.5,3.008,0.2593
7469.75,2.142,0.181
7470.0,1.9989999999999999,0.18319999999999997
7470.25,2.164,0.381
7470.5,1.9629999999999999,0.23299999999999998
7470.75,2.562,0.22269999999999998
7471.0,3.331,0.07400000000000001
7471.25,3.476,0.389
7471.5,3.144,0.28659999999999997
7471.75,3.814,0.182
7472.0,3.8110000000000004,0.15410000000000007
7472.25,3.8999999999999995,0.277
7472.5,3.874,0.16100000000000003
7472.75,3.758,-0.007000000000000006
7473.0,4.114,-0.06300000000000006
7473.25,3.891,0.011399999999999966
7473.5,3.943,0.10069999999999996
7473.75,3.807,-0.019000000000000017
7474.0,4.008,0.0963
7474.25,3.975,0.006900000000000017
7474.5,4.42,-0.008900000000000019
7474.75,4.84,-0.0494
7475.0,4.399,-0.20220000000000005
7475.25,4.609999999999999,-0.0010000000000000009
7475.5,4.664,0.07500000000000001
7475.75,4.5249999999999995,-0.11800000000000005
7476.0,4.430000000000001,-0.19130000000000003
7476.25,4.433999999999999,-0.127
7476.5,4.388,-0.15249999999999997
7476.75,4.367,-0.22000000000000008
7477.0,5.07,-0.08900000000000008
7477.25,4.596,0.036699999999999955
7477.5,4.524,-0.1489999999999999
7477.75,4.1419999999999995,-0.398
7478.0,4.447,-0.22899999999999998
7478.25,4.21,-0.19500000000000006
7478.5,4.4670000000000005,0.05400000000000005
7478.75,4.306,-0.24769999999999998
7479.0,4.4350000000000005,-0.07700000000000001
7479.25,4.402,-0.01200000000000001
7479.5,4.639,0.266
7479.75,4.258,-0.119
7480.0,3.915,-0.22700000000000004
7480.25,3.8169999999999997,0.006400000000000017
7480.5,4.119,-0.049000000000000044
7480.75,4.3309999999999995,-0.28600000000000003
7481.0,4.251,-0.284
7481.25,4.177,-0.21399999999999997
7481.5,2.8439999999999994,0.20600000000000002
7481.75,2.5639999999999996,0.176
7482.0,2.644,0.26599999999999996
7482.25,2.534,0.1501
7482.5,2.662,0.273
7482.75,2.467,0.05739999999999995
7483.0,2.638,0.23199999999999998
7483.25,2.688,0.35450000000000004
7483.5,2.581,0.17499999999999996
7483.75,2.4429999999999996,-0.027000000000000024
7484.0,2.418,0.010999999999999954
7484.25,2.558,0.15119999999999995
7484.5,2.723,0.354
7484.75,2.608,0.12699999999999995
7485.0,2.522,0.07499999999999996
7485.25,2.564,0.19210000000000002
7485.5,2.846,0.5229999999999999
7485.75,2.641,0.296
7486.0,2.532,0.196
7486.25,2.589,0.283
7486.5,2.581,0.259
7486.75,2.9680000000000004,0.6890000000000001
7487.0,2.531,0.17099999999999999
7487.25,2.503,0.14699999999999996
7487.5,2.534,0.16549999999999998
7487.75,2.5500000000000003,0.1617
7488.0,2.5740000000000003,0.10399999999999998
7488.25,2.516,0.020000000000000018
7488.5,2.535,0.157
7488.75,2.75,0.394
7489.0,2.77,0.493
7489.25,2.6959999999999997,0.363
7489.5,2.642,0.278
7489.75,2.642,0.31200000000000006
7490.0,2.6100000000000003,0.3025
7490.25,2.412,0.02200000000000002
7490.5,2.495,0.08799999999999997
7490.75,2.721,0.34
7491.0,2.469,0.07899999999999996
7491.25,2.5250000000000004,0.12399999999999994
7491.5,2.5,0.135
7491.75,2.675,0.28600000000000003
7492.0,2.645,0.20459999999999998
7492.25,2.603,0.0995
7492.5,2.6390000000000002,0.19910000000000003
7492.75,2.75,0.40700000000000003
7493.0,2.7399999999999998,0.375
7493.25,2.63,0.255
7493.5,2.559,0.2093
7493.75,2.521,0.1622
7494.0,2.5010000000000003,0.12769999999999998
7494.25,2.408,0.02300000000000002
7494.5,2.569,0.21580000000000002
7494.75,2.505,0.11449999999999999
7495.0,2.9989999999999997,0.46399999999999997
7495.25,1.795,0.239
7495.5,1.853,0.253
7495.75,2.09,0.478
7496.0,2.161,0.581
7496.25,1.9969999999999999,0.39799999999999996
7496.5,1.8570000000000002,0.23570000000000002
7496.75,1.9809999999999999,0.384
7497.0,2.485,0.514
7497.25,2.286,0.41700000000000004
7497.5,1.868,0.3086
7497.75,1.821,0.22899999999999998
7498.0,2.001,0.45300000000000007
7498.25,1.891,0.27090000000000003
7498.5,1.87,0.247
7498.75,1.897,0.32089999999999996
7499.0,2.088,0.52
7499.25,2.187,0.28600000000000003
7499.5,2.0100000000000002,0.391
7499.75,2.25,0.482
7500.0,2.087,0.528
7500.25,2.028,0.503
7500.5,1.983,0.474
7500.75,1.909,0.3429
7501.0,2.0140000000000002,0.44
7501.25,1.882,0.31479999999999997
7501.5,1.721,0.12699999999999995
7501.75,1.7960000000000003,0.2108
7502.0,2.0919999999999996,0.3228
7502.25,2.186,0.643
7502.5,2.041,0.5241
7502.75,1.879,0.317
7503.0,2.444,0.434
7503.25,4.067,0.124
7503.5,4.008,0.02400000000000002
7503.75,4.004,-0.08099999999999996
7504.0,4.119,0.02300000000000002
7504.25,4.079,-0.017000000000000015
7504.5,4.061999999999999,-0.03700000000000003
7504.75,4.08,-0.030999999999999972
7505.0,4.127,0.04800000000000004
7505.25,4.066000000000001,-0.032999999999999974
7505.5,4.014,-0.09400000000000003
7505.75,4.062,-0.055999999999999994
7506.0,4.341,0.278
7506.25,4.196,0.14700000000000002
7506.5,4.017,-0.04500000000000004
7506.75,4.3580000000000005,0.07100000000000001
7507.0,4.8870000000000005,0.07099999999999995
7507.25,3.311,0.289
7507.5,2.46,0.03493799999999997
7507.75,2.551,0.14100000000000001
7508.0,2.6220000000000003,0.2724
7508.25,2.596,0.19
7508.5,2.4859999999999998,0.07800000000000001
7508.75,2.477,0.068
7509.0,2.4749999999999996,0.07500000000000001
7509.25,2.748,0.39599999999999996
7509.5,2.6340000000000003,0.23239999999999997
7509.75,2.6630000000000003,0.299
7510.0,2.646,0.29899999999999993
7510.25,2.828,0.342
7510.5,2.788,0.17489999999999994
7510.75,2.7590000000000003,0.12900000000000003
7511.0,2.873,0.05019999999999997
7511.25,2.978,0.21800000000000003
7511.5,2.991,0.30729999999999996
7511.75,2.7300000000000004,-0.013000000000000012
7512.0,2.792,0.01799999999999996
7512.25,3.008,0.277
7512.5,2.8309999999999995,0.09499999999999997
7512.75,2.902,0.193
7513.0,2.918,0.2027
7513.25,3.153,0.49500000000000005
7513.5,3.001,0.176
7513.75,3.002,0.368
7514.0,2.77,0.11699999999999994
7514.25,2.856,0.17310000000000003
7514.5,2.691,-0.020999999999999963
7514.75,2.755,0.020720000000000016
7515.0,2.7800000000000002,-0.021600000000000008
7515.25,2.937,0.256
7515.5,2.811,0.12347999999999998
7515.75,2.769,0.09900000000000003
7516.0,2.851,0.1285
7516.25,2.957,0.299
7516.5,2.8489999999999998,0.217
7516.75,2.726,0.07299999999999995
7517.0,2.7800000000000002,0.11990000000000003
7517.25,2.719,0.0933
7517.5,2.933,0.257
7517.75,2.741,0.126
7518.0,2.762,0.18959999999999996
7518.25,2.027,0.2591
7518.5,2.025,0.45999999999999996
7518.75,5.2,0.1367
7519.0,8.32,-0.45399999999999996
7519.25,10.95,-0.7836000000000001
7519.5,27.25,-3.0500000000000003
7519.75,27.520000000000003,-3.0900000000000003
7520.0,26.92,-3.31
7520.25,28.950000000000003,-3.5300000000000002
7520.5,30.43,-3.9000000000000004
7520.75,29.990000000000002,-3.93
7521.0,30.610000000000003,-4.03
7521.25,30.689999999999998,-4.13
7521.5,32.64,-4.0
7521.75,33.18,-4.14
7522.0,33.519999999999996,-4.22
7522.25,33.31,-4.4399999999999995
7522.5,33.53,-4.09
7522.75,32.620000000000005,-4.25
7523.0,33.05,-4.14
7523.25,33.3,-4.029999999999999
7523.5,34.2,-4.1
7523.75,32.53,-4.33
7524.0,32.76,-4.48
7524.25,35.9,-1.803
7524.5,39.1,-3.0300000000000002
7524.75,39.0,-2.69
7525.0,38.4,-3.51
7525.25,40.1,-3.16
7525.5,36.1,-4.17
7525.75,36.2,-4.11
7526.0,38.4,-3.9899999999999998
7526.25,36.2,-3.49
7526.5,36.2,-3.7600000000000002
7526.75,38.7,-3.49
7527.0,36.0,-3.8899999999999997
7527.25,37.8,-3.6900000000000004
7527.5,38.0,-3.98
7527.75,38.3,-3.9
7528.0,37.9,-3.87
7528.25,37.6,-4.13
7528.5,37.7,-4.2
7528.75,43.0,-2.2430000000000003
7529.0,44.0,-1.023
7529.25,40.8,-1.4909999999999999
7529.5,40.2,-0.4670000000000001
7529.75,37.0,-1.718
7530.0,37.05,-0.6890000000000002
7530.25,31.909999999999997,-1.5320000000000003
7530.5,30.189999999999998,-1.954
7530.75,28.910000000000004,-2.98
7531.0,27.79,-3.44
7531.25,26.64,-3.71
7531.5,26.950000000000003,-3.5
7531.75,19.38,-2.74
7532.0,11.24,-0.78
7532.25,7.870000000000001,-0.521
7532.5,7.63,-0.343
7532.75,7.31,-0.3141000000000001
7533.0,4.453,-0.09999999999999998
7533.25,3.831,-0.2530999999999999
7533.5,3.9669999999999996,-0.12119999999999997
7533.75,3.893,0.09399999999999997
7534.0,3.4130000000000003,0.42200000000000004
7534.25,3.157,0.12160000000000004
7534.5,3.031,-0.007000000000000006
7534.75,2.9789999999999996,-0.0015000000000000013
7535.0,3.163,0.20600000000000002
7535.25,3.107,0.1592
7535.5,2.9480000000000004,-0.02200000000000002
7535.75,2.9350000000000005,-0.08799999999999997
7536.0,3.07,0.06989999999999999
7536.25,3.0490000000000004,0.013000000000000012
7536.5,3.1950000000000003,0.15000000000000002
7536.75,3.058,0.09879999999999994
7537.0,3.316,0.413
7537.25,3.03,0.06379999999999997
7537.5,3.016,0.029700000000000004
7537.75,2.9800000000000004,-0.035999999999999976
7538.0,3.12,0.15100000000000002
7538.25,2.8950000000000005,-0.118
7538.5,3.032,0.052000000000000046
7538.75,3.0100000000000002,0.018000000000000016
7539.0,3.287,0.19799999999999998
7539.25,3.0520000000000005,-0.018000000000000016
7539.5,3.1240000000000006,0.198
7539.75,3.0839999999999996,0.14500000000000002
7540.0,3.3240000000000003,0.42600000000000005
7540.25,3.205,0.29699999999999993
7540.5,3.064,0.14349999999999996
7540.75,3.078,0.15200000000000002
7541.0,2.99,-0.003599999999999992
7541.25,3.136,0.137
7541.5,2.9790000000000005,0.0050000000000000044
7541.75,2.502,0.10260000000000002
7542.0,2.351,0.4476
7542.25,2.124,0.613
7542.5,1.837,0.1993
7542.75,1.913,0.3
7543.0,1.8639999999999999,0.2601
7543.25,2.066,0.494
7543.5,1.811,0.21849999999999997
7543.75,1.9420000000000002,0.33
7544.0,5.26,-0.1326
7544.25,27.8,-3.3200000000000003
7544.5,31.88,-3.8500000000000005
7544.75,32.900000000000006,-3.9999999999999996
7545.0,34.699999999999996,-3.8600000000000003
7545.25,36.599999999999994,-2.92
7545.5,38.9,-2.94
7545.75,38.8,-3.6
7546.0,38.2,-3.81
7546.25,38.0,-3.87
7546.5,41.5,-1.3250000000000002
7546.75,43.2,-1.1429999999999998
7547.0,37.3,-3.79
7547.25,38.8,-3.77
7547.5,39.4,-3.6499999999999995
7547.75,39.199999999999996,-3.98
7548.0,40.0,-3.67
7548.25,40.6,-3.86
7548.5,40.5,-3.83
7548.75,39.8,-3.62
7549.0,41.7,-3.27
7549.25,43.2,-3.55
7549.5,42.9,-3.4499999999999997
7549.75,42.900000000000006,-3.5
7550.0,43.1,-3.47
7550.25,44.1,-3.7300000000000004
7550.5,44.2,-3.7
7550.75,43.2,-3.2800000000000002
7551.0,44.7,-3.2300000000000004
7551.25,44.2,-3.5799999999999996
7551.5,46.400000000000006,-3.6199999999999997
7551.75,46.8,-3.4099999999999997
7552.0,46.89999999999999,-3.24
7552.25,44.900000000000006,-3.3
7552.5,44.3,-2.96
7552.75,43.2,-2.66
7553.0,42.1,-2.7800000000000002
7553.25,43.2,-2.49
7553.5,42.1,-2.59
7553.75,41.3,-2.5
7554.0,37.9,-2.79
7554.25,30.67,-2.26
7554.5,25.29,-1.91
7554.75,26.53,-1.9700000000000002
7555.0,25.279999999999998,-2.0500000000000003
7555.25,24.34,-2.16
7555.5,22.09,-2.4299999999999997
7555.75,21.439999999999998,-2.48
7556.0,15.3,-1.29545
7556.25,13.95,-1.064
7556.5,8.54,0.11299999999999999
7556.75,6.92,0.12700000000000006
7557.0,4.481999999999999,0.158
7557.25,3.824,0.13399999999999995
7557.5,4.460999999999999,0.202
7557.75,4.607,0.36100000000000004
7558.0,4.12,0.432
7558.25,4.03,0.361
7558.5,3.8600000000000003,0.326
7558.75,3.268,0.5660000000000001
7559.0,2.978,0.40599999999999997
7559.25,2.9440000000000004,0.455
7559.5,2.923,0.336
7559.75,3.0420000000000003,0.502
7560.0,2.922,0.3717
7560.25,3.037,0.538
7560.5,2.996,0.3409
7560.75,3.1019999999999994,0.487
7561.0,2.896,0.27880000000000005
7561.25,3.015,0.438
7561.5,2.766,0.2221
7561.75,3.259,0.718
7562.0,2.916,0.401
7562.25,3.012,0.54
7562.5,2.9909999999999997,0.517
7562.75,3.121,0.66
7563.0,2.936,0.40099999999999997
7563.25,2.773,0.20757
7563.5,2.8040000000000003,0.2589
7563.75,3.0220000000000002,0.497
7564.0,2.9610000000000003,0.32299999999999995
7564.25,3.069,0.5342
7564.5,2.9400000000000004,0.4335
7564.75,3.12,0.639
7565.0,2.9080000000000004,0.41700000000000004
7565.25,2.812,0.29
7565.5,2.9299999999999997,0.45699999999999996
7565.75,2.181,0.622
7566.0,2.117,0.61
7566.25,2.064,0.5670000000000001
7566.5,4.55,0.024099999999999983
7566.75,22.48,-3.2399999999999998
7567.0,31.82,-2.57
7567.25,33.099999999999994,-2.7
7567.5,33.4,-2.94
7567.75,35.6,-2.59
7568.0,42.9,-2.89
7568.25,43.199999999999996,-2.82
7568.5,45.699999999999996,-2.98
7568.75,49.1,-2.61
7569.0,50.900000000000006,-3.07
7569.25,51.9,-3.21
7569.5,52.7,-3.04
7569.75,52.6,-2.6799999999999997
7570.0,57.0,-2.9699999999999998
7570.25,60.599999999999994,-2.86
7570.5,62.60000000000001,-2.56
7570.75,64.9,-2.87
7571.0,67.4,-3.1
7571.25,64.3,-2.8200000000000003
7571.5,60.599999999999994,-2.42
7571.75,61.6,-2.54
7572.0,65.6,-0.07399999999999995
7572.25,67.1,0.28200000000000003
7572.5,73.4,3.141
7572.75,71.6,2.505
7573.0,68.1,0.15399999999999991
7573.25,68.0,0.3259999999999999
7573.5,67.10000000000001,0.33710000000000007
7573.75,69.69999999999999,-0.22499999999999998
7574.0,72.3,-0.030000000000000027
7574.25,76.6,0.30200000000000005
7574.5,75.6,0.37699999999999995
7574.75,74.0,0.30300000000000005
7575.0,72.4,0.6809999999999999
7575.25,69.5,0.5326500000000001
7575.5,72.0,0.5738000000000001
7575.75,69.5,0.40299999999999997
7576.0,68.5,0.657
7576.25,66.8,0.48429999999999995
7576.5,70.0,2.805
7576.75,69.19999999999999,3.519
7577.0,68.0,3.766
7577.25,68.30000000000001,3.5170000000000003
7577.5,66.4,3.31
7577.75,60.3,3.263
7578.0,53.5,3.38
7578.25,52.199999999999996,3.487
7578.5,48.5,3.591
7578.75,45.0,1.989
7579.0,41.4,0.493
7579.25,37.5,0.17299999999999996
7579.5,35.900000000000006,-0.07599999999999996
7579.75,31.64,0.34800000000000003
7580.0,11.08,-0.326
7580.25,11.18,-0.3699999999999999
7580.5,9.55,0.06499999999999995
7580.75,7.989999999999999,0.174
7581.0,3.412,0.28900000000000003
7581.25,3.381,0.24649999999999997
7581.5,3.6270000000000002,0.582
7581.75,3.475,0.30599999999999994
7582.0,3.314,0.16399999999999995
7582.25,3.202,0.05300000000000005
7582.5,3.227,0.09221999999999997
7582.75,3.3709999999999996,0.21299999999999997
7583.0,3.317,0.15999999999999998
7583.25,3.261,0.15230000000000002
7583.5,3.325,0.21033000000000002
7583.75,3.2859999999999996,0.15100000000000002
7584.0,3.6350000000000002,0.25529999999999997
7584.25,3.684,0.22499999999999998
7584.5,3.5740000000000003,0.235
7584.75,3.633,0.36
7585.0,3.519,0.2188
7585.25,3.555,0.395
7585.5,3.589,0.30500000000000005
7585.75,3.628,0.47
7586.0,3.488,0.2868
7586.25,3.412,0.21639999999999998
7586.5,3.5700000000000003,0.364
7586.75,3.586,0.336
7587.0,3.281,-0.02699999999999997
7587.25,3.354,0.09849999999999995
7587.5,3.5020000000000002,0.2579
7587.75,3.628,0.489
7588.0,3.4839999999999995,0.235
7588.25,3.372,0.18519999999999998
7588.5,3.2620000000000005,0.04799999999999999
7588.75,3.4960000000000004,0.329
7589.0,3.466,0.2793
7589.25,3.35,0.172
7589.5,3.454,0.279
7589.75,2.89,0.739
7590.0,2.616,0.46499999999999997
7590.25,2.252,0.484
7590.5,3.103,0.348
7590.75,18.9,-2.52
7591.0,31.13,-2.7800000000000002
7591.25,32.17,-2.4600000000000004
7591.5,33.25,-2.52
7591.75,33.08,-3.0
7592.0,34.5,-2.84
7592.25,39.1,-3.35
7592.5,42.9,-3.6999999999999997
7592.75,47.2,-1.7723
7593.0,47.3,-1.199
7593.25,47.5,-1.208
7593.5,46.4,-2.523
7593.75,48.400000000000006,-1.0739999999999998
7594.0,45.9,-2.26
7594.25,49.3,-0.2499999999999999
7594.5,47.800000000000004,-1.198
7594.75,51.199999999999996,0.812
7595.0,49.0,-0.806
7595.25,49.0,-1.13
7595.5,51.9,-0.007999999999999896
7595.75,53.5,1.654
7596.0,51.39999999999999,-0.014000000000000012
7596.25,51.2,-0.966
7596.5,50.6,-1.1560000000000001
7596.75,49.2,-0.9269999999999998
7597.0,52.0,-0.387
7597.25,49.6,-1.0390000000000001
7597.5,50.3,-0.6359999999999999
7597.75,49.900000000000006,-0.601
7598.0,57.3,2.037
7598.25,64.2,2.235
7598.5,64.10000000000001,2.123
7598.75,66.5,2.403
7599.0,65.0,1.786
7599.25,62.8,2.226
7599.5,58.7,0.29799999999999993
7599.75,57.1,-0.277
7600.0,58.300000000000004,-0.589
7600.25,57.599999999999994,-0.22699999999999998
7600.5,57.199999999999996,-0.21099999999999997
7600.75,57.199999999999996,-0.17000000000000004
7601.0,56.599999999999994,-0.27399999999999997
7601.25,51.3,-0.14200000000000002
7601.5,50.9,0.30499999999999994
7601.75,48.7,-0.03500000000000003
7602.0,43.8,-0.34099999999999997
7602.25,43.0,-0.3979999999999999
7602.5,42.3,-0.04200000000000004
7602.75,40.2,-0.16599999999999998
7603.0,31.5,1.194
7603.25,28.68,1.8690000000000002
7603.5,28.29,2.235
7603.75,26.060000000000002,2.11
7604.0,12.93,0.3279999999999999
7604.25,11.43,0.804
7604.5,11.569999999999999,1.2249999999999999
7604.75,9.51,0.7989999999999999
7605.0,5.2250000000000005,0.348
7605.25,5.038,0.30379999999999996
7605.5,5.179,0.445
7605.75,5.093,0.333
7606.0,5.245,0.476
7606.25,5.058,0.30199999999999994
7606.5,4.3,0.46409999999999996
7606.75,2.956,0.2199
7607.0,2.981,0.22999999999999995
7607.25,3.0140000000000002,0.2605
7607.5,2.9640000000000004,0.267
7607.75,2.796,0.22799999999999998
7608.0,2.96,0.36410000000000003
7608.25,3.0250000000000004,0.44200000000000006
7608.5,3.186,0.625
7608.75,2.884,0.257
7609.0,2.686,0.07100000000000001
7609.25,2.835,0.292
7609.5,3.019,0.42600000000000005
7609.75,2.76,0.05109999999999998
7610.0,2.7889999999999997,0.18
7610.25,2.918,0.34
7610.5,2.976,0.4
7610.75,2.739,0.07399999999999995
7611.0,2.677,0.07100000000000001
7611.25,2.683,0.07100000000000001
7611.5,2.8200000000000003,0.21800000000000003
7611.75,2.9000000000000004,0.261
7612.0,2.8789999999999996,0.297
7612.25,2.912,0.365
7612.5,3.048,0.543
7612.75,2.7039999999999997,0.09199999999999997
7613.0,2.8129999999999997,0.23700000000000002
7613.25,2.702,0.06399999999999995
7613.5,2.927,0.31499999999999995
7613.75,2.724,0.09199999999999997
7614.0,2.618,-0.008000000000000007
7614.25,2.223,0.488
7614.5,2.116,0.5539999999999999
7614.75,3.259,0.11800000000000005
7615.0,8.59,-0.19999999999999998
7615.25,16.869999999999997,-1.44
7615.5,27.9,-3.18
7615.75,29.19,-3.48
7616.0,30.029999999999998,-3.53
7616.25,31.9,-3.64
7616.5,33.1,-4.18
7616.75,38.7,-1.611
7617.0,40.7,-1.4129999999999998
7617.25,39.8,-1.818
7617.5,38.6,-2.97
7617.75,41.1,-1.5060000000000002
7618.0,39.7,-2.39
7618.25,40.3,-2.58
7618.5,41.9,-1.5490000000000002
7618.75,40.3,-2.54
7619.0,47.0,-1.1019999999999999
7619.25,44.0,-3.63
7619.5,47.3,-1.818
7619.75,53.199999999999996,-0.46299999999999997
7620.0,54.0,-0.30600000000000005
7620.25,54.0,-0.521
7620.5,55.3,-0.9680000000000001
7620.75,57.0,-0.5430000000000001
7621.0,56.599999999999994,-0.7550000000000002
7621.25,57.099999999999994,-0.818
7621.5,60.400000000000006,0.08700000000000008
7621.75,60.5,0.04200000000000004
7622.0,65.0,1.5530000000000002
7622.25,67.1,2.902
7622.5,61.1,0.12499999999999989
7622.75,62.0,0.37
7623.0,63.9,2.3807
7623.25,59.5,0.34900000000000003
7623.5,61.39999999999999,0.53
7623.75,59.7,-0.46699999999999997
7624.0,59.199999999999996,0.41000000000000003
7624.25,56.0,0.03599999999999992
7624.5,53.300000000000004,-1.1429999999999998
7624.75,50.8,-2.44
7625.0,48.5,-2.63
7625.25,46.800000000000004,-2.6900000000000004
7625.5,47.5,-2.62
7625.75,45.599999999999994,-2.65
7626.0,43.900000000000006,-2.75
7626.25,43.0,-2.57
7626.5,41.4,-2.5500000000000003
7626.75,40.800000000000004,-2.61
7627.0,42.4,-1.014
7627.25,44.0,0.394
7627.5,43.900000000000006,0.2849999999999999
7627.75,35.1,0.649
7628.0,18.21,-0.012199999999999989
7628.25,15.18,0.8210000000000001
7628.5,15.219999999999999,0.6679999999999999
7628.75,14.659999999999998,0.561
7629.0,6.13,-0.1439999999999999
7629.25,4.044,0.064
7629.5,4.322,0.16799999999999998
7629.75,3.916,0.11499999999999999
7630.0,3.815,0.16899999999999998
7630.25,3.888,0.18469999999999998
7630.5,3.657,0.06700000000000006
7630.75,3.722,-0.002999999999999947
7631.0,3.378,-0.09700000000000003
7631.25,3.568,0.1332
7631.5,3.748,0.2817
7631.75,3.6369999999999996,0.1652
7632.0,3.616,0.27299999999999996
7632.25,3.6609999999999996,0.404
7632.5,3.6430000000000002,0.295
7632.75,3.581,0.08589999999999998
7633.0,3.634,0.24700000000000003
7633.25,3.5440000000000005,0.16499999999999998
7633.5,3.61,0.08150000000000002
7633.75,3.571,0.128
7634.0,3.434,0.10000000000000003
7634.25,3.651,0.19479999999999997
7634.5,3.5820000000000003,0.124
7634.75,3.4370000000000003,0.041999999999999926
7635.0,3.391,0.007000000000000006
7635.25,3.748,0.338
7635.5,3.4659999999999997,0.02300000000000002
7635.75,3.5849999999999995,0.192
7636.0,3.385,0.03799999999999998
7636.25,3.7179999999999995,0.326
7636.5,3.5860000000000003,0.14076
7636.75,3.449,0.14
7637.0,3.482,0.06500000000000006
7637.25,3.838,0.555
7637.5,3.5989999999999998,0.17460000000000003
7637.75,2.636,0.383
7638.0,2.426,0.193
7638.25,2.438,0.46199999999999997
7638.5,2.222,0.196
7638.75,2.349,0.35900000000000004
7639.0,2.237,0.236
7639.25,2.472,0.49500000000000005
7639.5,2.311,0.348
7639.75,2.5509999999999997,0.643
7640.0,2.374,0.39
7640.25,2.499,0.43299999999999994
7640.5,2.265,0.252
7640.75,2.398,0.4795
7641.0,2.523,0.605
7641.25,2.674,0.79
7641.5,2.373,0.44000000000000006
7641.75,2.324,0.39580000000000004
7642.0,2.3070000000000004,0.3472
7642.25,2.4859999999999998,0.515
7642.5,2.242,0.26569999999999994
7642.75,2.239,0.264
7643.0,2.228,0.23399999999999999
7643.25,2.637,0.644
7643.5,2.308,0.32289999999999996
7643.75,2.251,0.24659999999999999
7644.0,2.3,0.30899999999999994
7644.25,2.479,0.505
7644.5,2.466,0.516
7644.75,2.362,0.37949999999999995
7645.0,2.318,0.3467
7645.25,2.49,0.548
7645.5,2.299,0.303
7645.75,2.449,0.459
7646.0,2.411,0.383
7646.25,2.479,0.5
7646.5,2.279,0.14339999999999997
7646.75,2.5060000000000002,0.492
7647.0,2.481,0.5289999999999999
7647.25,2.593,0.692
7647.5,2.279,0.3053
7647.75,2.386,0.402
7648.0,2.484,0.5
7648.25,2.418,0.43900000000000006
7648.5,2.274,0.2667
7648.75,2.421,0.368
7649.0,2.4989999999999997,0.46599999999999997
7649.25,2.403,0.40569999999999995
7649.5,2.271,0.29900000000000004
7649.75,2.25,0.28
7650.0,2.463,0.498
7650.25,2.4659999999999997,0.504
7650.5,2.375,0.4224
7650.75,2.33,0.3519
7651.0,2.498,0.53
7651.25,3.8249999999999997,0.501
7651.5,4.657,0.657
7651.75,4.489,0.41679999999999995
7652.0,4.524,0.541
7652.25,5.084,0.554
7652.5,5.26,0.32000000000000006
7652.75,5.235,0.372
7653.0,5.335999999999999,0.586
7653.25,5.284,0.547
7653.5,5.289000000000001,0.434
7653.75,5.694000000000001,0.518
7654.0,5.229,0.528
7654.25,5.185,0.5369999999999999
7654.5,5.081,0.3654
7654.75,5.164,0.493
7655.0,5.146,0.485
7655.25,5.109,0.46399999999999997
7655.5,4.971,0.232
7655.75,3.378,0.268
7656.0,3.344,0.429
7656.25,3.235,0.34199999999999997
7656.5,3.1470000000000002,0.24989999999999996
7656.75,3.093,0.1753
7657.0,3.307,0.40399999999999997
7657.25,3.0599999999999996,0.11390000000000003
7657.5,3.02,0.12409999999999999
7657.75,3.009,0.123
7658.0,3.226,0.301
7658.25,3.0869999999999997,0.1768
7658.5,3.026,0.14
7658.75,3.021,-0.04700000000000004
7659.0,3.099,0.16199999999999998
7659.25,3.1,0.19099999999999998
7659.5,2.961,0.023999999999999966
7659.75,3.0589999999999997,0.18980000000000002
7660.0,3.207,0.34199999999999997
7660.25,3.314,0.485
7660.5,3.1180000000000003,0.2515
7660.75,3.09,0.241
7661.0,3.045,0.13199999999999995
7661.25,3.112,0.339
7661.5,2.982,0.0837
7661.75,2.931,0.262
7662.0,2.421,0.623
7662.25,2.451,0.662
7662.5,2.3280000000000003,0.5339999999999999
7662.75,2.2849999999999997,0.486
7663.0,2.336,0.5660000000000001
7663.25,2.112,0.3093
7663.5,2.232,0.44299999999999995
7663.75,2.335,0.557
7664.0,2.516,0.801
7664.25,2.183,0.4076
7664.5,2.289,0.53
7664.75,2.246,0.31499999999999995
7665.0,2.5220000000000002,0.718
7665.25,2.1689999999999996,0.3569
7665.5,2.228,0.46699999999999997
7665.75,2.245,0.45060000000000006
7666.0,2.641,0.921
7666.25,2.169,0.36450000000000005
7666.5,2.266,0.444
7666.75,2.236,0.432
7667.0,2.389,0.551
7667.25,2.241,0.4
7667.5,2.122,0.2768
7667.75,2.286,0.46699999999999997
7668.0,2.452,0.6629999999999999
7668.25,2.355,0.554
7668.5,2.1390000000000002,0.2727
7668.75,2.3129999999999997,0.494
7669.0,2.294,0.485
7669.25,2.255,0.42900000000000005
7669.5,2.22,0.40800000000000003
7669.75,2.368,0.577
7670.0,2.3729999999999998,0.624
7670.25,2.223,0.38060000000000005
7670.5,2.289,0.449
7670.75,2.343,0.45599999999999996
7671.0,2.338,0.427
7671.25,2.18,0.21699999999999997
7671.5,2.2640000000000002,0.383
7671.75,2.289,0.4165
7672.0,2.3200000000000003,0.512
7672.25,2.144,0.2947
7672.5,2.231,0.372
7672.75,2.28,0.41
7673.0,2.376,0.54
7673.25,2.119,0.24409999999999998
7673.5,2.265,0.423
7673.75,2.368,0.52
7674.0,2.416,0.613
7674.25,2.255,0.43939999999999996
7674.5,2.144,0.19919999999999996
7674.75,2.355,0.45
7675.0,2.421,0.568
7675.25,2.335,0.501
7675.5,2.152,0.25382
7675.75,2.424,0.601
7676.0,2.3169999999999997,0.45
7676.25,2.293,0.451
7676.5,2.088,0.193
7676.75,2.1790000000000003,0.2702
7677.0,2.2880000000000003,0.28800000000000003
7677.25,2.385,0.46399999999999997
7677.5,2.289,0.45369999999999994
7677.75,2.404,0.5539999999999999
7678.0,2.233,0.368
7678.25,2.183,0.27180000000000004
7678.5,2.314,0.464
7678.75,2.305,0.461
7679.0,2.309,0.47700000000000004
7679.25,2.2550000000000003,0.3995
7679.5,2.404,0.596
7679.75,2.3689999999999998,0.551
7680.0,2.313,0.513
7680.25,2.255,0.42610000000000003
7680.5,2.273,0.42700000000000005
7680.75,2.348,0.502
7681.0,2.404,0.613
7681.25,2.228,0.42500000000000004
7681.5,2.232,0.4341999999999999
7681.75,2.395,0.5900000000000001
7682.0,2.265,0.42800000000000005
7682.25,2.129,0.27371399999999996
7682.5,2.117,0.275
7682.75,2.274,0.4424
7683.0,2.406,0.605
7683.25,2.241,0.44799999999999995
7683.5,2.1719999999999997,0.34600000000000003
7683.75,2.351,0.546
7684.0,2.4090000000000003,0.608
7684.25,2.3,0.493
7684.5,2.141,0.3002
7684.75,2.3080000000000003,0.5109999999999999
7685.0,2.516,0.7849999999999999
7685.25,2.421,0.65
7685.5,2.1580000000000004,0.349
7685.75,2.196,0.40299999999999997
7686.0,2.255,0.476
7686.25,2.2270000000000003,0.40499999999999997
7686.5,2.516,0.319
7686.75,21.630000000000003,-2.91
7687.0,27.020000000000003,-3.25
7687.25,27.110000000000003,-3.5100000000000002
7687.5,28.33,-3.52
7687.75,28.15,-3.6100000000000003
7688.0,28.729999999999997,-3.4799999999999995
7688.25,29.950000000000003,-3.9000000000000004
7688.5,32.9,-4.2
7688.75,36.5,-4.699999999999999
7689.0,37.0,-3.86
7689.25,39.4,-2.9999999999999996
7689.5,38.1,-3.12
7689.75,38.0,-2.9699999999999998
7690.0,36.3,-4.22
7690.25,35.5,-4.9
7690.5,33.7,-4.9
7690.75,35.3,-4.800000000000001
7691.0,34.300000000000004,-4.7
7691.25,33.2,-4.8
7691.5,33.5,-4.699999999999999
7691.75,35.3,-4.6
7692.0,36.8,-3.8000000000000003
7692.25,38.9,-2.49
7692.5,38.8,-2.34
7692.75,37.6,-3.46
7693.0,38.2,-3.98
7693.25,40.0,-4.2
7693.5,39.5,-4.300000000000001
7693.75,39.8,-4.1
7694.0,39.6,-4.300000000000001
7694.25,42.3,-4.6000000000000005
7694.5,41.400000000000006,-4.4
7694.75,46.0,-2.6
7695.0,50.50000000000001,-1.20071
7695.25,50.0,-1.4949999999999999
7695.5,49.0,-1.419
7695.75,46.0,-1.065
7696.0,46.9,-0.766
7696.25,46.7,-0.7639999999999999
7696.5,44.900000000000006,-0.9039999999999999
7696.75,47.0,1.956
7697.0,44.300000000000004,1.4900000000000002
7697.25,42.8,0.8479999999999999
7697.5,44.6,1.673
7697.75,41.4,0.7329999999999999
7698.0,42.1,1.3479999999999999
7698.25,38.8,-0.01899999999999996
7698.5,33.2,2.883
7698.75,31.699999999999996,2.537
7699.0,29.560000000000002,1.021
7699.25,30.16,0.752
7699.5,29.08,0.534
7699.75,20.5,-0.035999999999999976
7700.0,10.86,0.2
7700.25,10.53,0.291
7700.5,10.36,0.322
7700.75,9.85,1.0150000000000001
7701.0,5.74,0.46299999999999997
7701.25,5.06,0.426
7701.5,4.81,0.261
7701.75,4.36,0.485
7702.0,4.37,0.426
7702.25,4.359999999999999,0.3276
7702.5,4.252,0.277
7702.75,4.098,0.18500000000000003
7703.0,4.29,0.45999999999999996
7703.25,3.789,0.22099999999999997
7703.5,3.566,0.27
7703.75,3.684,0.4723
7704.0,3.709,0.482
7704.25,3.3339999999999996,0.31310000000000004
7704.5,3.329,0.34450000000000003
7704.75,3.1710000000000003,0.36079999999999995
7705.0,3.564,0.48019999999999996
7705.25,3.21,0.406
7705.5,3.11,0.29000000000000004
7705.75,3.2939999999999996,0.484
7706.0,3.109,0.20499999999999996
7706.25,3.086,0.18100000000000002
7706.5,3.125,0.2565
7706.75,3.085,0.155
7707.0,3.2199999999999998,0.33699999999999997
7707.25,3.0549999999999997,0.15899999999999997
7707.5,2.938,0.0020000000000000018
7707.75,3.1,0.14999999999999997
7708.0,3.389,0.42
7708.25,3.1759999999999997,0.2694
7708.5,3.026,0.1
7708.75,3.0599999999999996,0.14400000000000002
7709.0,3.261,0.2866
7709.25,3.15,0.238
7709.5,2.912,0.234
7709.75,2.144,0.188
7710.0,2.825,0.15
7710.25,2.905,0.22683299999999998
7710.5,2.937,0.42150000000000004
7710.75,13.16,-1.46
7711.0,27.71,-3.2500000000000004
7711.25,26.98,-3.42
7711.5,28.939999999999998,-3.2800000000000002
7711.75,31.5,-3.06
7712.0,31.39,-3.64
7712.25,34.0,-3.87
7712.5,35.91,-4.05
7712.75,38.37,-4.3100000000000005
7713.0,40.47,-4.67
7713.25,40.1,-4.7
7713.5,42.2,-4.59
7713.75,42.599999999999994,-4.300000000000001
7714.0,41.5,-4.4
7714.25,40.400000000000006,-4.8
7714.5,40.5,-4.8
7714.75,42.2,-4.7
7715.0,41.7,-4.9
7715.25,40.4,-4.49
7715.5,39.2,-4.529999999999999
7715.75,41.099999999999994,-4.22
7716.0,40.8,-4.26
7716.25,41.6,-4.42
7716.5,44.3,-3.6399999999999997
7716.75,44.1,-3.8499999999999996
7717.0,42.8,-4.13
7717.25,41.5,-4.46
7717.5,42.0,-4.32
7717.75,42.3,-4.2
7718.0,42.9,-4.13
7718.25,45.9,-4.22
7718.5,48.7,-3.95
7718.75,49.0,-3.77
7719.0,48.900000000000006,-3.9699999999999998
7719.25,47.0,-3.9999999999999996
7719.5,46.5,-3.9899999999999998
7719.75,46.5,-3.86
7720.0,45.900000000000006,-3.9999999999999996
7720.25,43.2,-3.79
7720.5,42.900000000000006,-3.82
7720.75,40.400000000000006,-3.49
7721.0,40.5,-3.8
7721.25,40.2,-3.68
7721.5,40.0,-3.7800000000000002
7721.75,41.0,-3.76
7722.0,38.5,-3.8900000000000006
7722.25,37.0,-3.7700000000000005
7722.5,38.0,-3.56
7722.75,33.6,-3.48
7723.0,31.47,-3.39
7723.25,30.479999999999997,-3.4400000000000004
7723.5,31.400000000000002,-3.5100000000000002
7723.75,26.8,-3.13
7724.0,18.7,-1.672
7724.25,17.61,-1.448
7724.5,13.44,-0.349
7724.75,7.669999999999999,-0.06499999999999995
7725.0,4.66,-0.16800000000000004
7725.25,4.356,-0.40599999999999997
7725.5,4.282,-0.20700000000000002
7725.75,4.343,-0.14400000000000002
7726.0,4.197,-0.2041
7726.25,4.087,-0.25799999999999995
7726.5,4.176,-0.25699999999999995
7726.75,4.005999999999999,-0.2540000000000001
7727.0,4.13,-0.032999999999999974
7727.25,3.963,-0.17700000000000005
7727.5,3.8699999999999997,-0.34
7727.75,3.928,-0.26469
7728.0,3.8899999999999997,-0.3360000000000001
7728.25,4.028,-0.20299999999999999
7728.5,4.021,-0.28200000000000003
7728.75,4.134,-0.02100000000000002
7729.0,4.102,-0.029000000000000026
7729.25,4.1259999999999994,-0.09939999999999999
7729.5,4.194,-0.07199999999999995
7729.75,3.949,-0.022399999999999975
7730.0,3.075,-0.14600000000000002
7730.25,3.1769999999999996,0.004599999999999993
7730.5,3.1839999999999997,-0.07800000000000001
7730.75,3.277,0.019699999999999995
7731.0,3.103,-0.138
7731.25,3.1310000000000002,-0.08800000000000008
7731.5,3.2300000000000004,0.008999999999999952
7731.75,3.305,0.065
7732.0,3.146,-0.067
7732.25,3.0620000000000003,-0.16900000000000004
7732.5,3.1550000000000002,-0.06
7732.75,3.331,0.12299999999999997
7733.0,3.2809999999999997,0.11299999999999999
7733.25,3.239,0.08200000000000002
7733.5,2.452,0.173
7733.75,2.478,0.313
7734.0,2.431,0.18479999999999996
7734.25,2.037,0.186
7734.5,1.9009999999999998,0.08500000000000002
7734.75,3.0969999999999995,0.123
7735.0,8.91,-0.49299999999999994
7735.25,12.48,-1.0695000000000001
7735.5,25.0,-3.24
7735.75,25.38,-3.16
7736.0,25.8,-3.4400000000000004
7736.25,31.439999999999998,-3.7800000000000002
7736.5,35.44,-4.08
7736.75,35.13,-4.140000000000001
7737.0,38.22,-4.58
7737.25,37.6,-4.57
7737.5,37.6,-4.5200000000000005
7737.75,38.1,-4.24
7738.0,39.5,-4.53
7738.25,45.400000000000006,-3.6999999999999997
7738.5,46.2,-3.79
7738.75,46.1,-3.62
7739.0,45.400000000000006,-3.7
7739.25,44.900000000000006,-3.6799999999999997
7739.5,43.2,-3.56
7739.75,45.7,-2.88
7740.0,49.900000000000006,-0.6639999999999998
7740.25,47.099999999999994,-2.5
7740.5,47.4,-2.4021
7740.75,47.3,-1.8790000000000002
7741.0,46.2,-3.4
7741.25,45.8,-3.3000000000000003
7741.5,46.3,-3.42
7741.75,49.6,-3.4499999999999997
7742.0,50.3,-3.62
7742.25,52.8,-3.52
7742.5,52.800000000000004,-3.7
7742.75,53.400000000000006,-3.08
7743.0,53.2,-3.29
7743.25,52.7,-3.26
7743.5,53.5,-3.13
7743.75,51.0,-3.07
7744.0,49.0,-3.18
7744.25,49.7,-3.0100000000000002
7744.5,48.6,-3.04
7744.75,44.9,-2.3
7745.0,49.099999999999994,-0.07300000000000001
7745.25,45.699999999999996,-1.4240000000000002
7745.5,46.7,-0.701
7745.75,42.9,-1.154
7746.0,37.900000000000006,-3.1599999999999997
7746.25,29.869999999999997,-1.9100000000000001
7746.5,28.44,-1.129
7746.75,28.25,-1.2660000000000002
7747.0,25.39,-1.71
7747.25,25.169999999999998,-1.343
7747.5,25.2,-1.0750000000000002
7747.75,22.1,-0.6690999999999999
7748.0,13.49,0.31600000000000006
7748.25,11.27,0.7709999999999999
7748.5,11.129999999999999,1.072
7748.75,10.25,0.698
7749.0,3.986,0.129
7749.25,3.5469999999999997,0.1965
7749.5,3.145,0.22699999999999998
7749.75,2.8900000000000006,0.11070000000000002
7750.0,2.835,0.04099999999999998
7750.25,2.99,0.23079999999999995
7750.5,2.957,0.22399999999999998
7750.75,2.774,0.11319999999999997
7751.0,2.664,0.13600000000000007
7751.25,2.8640000000000003,0.379
7751.5,2.96,0.48800000000000004
7751.75,2.955,0.465
7752.0,2.7089999999999996,0.258
7752.25,2.872,0.471
7752.5,2.7750000000000004,0.3420000000000001
7752.75,2.8089999999999997,0.343
7753.0,2.6189999999999998,0.022999999999999965
7753.25,2.83,0.32049999999999995
7753.5,2.817,0.339
7753.75,2.829,0.347
7754.0,2.6029999999999998,0.10099999999999998
7754.25,2.5519999999999996,0.035999999999999976
7754.5,2.616,0.12080000000000002
7754.75,2.832,0.32599999999999996
7755.0,2.747,0.162
7755.25,2.692,0.10699999999999998
7755.5,2.867,0.414
7755.75,2.966,0.55
7756.0,2.794,0.33499999999999996
7756.25,2.7190000000000003,0.22700000000000004
7756.5,2.593,0.0711
7756.75,2.6900000000000004,0.16199999999999998
7757.0,2.606,0.09600000000000003
7757.25,2.5780000000000003,0.059
7757.5,2.614,0.14089999999999997
7757.75,1.9409999999999998,0.376
7758.0,1.8930000000000002,0.3961
7758.25,1.8980000000000001,0.387
7758.5,1.859,0.381
7758.75,1.93,0.491
7759.0,1.8920000000000001,0.486
7759.25,1.8210000000000002,0.4169999999999999
7759.5,1.802,0.397
7759.75,2.049,0.6599999999999999
7760.0,1.971,0.544
7760.25,1.709,0.25429999999999997
7760.5,1.688,0.25
7760.75,1.832,0.39799999999999996
7761.0,1.9769999999999999,0.546
7761.25,1.76,0.29800000000000004
7761.5,1.71,0.24899999999999997
7761.75,1.855,0.3950000000000001
7762.0,2.001,0.5760000000000001
7762.25,1.956,0.5349999999999999
7762.5,1.828,0.42100000000000004
7762.75,1.765,0.36
7763.0,1.921,0.5329999999999999
7763.25,1.827,0.404
7763.5,1.8940000000000001,0.47000000000000003
7763.75,1.7460000000000002,0.312
7764.0,1.9549999999999998,0.5589999999999999
7764.25,1.7919999999999998,0.37810000000000005
7764.5,1.862,0.43799999999999994
7764.75,1.7600000000000002,0.276
7765.0,1.959,0.558
7765.25,1.76,0.321
7765.5,1.797,0.351
7765.75,1.8929999999999998,0.45999999999999996
7766.0,2.161,0.77
7766.25,1.9779999999999998,0.579
7766.5,2.0069999999999997,0.41600000000000004
7766.75,1.823,0.355
7767.0,1.983,0.537
7767.25,1.9020000000000001,0.447
7767.5,1.723,0.24507
7767.75,1.886,0.45199999999999996
7768.0,1.878,0.42000000000000004
7768.25,1.971,0.525
7768.5,1.7830000000000001,0.315
7768.75,1.768,0.3016
7769.0,1.862,0.404
7769.25,1.963,0.486
7769.5,1.909,0.43500000000000005
7769.75,1.968,0.5589999999999999
7770.0,1.9100000000000001,0.4910000000000001
7770.25,1.87,0.439
7770.5,1.93,0.5049999999999999
7770.75,2.093,0.6940000000000001
7771.0,1.872,0.42100000000000004
7771.25,1.822,0.312
7771.5,1.7730000000000001,0.3171
7771.75,1.961,0.506
7772.0,1.9740000000000002,0.5700000000000001
7772.25,1.956,0.5559999999999999
7772.5,1.831,0.42379999999999995
7772.75,1.83,0.376
7773.0,2.002,0.5640000000000001
7773.25,2.24,0.885
7773.5,1.819,0.377
7773.75,1.9229999999999998,0.521
7774.0,2.068,0.687
7774.25,2.1950000000000003,0.866
7774.5,1.864,0.473
7774.75,1.7870000000000001,0.335
7775.0,1.7510000000000001,0.266
7775.25,2.097,0.682
7775.5,1.894,0.388
7775.75,1.8359999999999999,0.3616
7776.0,1.832,0.34029999999999994
7776.25,2.0380000000000003,0.609
7776.5,1.986,0.5169999999999999
7776.75,1.909,0.41600000000000004
7777.0,1.865,0.406
7777.25,1.9600000000000002,0.5209999999999999
7777.5,1.955,0.536
7777.75,2.003,0.56
7778.0,2.043,0.65
7778.25,2.056,0.684
7778.5,1.958,0.537
7778.75,1.878,0.42750000000000005
7779.0,1.8900000000000001,0.41400000000000003
7779.25,1.8010000000000002,0.306
7779.5,1.895,0.405
7779.75,1.785,0.21130000000000004
7780.0,2.091,0.6849999999999999
7780.25,2.021,0.586
7780.5,2.045,0.645
7780.75,1.9229999999999998,0.52
7781.0,1.887,0.46099999999999997
7781.25,1.991,0.5780000000000001
7781.5,2.035,0.6399999999999999
7781.75,1.9539999999999997,0.592
7782.0,1.905,0.515
7782.25,1.883,0.386
7782.5,2.08,0.5489999999999999
7782.75,1.8319999999999999,0.384
7783.0,1.786,0.3520000000000001
7783.25,1.8940000000000001,0.5005
7783.5,2.023,0.609
7783.75,1.953,0.5389999999999999
7784.0,1.8670000000000002,0.42
7784.25,1.866,0.429
7784.5,1.988,0.563
7784.75,1.969,0.54
7785.0,1.882,0.43199999999999994
7785.25,1.824,0.375
7785.5,2.105,0.709
7785.75,1.935,0.5079999999999999
7786.0,1.893,0.45299999999999996
7786.25,1.667,0.21239999999999998
7786.5,1.877,0.48
7786.75,1.783,0.37
7787.0,1.9020000000000001,0.52
7787.25,1.722,0.25270000000000004
7787.5,1.983,0.6
7787.75,1.9329999999999998,0.5449999999999999
7788.0,1.964,0.625
7788.25,1.851,0.47500000000000003
7788.5,2.0500000000000003,0.691
7788.75,1.972,0.593
7789.0,1.8410000000000002,0.355
7789.25,1.879,0.473
7789.5,2.116,0.735
7789.75,2.085,0.744
7790.0,1.77,0.3385
7790.25,1.7260000000000002,0.2819
7790.5,1.955,0.534
7790.75,1.932,0.571
7791.0,1.682,0.2353
7791.25,1.782,0.37100000000000005
7791.5,1.905,0.48200000000000004
7791.75,2.085,0.6890000000000001
7792.0,1.8940000000000001,0.466
7792.25,1.8139999999999998,0.405
7792.5,1.9060000000000001,0.507
7792.75,1.938,0.52
7793.0,1.924,0.508
7793.25,1.939,0.561
7793.5,2.004,0.6599999999999999
7793.75,1.8599999999999999,0.45999999999999996
7794.0,1.847,0.443
7794.25,1.7750000000000001,0.322
7794.5,1.965,0.389
7794.75,2.142,0.3635
7795.0,2.138,0.3696
7795.25,2.175,0.335
7795.5,2.348,0.47600000000000003
7795.75,3.042,0.30899999999999994
7796.0,2.957,0.255
7796.25,3.1030000000000006,0.33999999999999997
7796.5,3.162,0.329
7796.75,3.4379999999999997,0.514
7797.0,2.997,0.274
7797.25,4.668,0.422
7797.5,5.098,0.591
7797.75,4.946,0.47
7798.0,4.715,0.2304
7798.25,4.758,0.329
7798.5,4.792999999999999,0.35
7798.75,4.942,0.53
7799.0,4.787,0.482
7799.25,4.6930000000000005,0.40700000000000003
7799.5,4.7010000000000005,0.302
7799.75,3.402,0.41300000000000003
7800.0,3.024,0.267
7800.25,2.9450000000000003,0.18300000000000002
7800.5,2.853,0.07487999999999995
7800.75,2.95,0.15800000000000003
7801.0,3.003,0.22399999999999998
7801.25,2.9549999999999996,0.1972
7801.5,2.768,0.133
7801.75,2.857,0.08799999999999997
7802.0,2.715,-0.03999999999999998
7802.25,2.82,0.14200000000000002
7802.5,3.06,0.507
7802.75,3.0380000000000003,0.462
7803.0,2.864,0.29
7803.25,2.761,0.12710000000000005
7803.5,2.934,0.329
7803.75,2.914,0.28600000000000003
7804.0,2.851,0.261
7804.25,2.735,0.10599999999999998
7804.5,2.781,0.157
7804.75,2.977,0.37200000000000005
7805.0,2.912,0.348
7805.25,2.756,0.06499999999999995
7805.5,2.74,0.11399999999999993
7805.75,2.908,0.32200000000000006
7806.0,2.371,0.311
7806.25,1.836,0.22659999999999997
7806.5,1.7349999999999999,0.20030000000000003
7806.75,2.116,0.6719999999999999
7807.0,2.084,0.613
7807.25,2.018,0.584
7807.5,1.905,0.42579999999999996
7807.75,2.034,0.597
7808.0,2.0170000000000003,0.549
7808.25,1.915,0.41600000000000004
7808.5,1.869,0.36910000000000004
7808.75,1.9169999999999998,0.41700000000000004
7809.0,1.9729999999999999,0.496
7809.25,1.852,0.33099999999999996
7809.5,1.882,0.37320000000000003
7809.75,1.8490000000000002,0.34800000000000003
7810.0,1.959,0.484
7810.25,1.812,0.31656999999999996
7810.5,2.08,0.609
7810.75,1.984,0.494
7811.0,2.017,0.5489999999999999
7811.25,1.7810000000000001,0.2738
7811.5,1.9060000000000001,0.44399999999999995
7811.75,1.991,0.5139999999999999
7812.0,2.247,0.861
7812.25,1.931,0.5103
7812.5,1.8950000000000002,0.40800000000000003
7812.75,1.872,0.32699999999999996
7813.0,2.034,0.5
7813.25,1.7289999999999999,0.17809999999999998
7813.5,1.756,0.1939
7813.75,1.822,0.277
7814.0,2.184,0.6539999999999999
7814.25,1.9090000000000003,0.387
7814.5,1.841,0.3026
7814.75,1.8519999999999999,0.3046
7815.0,2.058,0.5189999999999999
7815.25,1.963,0.41200000000000003
7815.5,1.852,0.28700000000000003
7815.75,1.95,0.44999999999999996
7816.0,2.1100000000000003,0.623
7816.25,2.045,0.5720000000000001
7816.5,1.924,0.385
7816.75,1.924,0.412
7817.0,1.9560000000000002,0.42499999999999993
7817.25,1.8940000000000001,0.35100000000000003
7817.5,1.851,0.25029999999999997
7817.75,1.903,0.3432
7818.0,1.9240000000000002,0.357
7818.25,1.895,0.3316
7818.5,1.847,0.2683
7818.75,1.838,0.23179999999999995
7819.0,1.991,0.412
7819.25,1.921,0.317
7819.5,1.9729999999999999,0.39199999999999996
7819.75,2.0,0.403
7820.0,2.199,0.7030000000000001
7820.25,1.9609999999999999,0.44400000000000006
7820.5,1.9420000000000002,0.44500000000000006
7820.75,1.8310000000000002,0.3135
7821.0,2.1020000000000003,0.612
7821.25,2.078,0.5740000000000001
7821.5,1.9530000000000003,0.39399999999999996
7821.75,1.774,0.14499999999999996
7822.0,2.0300000000000002,0.458
7822.25,1.9949999999999999,0.394
7822.5,1.8900000000000001,0.30900000000000005
7822.75,1.762,0.15400000000000003
7823.0,1.8630000000000002,0.24150000000000002
7823.25,2.071,0.45599999999999996
7823.5,1.9609999999999999,0.345
7823.75,1.871,0.29500000000000004
7824.0,2.054,0.394
7824.25,2.107,0.571
7824.5,2.0500000000000003,0.509
7824.75,2.02,0.493
7825.0,1.884,0.33
7825.25,2.023,0.492
7825.5,1.863,0.29200000000000004
7825.75,1.914,0.33999999999999997
7826.0,1.8689999999999998,0.30410000000000004
7826.25,2.089,0.5890000000000001
7826.5,1.8980000000000001,0.3679
7826.75,1.864,0.29799999999999993
7827.0,1.885,0.3025
7827.25,2.058,0.533
7827.5,1.9539999999999997,0.411
7827.75,1.9290000000000003,0.386
7828.0,2.037,0.5289999999999999
7828.25,2.076,0.5589999999999999
7828.5,2.025,0.512
7828.75,1.874,0.347
7829.0,1.849,0.324
7829.25,1.952,0.33
7829.5,2.055,0.448
7829.75,1.917,0.43199999999999994
7830.0,1.953,0.4968
7830.25,1.885,0.38670000000000004
7830.5,2.133,0.631
7830.75,1.796,0.22599999999999998
7831.0,1.79,0.2383
7831.25,1.8239999999999998,0.282
7831.5,2.108,0.5720000000000001
7831.75,1.979,0.45299999999999996
7832.0,2.021,0.426
7832.25,1.9290000000000003,0.462
7832.5,2.019,0.5349999999999999
7832.75,2.011,0.5329999999999999
7833.0,1.858,0.321
7833.25,1.819,0.28680000000000005
7833.5,1.871,0.33799999999999997
7833.75,1.945,0.43200000000000005
7834.0,1.799,0.21500000000000002
7834.25,1.913,0.377
7834.5,1.795,0.2238
7834.75,2.029,0.477
7835.0,1.8339999999999999,0.2905
7835.25,1.9649999999999999,0.4
7835.5,2.017,0.486
7835.75,1.99,0.48400000000000004
7836.0,1.835,0.27499999999999997
7836.25,1.919,0.381
7836.5,2.082,0.473
7836.75,2.084,0.502
7837.0,1.8519999999999999,0.3162
7837.25,1.7930000000000001,0.23300000000000004
7837.5,1.9540000000000002,0.41270000000000007
7837.75,2.019,0.45999999999999996
7838.0,1.8980000000000001,0.35
7838.25,1.683,0.09499999999999997
7838.5,1.833,0.2929
7838.75,2.0300000000000002,0.465
7839.0,2.0469999999999997,0.423
7839.25,1.833,0.268
7839.5,1.838,0.26999999999999996
7839.75,2.102,0.593
7840.0,2.032,0.489
7840.25,1.895,0.359
7840.5,1.802,0.26399999999999996
7840.75,1.9859999999999998,0.4809999999999999
7841.0,1.954,0.42799999999999994
7841.25,1.8619999999999999,0.25029999999999997
7841.5,1.762,0.15185
7841.75,1.9669999999999999,0.378
7842.0,1.9540000000000002,0.28500000000000003
7842.25,2.185,0.3252
7842.5,2.13,0.2207
7842.75,2.23,0.33699999999999997
7843.0,2.601,0.2694
7843.25,2.904,0.18900000000000006
7843.5,2.8919999999999995,0.09099999999999997
7843.75,2.9899999999999998,0.3
7844.0,3.037,0.358
7844.25,2.91,0.2508
7844.5,2.813,0.15299999999999997
7844.75,2.96,0.277
7845.0,3.279,0.538
7845.25,2.834,0.24399999999999997
7845.5,2.919,0.24
7845.75,2.791,0.04680000000000001
7846.0,3.2560000000000002,0.38
7846.25,2.911,0.19279000000000002
7846.5,2.9059999999999997,0.22809999999999997
7846.75,2.761,-0.04200000000000004
7847.0,2.9659999999999997,0.21100000000000002
7847.25,2.913,0.13799999999999996
7847.5,2.8970000000000002,0.258
7847.75,2.8320000000000003,0.2503
7848.0,3.0,0.396
7848.25,3.012,0.466
7848.5,2.8979999999999997,0.27
7848.75,2.8099999999999996,0.19400000000000003
7849.0,2.811,0.14399999999999996
7849.25,2.739,0.11200000000000002
7849.5,2.624,-0.08100000000000002
7849.75,2.789,0.11840000000000006
7850.0,2.8689999999999998,0.2244
7850.25,3.017,0.45099999999999996
7850.5,2.724,0.003000000000000058
7850.75,2.813,0.06930000000000003
7851.0,2.777,0.0696
7851.25,3.052,0.468
7851.5,2.771,0.1377
7851.75,2.762,0.11870000000000003
7852.0,2.811,0.1689
7852.25,3.021,0.417
7852.5,2.8720000000000003,0.29400000000000004
7852.75,2.787,0.17860000000000004
7853.0,2.776,0.17789999999999997
7853.25,2.802,0.195
7853.5,2.847,0.272
7853.75,2.574,0.022999999999999965
7854.0,1.935,0.2929
7854.25,1.9580000000000002,0.29270000000000007
7854.5,2.104,0.567
7854.75,4.26,0.06059999999999999
7855.0,8.98,-0.11359999999999995
7855.25,15.68,-1.3299999999999998
7855.5,25.990000000000002,-2.83
7855.75,30.630000000000003,-3.33
7856.0,31.36,-3.66
7856.25,31.2,-3.6799999999999997
7856.5,32.0,-3.7600000000000002
7856.75,33.0,-4.04
7857.0,34.5,-4.2
7857.25,35.099999999999994,-4.4
7857.5,36.099999999999994,-4.4
7857.75,35.3,-4.5
7858.0,35.800000000000004,-3.98
7858.25,35.9,-4.29
7858.5,35.3,-4.4
7858.75,35.5,-4.08
7859.0,35.0,-4.290000000000001
7859.25,34.4,-4.300000000000001
7859.5,36.0,-3.74
7859.75,36.8,-3.97
7860.0,43.7,-1.4728999999999999
7860.25,45.3,-0.547
7860.5,43.6,-1.12
7860.75,43.5,-1.447
7861.0,40.1,-3.4600000000000004
7861.25,40.2,-3.6500000000000004
7861.5,50.1,0.243
7861.75,54.3,2.157
7862.0,56.1,1.207
7862.25,61.2,0.984
7862.5,60.6,0.8029999999999999
7862.75,62.699999999999996,1.571
7863.0,62.7,1.15
7863.25,59.5,-0.13010000000000005
7863.5,61.1,-0.9662000000000001
7863.75,57.800000000000004,-1.1505
7864.0,58.0,-0.8299
7864.25,60.300000000000004,2.051
7864.5,59.2,1.7089999999999999
7864.75,55.599999999999994,1.289
7865.0,53.4,2.22
7865.25,52.699999999999996,1.7610000000000001
7865.5,53.699999999999996,2.42
7865.75,48.599999999999994,1.5150000000000001
7866.0,49.3,2.1900000000000004
7866.25,48.2,2.0999999999999996
7866.5,48.599999999999994,1.423
7866.75,42.6,0.942
7867.0,37.3,-0.651
7867.25,36.1,-0.565
7867.5,35.9,-0.359
7867.75,31.450000000000003,0.61
7868.0,12.929999999999998,-0.095
7868.25,9.29,0.326
7868.5,8.35,0.365
7868.75,7.58,0.4740000000000001
7869.0,4.188000000000001,0.30099999999999993
7869.25,4.073,0.10100000000000003
7869.5,4.16,0.11599999999999999
7869.75,4.128,0.188
7870.0,4.144,0.28099999999999997
7870.25,3.788,0.007000000000000006
7870.5,3.76,0.038999999999999924
7870.75,3.806,0.08400000000000002
7871.0,3.691,-0.031000000000000028
7871.25,3.5829999999999997,-0.053300000000000014
7871.5,3.539,-0.04700000000000004
7871.75,3.5850000000000004,0.021999999999999964
7872.0,3.569,-0.031000000000000028
7872.25,3.6479999999999997,0.09500000000000003
7872.5,3.7249999999999996,0.183
7872.75,3.972,0.324
7873.0,3.761,0.16099999999999998
7873.25,3.825,0.20299999999999999
7873.5,3.7039999999999997,0.04099999999999998
7873.75,4.017,0.345
7874.0,3.8739999999999997,0.26
7874.25,3.7590000000000003,0.16
7874.5,3.729,0.058699999999999974
7874.75,3.654,0.03400000000000003
7875.0,3.853,0.22999999999999998
7875.25,3.591,-0.043999999999999984
7875.5,3.7220000000000004,-0.006999999999999951
7875.75,3.692,-0.059
7876.0,3.966,0.337
7876.25,3.875,0.273
7876.5,3.7279999999999998,0.132
7876.75,3.6410000000000005,0.0040000000000000036
7877.0,3.929,0.328
7877.25,3.777,0.196
7877.5,3.233,0.32
7877.75,2.8200000000000003,0.21400000000000002
7878.0,3.044,0.45500000000000007
7878.25,2.639,0.447
7878.5,2.5410000000000004,0.3
7878.75,3.7790000000000004,0.137
7879.0,10.27,-0.4428
7879.25,12.190000000000001,-0.5890000000000001
7879.5,28.770000000000003,-2.8
7879.75,28.47,-3.3800000000000003
7880.0,30.55,-3.24
7880.25,33.8,-3.63
7880.5,36.3,-4.45
7880.75,41.3,-1.669
7881.0,43.400000000000006,-2.749
7881.25,45.5,-2.317
7881.5,46.0,-2.9608
7881.75,48.199999999999996,-1.719
7882.0,47.5,-2.2112999999999996
7882.25,48.5,-1.9419999999999997
7882.5,49.5,-2.7760000000000002
7882.75,54.6,-2.0429999999999997
7883.0,54.400000000000006,-4.5600000000000005
7883.25,53.5,-4.449999999999999
7883.5,54.3,-4.78
7883.75,54.7,-4.55
7884.0,56.7,-4.13
7884.25,59.6,-4.15
7884.5,58.0,-3.98
7884.75,59.7,-3.7199999999999998
7885.0,57.599999999999994,-3.41
7885.25,57.8,-3.0999999999999996
7885.5,58.400000000000006,-3.06
7885.75,58.800000000000004,-3.54
7886.0,61.5,-3.1799999999999997
7886.25,62.49999999999999,-3.27
7886.5,65.3,-3.8800000000000003
7886.75,72.1,-2.559
7887.0,72.4,-1.352
7887.25,69.7,-1.4420000000000002
7887.5,70.7,-1.453
7887.75,72.0,-1.755
7888.0,71.1,-1.654
7888.25,69.6,-1.013
7888.5,65.2,-1.2879999999999998
7888.75,56.9,-0.5950000000000001
7889.0,54.2,-0.6000000000000001
7889.25,55.89999999999999,-0.3740000000000001
7889.5,56.599999999999994,-0.2689999999999999
7889.75,54.199999999999996,-0.20100000000000007
7890.0,50.4,-0.64
7890.25,48.2,-0.8310000000000001
7890.5,43.5,-0.247
7890.75,36.15,0.629
7891.0,35.81,0.877
7891.25,32.45,0.695
7891.5,30.75,0.45599999999999996
7891.75,27.22,1.1880000000000002
7892.0,14.5,0.487
7892.25,11.05,0.31799999999999995
7892.5,10.32,0.563
7892.75,9.57,0.511
7893.0,4.47,-0.0040000000000000036
7893.25,3.8600000000000003,0.049000000000000016
7893.5,3.6229999999999998,0.22099999999999997
7893.75,3.5509999999999997,0.248
7894.0,3.68,0.403
7894.25,3.593,0.205
7894.5,3.6220000000000003,0.243
7894.75,3.674,0.425
7895.0,3.3049999999999997,0.08499999999999999
7895.25,3.3529999999999998,0.24100000000000005
7895.5,3.373,0.24000000000000002
7895.75,3.4480000000000004,0.20099999999999996
7896.0,3.46,0.21899999999999997
7896.25,3.3360000000000003,0.137
7896.5,3.311,0.10799999999999993
7896.75,3.3550000000000004,0.17500000000000002
7897.0,3.3960000000000004,0.18199999999999997
7897.25,3.444,0.265
7897.5,3.326,0.175
7897.75,3.314,0.159
7898.0,3.548,0.454
7898.25,3.455,0.31899999999999995
7898.5,3.4219999999999997,0.309
7898.75,3.209,0.04299999999999998
7899.0,3.404,0.27499999999999997
7899.25,3.376,0.23000000000000004
7899.5,3.446,0.21799999999999997
7899.75,3.2830000000000004,0.05699999999999997
7900.0,3.47,0.349
7900.25,3.3499999999999996,0.20439999999999997
7900.5,3.5,0.363
7900.75,3.3609999999999998,0.195
7901.0,3.2779999999999996,0.10799999999999998
7901.25,3.194,0.056599999999999984
7901.5,3.1550000000000002,0.026800000000000046
7901.75,2.845,0.32300000000000006
7902.0,2.7889999999999997,0.5960000000000001
7902.25,2.6529999999999996,0.493
7902.5,2.5429999999999997,0.495
7902.75,3.629,0.422
7903.0,11.08,-0.09999999999999998
7903.25,22.64,-2.6
7903.5,31.47,-3.8000000000000003
7903.75,32.33,-3.84
7904.0,32.72,-3.4299999999999997
7904.25,39.1,-3.6799999999999997
7904.5,39.4,-3.7100000000000004
7904.75,42.3,-4.06
7905.0,42.5,-4.22
7905.25,44.9,-4.39
7905.5,44.6,-4.12
7905.75,43.99999999999999,-4.2
7906.0,45.3,-3.98
7906.25,47.099999999999994,-4.04
7906.5,46.1,-3.89
7906.75,51.599999999999994,-2.7800000000000002
7907.0,62.5,-1.255
7907.25,63.800000000000004,-1.061
7907.5,62.5,-0.94
7907.75,65.6,-1.1309999999999998
7908.0,72.5,1.8281
7908.25,74.5,3.601
7908.5,74.4,3.7359999999999998
7908.75,71.5,0.9265
7909.0,70.9,0.3395
7909.25,68.1,-0.6530000000000001
7909.5,69.9,-0.6479999999999999
7909.75,68.0,-0.808
7910.0,75.4,-0.16200000000000003
7910.25,76.0,-0.537
7910.5,74.19999999999999,-0.11499999999999999
7910.75,74.6,-0.5060000000000001
7911.0,76.3,-0.32799999999999996
7911.25,77.2,-0.4850000000000001
7911.5,75.1,-0.6040000000000001
7911.75,73.19999999999999,-0.396
7912.0,72.5,0.013999999999999957
7912.25,73.69999999999999,0.6970000000000001
7912.5,77.6,2.585
7912.75,73.1,2.0709999999999997
7913.0,63.7,2.325
7913.25,62.599999999999994,2.848
7913.5,63.5,4.222
7913.75,61.800000000000004,3.693
7914.0,60.4,3.3289999999999997
7914.25,59.8,3.7369999999999997
7914.5,55.099999999999994,3.614
7914.75,47.900000000000006,2.4759
7915.0,40.5,0.7169999999999999
7915.25,41.3,0.964
7915.5,40.0,0.45499999999999996
7915.75,37.3,0.964
7916.0,30.7,1.432
7916.25,22.509999999999998,3.774
7916.5,16.46,0.893
7916.75,17.06,1.2999999999999998
7917.0,9.98,0.259
7917.25,8.25,0.17900000000000002
7917.5,6.984,0.296
7917.75,7.0329999999999995,0.483
7918.0,7.286,0.476
7918.25,7.3,0.591
7918.5,7.04,0.6
7918.75,6.7589999999999995,0.5509999999999999
7919.0,5.055,0.365
7919.25,5.213,0.218
7919.5,5.138999999999999,0.236
7919.75,5.073,0.11470000000000002
7920.0,4.593,0.23
7920.25,3.422,0.34800000000000003
7920.5,3.787,0.667
7920.75,3.4910000000000005,0.583
7921.0,3.6999999999999997,0.599
7921.25,3.565,0.62
7921.5,3.642,0.646
7921.75,3.612,0.5489999999999999
7922.0,3.5829999999999997,0.5900000000000001
7922.25,3.5260000000000002,0.547
7922.5,3.651,0.794
7922.75,3.545,0.5700000000000001
7923.0,3.5669999999999997,0.604
7923.25,3.503,0.633
7923.5,3.399,0.366
7923.75,3.3880000000000003,0.429
7924.0,3.528,0.45999999999999996
7924.25,3.5900000000000003,0.45199999999999996
7924.5,3.2929999999999997,0.32599999999999996
7924.75,3.457,0.506
7925.0,3.438,0.439
7925.25,2.966,0.8510000000000001
7925.5,2.5709999999999997,0.684
7925.75,2.626,0.907
7926.0,2.252,0.799
7926.25,2.3249999999999997,0.875
7926.5,2.306,0.7949999999999999
7926.75,6.92,-0.132
7927.0,40.2,-0.392
7927.25,43.2,0.4172
7927.5,44.6,0.24700000000000003
7927.75,46.400000000000006,-0.22000000000000008
7928.0,46.3,-0.255
7928.25,48.099999999999994,-0.44400000000000006
7928.5,50.3,-0.39
7928.75,57.0,1.941
7929.0,62.800000000000004,1.923526
7929.25,65.8,1.259
7929.5,66.19999999999999,0.834
7929.75,70.0,1.484
7930.0,69.6,1.137
7930.25,66.6,-0.837
7930.5,66.6,-1.025
7930.75,69.8,-0.41600000000000004
7931.0,70.4,-0.503
7931.25,69.89999999999999,-0.44399999999999995
7931.5,68.7,-0.663
7931.75,67.9,-0.5279999999999999
7932.0,67.2,-0.686
7932.25,69.5,-0.544
7932.5,74.6,-0.538
7932.75,76.39999999999999,-0.05500000000000005
7933.0,73.5,0.20399999999999996
7933.25,70.0,-0.3470000000000001
7933.5,68.1,-0.22000000000000008
7933.75,74.0,2.379
7934.0,75.9,2.661
7934.25,78.0,2.661
7934.5,78.1,2.4118
7934.75,78.7,2.442
7935.0,77.4,2.4785
7935.25,75.0,2.3579999999999997
7935.5,73.69999999999999,2.321
7935.75,73.4,2.2217000000000002
7936.0,74.2,2.207
7936.25,70.2,0.4085
7936.5,66.2,-0.8599999999999999
7936.75,65.30000000000001,-0.7779999999999998
7937.0,59.5,-0.44399999999999995
7937.25,56.3,-0.4520000000000002
7937.5,60.0,2.551
7937.75,60.9,2.847
7938.0,60.2,2.761
7938.25,55.7,2.0620000000000003
7938.5,46.9,0.4089999999999999
7938.75,38.4,1.4809999999999999
7939.0,38.8,1.3717
7939.25,38.3,1.3613
7939.5,37.6,1.2394
7939.75,35.5,0.9550000000000001
7940.0,22.5,1.177
7940.25,16.46,0.8619999999999999
7940.5,15.86,1.185
7940.75,17.31,1.123
7941.0,7.62,0.241
7941.25,8.32,0.07999999999999999
7941.5,9.11,0.16569999999999996
7941.75,6.7299999999999995,0.403
7942.0,6.02,0.429
7942.25,6.109999999999999,0.223
7942.5,5.77,0.40299999999999997
7942.75,5.28,0.381
7943.0,5.220000000000001,0.5449999999999999
7943.25,3.763,0.606
7943.5,3.5459999999999994,0.673
7943.75,3.56,0.765
7944.0,3.467,0.623
7944.25,3.567,0.764
7944.5,3.3649999999999998,0.494
7944.75,3.5170000000000003,0.706
7945.0,3.505,0.6950000000000001
7945.25,3.628,0.757
7945.5,3.398,0.619
7945.75,3.3120000000000003,0.6
7946.0,3.304,0.5670000000000001
7946.25,3.45,0.732
7946.5,3.3320000000000003,0.596
7946.75,3.328,0.5960000000000001
7947.0,3.2270000000000003,0.491
7947.25,3.184,0.381
7947.5,3.3680000000000003,0.5720000000000001
7947.75,3.365,0.607
7948.0,3.242,0.475
7948.25,3.26,0.387
7948.5,3.3770000000000002,0.565
7948.75,3.237,0.43
7949.0,3.4619999999999997,0.745
7949.25,3.3709999999999996,0.631
7949.5,3.3600000000000003,0.733
7949.75,3.1750000000000003,0.53
7950.0,2.734,1.006
7950.25,2.644,0.855
7950.5,2.7560000000000002,0.667
7950.75,32.55,0.031000000000000028
7951.0,46.3,1.226
7951.25,48.5,1.0276
7951.5,51.5,0.248
7951.75,51.2,0.017000000000000015
7952.0,57.9,-0.18699999999999994
7952.25,64.4,-0.4759999999999999
7952.5,71.3,-0.7140000000000001
7952.75,71.6,-0.20000000000000007
7953.0,76.3,2.5140000000000002
7953.25,77.80000000000001,2.6018999999999997
7953.5,79.0,2.584
7953.75,79.4,2.342
7954.0,77.80000000000001,2.304
7954.25,77.80000000000001,2.399
7954.5,77.7,1.935
7954.75,79.2,2.126
7955.0,78.89999999999999,2.3171
7955.25,80.6,2.4758
7955.5,82.80000000000001,2.8832
7955.75,81.4,2.101
7956.0,75.2,0.08099999999999996
7956.25,77.3,-0.1623
7956.5,77.30000000000001,0.08999999999999997
7956.75,76.9,0.278
7957.0,74.2,0.14300000000000002
7957.25,73.0,0.9483999999999999
7957.5,77.3,0.25
7957.75,78.3,0.6557000000000001
7958.0,77.89999999999999,0.31910000000000005
7958.25,78.4,0.11509999999999998
7958.5,76.1,-0.06952399999999992
7958.75,78.1,-0.11470000000000002
7959.0,80.0,-0.427
7959.25,78.9,-0.42600000000000005
7959.5,75.7,-0.5780000000000001
7959.75,73.69999999999999,-0.31299999999999994
7960.0,73.4,-0.17200000000000004
7960.25,73.0,-0.29799999999999993
7960.5,69.2,-0.19200000000000006
7960.75,63.9,0.5689
7961.0,64.1,0.6379
7961.25,63.60000000000001,0.53
7961.5,62.300000000000004,0.528
7961.75,61.400000000000006,0.8385
7962.0,58.2,0.3959999999999999
7962.25,56.800000000000004,0.44999999999999996
7962.5,52.3,0.133
7962.75,48.3,0.07399999999999995
7963.0,43.900000000000006,0.273
7963.25,43.5,0.398
7963.5,42.9,0.4595000000000001
7963.75,31.799999999999997,0.2484
7964.0,17.05,1.117
7964.25,16.95,0.992
7964.5,17.299999999999997,1.134
7964.75,8.79,0.283
7965.0,7.19,0.305
7965.25,7.69,0.30399999999999994
7965.5,7.065,0.07400000000000001
7965.75,7.52,0.376
7966.0,7.15,0.28
7966.25,6.609999999999999,0.26200000000000007
7966.5,5.16,0.183
7966.75,4.93,0.39
7967.0,3.5760000000000005,0.464
7967.25,2.8819999999999997,0.45299999999999996
7967.5,2.771,0.32699999999999996
7967.75,2.8789999999999996,0.377
7968.0,3.0050000000000003,0.446
7968.25,3.0,0.46900000000000003
7968.5,2.8779999999999997,0.41400000000000003
7968.75,2.838,0.404
7969.0,2.8979999999999997,0.481
7969.25,2.916,0.49
7969.5,2.968,0.55
7969.75,2.9029999999999996,0.494
7970.0,2.815,0.40700000000000003
7970.25,2.8280000000000003,0.381
7970.5,2.9259999999999997,0.502
7970.75,2.862,0.428
7971.0,2.801,0.39
7971.25,2.8209999999999997,0.374
7971.5,2.844,0.414
7971.75,2.9810000000000003,0.552
7972.0,2.8310000000000004,0.377
7972.25,2.9269999999999996,0.488
7972.5,2.774,0.334
7972.75,2.958,0.516
7973.0,2.783,0.291
7973.25,2.848,0.393
7973.5,2.7449999999999997,0.28500000000000003
7973.75,2.8729999999999998,0.487
7974.0,2.805,0.35
7974.25,2.917,0.416
7974.5,2.995,0.43000000000000005
7974.75,5.643000000000001,0.55
7975.0,4.765000000000001,0.593
7975.25,5.86,0.7759999999999999
7975.5,12.33,1.6350000000000002
7975.75,12.21,1.522
7976.0,12.620000000000001,1.717
7976.25,12.309999999999999,1.5450000000000002
7976.5,13.0,1.7599999999999998
7976.75,12.38,1.5070000000000001
7977.0,12.73,1.548
7977.25,12.49,1.268
7977.5,12.83,1.5230000000000001
7977.75,12.58,1.548
7978.0,13.120000000000001,1.755
7978.25,13.030000000000001,1.5339999999999998
7978.5,12.950000000000001,1.5270000000000001
7978.75,13.48,1.722
7979.0,13.48,1.635
7979.25,13.530000000000001,1.585
7979.5,13.54,1.569
7979.75,13.850000000000001,1.6189999999999998
7980.0,13.459999999999999,1.619
7980.25,14.07,1.791
7980.5,17.08,1.4980000000000002
7980.75,17.77,1.581
7981.0,17.96,1.451
7981.25,17.95,1.674
7981.5,18.259999999999998,1.468
7981.75,17.65,1.5
7982.0,17.58,1.4609999999999999
7982.25,17.45,1.4440000000000002
7982.5,17.46,1.56
7982.75,17.53,1.3810000000000002
7983.0,17.240000000000002,1.3170000000000002
7983.25,16.89,1.408
7983.5,17.509999999999998,1.5270000000000001
7983.75,17.17,1.2530000000000001
7984.0,17.13,1.22
7984.25,17.189999999999998,1.188
7984.5,17.66,1.202
7984.75,17.330000000000002,1.298
7985.0,17.21,1.2530000000000001
7985.25,17.029999999999998,1.058
7985.5,16.91,1.164
7985.75,17.13,1.435
7986.0,10.57,0.9079999999999999
7986.25,7.797,0.345
7986.5,5.467,0.33699999999999997
7986.75,4.415,0.417
7987.0,4.353999999999999,0.381
7987.25,5.215,0.389
7987.5,5.1899999999999995,0.389
7987.75,5.184,0.368
7988.0,5.127000000000001,0.32599999999999996
7988.25,5.177,0.323
7988.5,5.504,0.32199999999999995
7988.75,5.42,0.517
7989.0,5.242999999999999,0.49
7989.25,5.157,0.398
7989.5,5.328,0.575
7989.75,5.321,0.595
7990.0,5.222,0.549
7990.25,5.1450000000000005,0.46499999999999997
7990.5,5.2459999999999996,0.5640000000000001
7990.75,5.1129999999999995,0.537
7991.0,4.917999999999999,0.389
7991.25,5.0120000000000005,0.585
7991.5,5.055999999999999,0.507
7991.75,5.17,0.6340000000000001
7992.0,5.061000000000001,0.514
7992.25,4.926,0.42599999999999993
7992.5,4.9510000000000005,0.378
7992.75,5.022,0.538
7993.0,5.045999999999999,0.508
7993.25,4.301,0.484
7993.5,3.25,0.495
7993.75,3.153,0.377
7994.0,3.175,0.32999999999999996
7994.25,3.173,0.329
7994.5,3.1769999999999996,0.312
7994.75,3.0069999999999997,0.15
7995.0,3.102,0.261
7995.25,3.088,0.21500000000000002
7995.5,3.151,0.308
7995.75,3.004,0.15400000000000003
7996.0,3.091,0.271
7996.25,3.114,0.265
7996.5,3.112,0.25
7996.75,3.031,0.168
7997.0,3.0020000000000002,0.149
7997.25,2.9819999999999998,0.11900000000000002
7997.5,2.982,0.14699999999999996
7997.75,3.002,0.189
7998.0,2.691,0.249
7998.25,2.314,0.487
7998.5,2.173,0.405
7998.75,2.3569999999999998,0.527
7999.0,2.399,0.548
7999.25,2.38,0.6499999999999999
7999.5,2.311,0.5990000000000001
7999.75,2.297,0.5609999999999999
8000.0,2.353,0.613
8000.25,2.571,0.6930000000000001
8000.5,2.935,0.603
8000.75,2.349,0.52
8001.0,2.457,0.613
8001.25,3.16,0.6589999999999999
8001.5,4.395,0.713
8001.75,4.252,0.503
8002.0,4.327,0.605
8002.25,4.306,0.5700000000000001
8002.5,4.481999999999999,0.736
8002.75,4.324999999999999,0.56
8003.0,4.375,0.635
8003.25,4.288,0.522
8003.5,4.51,0.756
8003.75,4.426,0.666
8004.0,4.419,0.66
8004.25,4.359,0.583
8004.5,4.452,0.657
8004.75,4.653,0.704
8005.0,4.924,0.656
8005.25,4.928,0.623
8005.5,4.667,0.653
8005.75,4.901,0.774
8006.0,4.6129999999999995,0.666
8006.25,4.609,0.677
8006.5,4.5120000000000005,0.577
8006.75,4.451,0.51
8007.0,4.505,0.5710000000000001
8007.25,4.465,0.499
8007.5,4.568,0.603
8007.75,4.9799999999999995,0.484
8008.0,4.4990000000000006,0.531
8008.25,2.8820000000000006,0.5860000000000001
8008.5,2.357,0.502
8008.75,2.237,0.38699999999999996
8009.0,2.258,0.425
8009.25,2.2640000000000002,0.40499999999999997
8009.5,2.3810000000000002,0.571
8009.75,2.321,0.509
8010.0,2.286,0.493
8010.25,2.298,0.501
8010.5,2.244,0.417
8010.75,2.414,0.62
8011.0,2.308,0.446
8011.25,2.2920000000000003,0.432
8011.5,2.27,0.33899999999999997
8011.75,2.38,0.40099999999999997
8012.0,2.42,0.494
8012.25,2.386,0.507
8012.5,2.3600000000000003,0.504
8012.75,2.34,0.489
8013.0,2.4499999999999997,0.616
8013.25,2.322,0.445
8013.5,2.311,0.46799999999999997
8013.75,2.254,0.39
8014.0,2.291,0.448
8014.25,2.367,0.508
8014.5,2.3760000000000003,0.535
8014.75,2.313,0.467
8015.0,2.231,0.39099999999999996
8015.25,2.3099999999999996,0.47400000000000003
8015.5,2.269,0.423
8015.75,2.325,0.515
8016.0,2.246,0.41200000000000003
8016.25,2.229,0.374
8016.5,2.3689999999999998,0.562
8016.75,2.491,0.7330000000000001
8017.0,2.341,0.503
8017.25,2.306,0.501
8017.5,2.4130000000000003,0.609
8017.75,2.377,0.571
8018.0,2.41,0.56
8018.25,2.3449999999999998,0.43900000000000006
8018.5,2.346,0.41
8018.75,2.324,0.49
8019.0,2.551,0.758
8019.25,2.4850000000000003,0.665
8019.5,2.286,0.473
8019.75,2.276,0.47900000000000004
8020.0,2.346,0.528
8020.25,2.24,0.353
8020.5,2.42,0.629
8020.75,2.123,0.25399999999999995
8021.0,2.245,0.40599999999999997
8021.25,2.194,0.33199999999999996
8021.5,2.304,0.488
8021.75,2.216,0.403
8022.0,2.3449999999999998,0.57
8022.25,2.335,0.572
8022.5,2.702,0.593
8022.75,27.520000000000003,-1.3699999999999999
8023.0,41.599999999999994,0.902
8023.25,43.2,0.9500000000000001
8023.5,50.1,0.11099999999999999
8023.75,50.099999999999994,0.156
8024.0,51.9,0.126
8024.25,51.50000000000001,-0.327
8024.5,55.9,1.3070000000000002
8024.75,58.8,2.4
8025.0,61.8,1.875
8025.25,68.6,2.7510000000000003
8025.5,68.4,1.925
8025.75,72.3,2.429
8026.0,73.6,2.16
8026.25,75.19999999999999,3.026
8026.5,72.4,2.508
8026.75,72.4,3.12
8027.0,70.7,0.589
8027.25,70.6,0.129
8027.5,71.4,0.513
8027.75,69.8,-0.19200000000000006
8028.0,73.6,2.169
8028.25,73.0,2.673
8028.5,72.9,2.755
8028.75,69.5,0.07099999999999995
8029.0,67.4,0.275
8029.25,66.5,0.01100000000000001
8029.5,67.2,-0.365
8029.75,73.5,0.6711400000000001
8030.0,75.9,2.2729999999999997
8030.25,77.1,2.293
8030.5,76.3,2.2339
8030.75,74.6,1.6885000000000001
8031.0,75.9,2.122
8031.25,72.3,1.4959
8031.5,71.9,1.76
8031.75,68.1,0.5209999999999999
8032.0,62.6,-1.2140000000000002
8032.25,63.2,-0.9783000000000001
8032.5,62.2,-1.306
8032.75,61.900000000000006,-0.10600000000000004
8033.0,63.099999999999994,2.019
8033.25,61.699999999999996,2.067
8033.5,60.9,1.8780000000000001
8033.75,60.6,1.7970000000000002
8034.0,55.89999999999999,1.4879
8034.25,49.0,2.078
8034.5,43.3,3.5970000000000004
8034.75,40.5,1.954
8035.0,36.2,1.3
8035.25,35.2,1.379
8035.5,35.3,1.276
8035.75,32.31,1.593
8036.0,23.339999999999996,0.6539999999999999
8036.25,20.86,0.5860000000000001
8036.5,18.69,0.742
8036.75,12.67,0.787
8037.0,6.77,0.37599999999999995
8037.25,5.57,0.5900000000000001
8037.5,5.332000000000001,0.37799999999999995
8037.75,5.487,0.5479999999999999
8038.0,5.436999999999999,0.45
8038.25,5.5520000000000005,0.612
8038.5,5.49,0.5329999999999999
8038.75,5.289,0.348
8039.0,5.396999999999999,0.47700000000000004
8039.25,5.515000000000001,0.718
8039.5,5.418,0.719
8039.75,5.3229999999999995,0.598
8040.0,5.382,0.6990000000000001
8040.25,5.2219999999999995,0.531
8040.5,5.359,0.702
8040.75,5.151000000000001,0.538
8041.0,5.037000000000001,0.384
8041.25,5.05,0.42100000000000004
8041.5,5.069999999999999,0.45999999999999996
8041.75,4.931,0.514
8042.0,3.18,0.284
8042.25,3.18,0.30800000000000005
8042.5,3.14,0.23999999999999996
8042.75,3.215,0.18600000000000003
8043.0,3.3100000000000005,0.282
8043.25,3.3499999999999996,0.528
8043.5,3.2119999999999997,0.351
8043.75,3.3200000000000003,0.5229999999999999
8044.0,3.26,0.376
8044.25,3.299,0.43300000000000005
8044.5,3.137,0.244
8044.75,3.187,0.32500000000000007
8045.0,3.064,0.16399999999999992
8045.25,3.3,0.476
8045.5,3.1950000000000003,0.381
8045.75,2.642,0.389
8046.0,2.264,0.34390000000000004
8046.25,2.286,0.35039999999999993
8046.5,4.1899999999999995,0.27
8046.75,26.599999999999998,-2.71
8047.0,38.9,-2.2800000000000002
8047.25,43.8,-2.5400000000000005
8047.5,44.1,-2.71
8047.75,44.6,-2.246
8048.0,52.3,-0.02400000000000002
8048.25,54.400000000000006,-0.09199999999999997
8048.5,57.2,-0.541
8048.75,63.699999999999996,1.722
8049.0,70.30000000000001,2.716
8049.25,72.1,2.989
8049.5,75.89999999999999,2.484
8049.75,77.4,2.185
8050.0,78.0,2.647
8050.25,76.4,1.8390499999999999
8050.5,78.1,2.488
8050.75,77.2,1.764
8051.0,73.8,0.895
8051.25,72.8,-0.2539999999999999
8051.5,73.1,0.007000000000000006
8051.75,72.3,0.18400000000000005
8052.0,70.8,0.245
8052.25,72.5,0.34700000000000003
8052.5,71.9,0.532
8052.75,71.6,0.7678
8053.0,70.6,0.362
8053.25,69.80000000000001,0.37000000000000005
8053.5,69.1,0.19300000000000006
8053.75,69.0,0.4800000000000001
8054.0,69.0,0.2511
8054.25,69.8,0.2198
8054.5,71.0,-0.1650999999999999
8054.75,72.4,-0.15739999999999998
8055.0,72.3,-0.5359999999999999
8055.25,72.30000000000001,-0.3660000000000001
8055.5,71.0,-0.2539999999999999
8055.75,71.7,-0.07000000000000006
8056.0,71.19999999999999,-0.049329999999999985
8056.25,66.9,-0.327
8056.5,65.69999999999999,-0.06270000000000003
8056.75,66.0,0.09100000000000003
8057.0,62.0,0.02260000000000001
8057.25,55.9,0.8009999999999999
8057.5,54.099999999999994,0.31610000000000005
8057.75,54.2,0.07200000000000006
8058.0,54.99999999999999,-0.14200000000000013
8058.25,51.6,0.29
8058.5,50.3,0.55
8058.75,48.0,1.0859999999999999
8059.0,45.599999999999994,0.709
8059.25,42.3,0.887
8059.5,40.599999999999994,0.736
8059.75,36.5,1.196
8060.0,18.55,0.5479999999999999
8060.25,15.41,0.5820000000000001
8060.5,13.9,0.807
8060.75,12.129999999999999,0.37899999999999995
8061.0,8.546,0.24200000000000005
8061.25,8.916,0.03899999999999998
8061.5,9.177999999999999,0.12100000000000002
8061.75,8.945,0.12009999999999998
8062.0,6.839,0.506
8062.25,6.191999999999999,0.476
8062.5,6.031,0.33699999999999997
8062.75,5.522,0.3
8063.0,4.1450000000000005,0.53
8063.25,4.103,0.466
8063.5,3.9829999999999997,0.303
8063.75,3.816,0.203
8064.0,3.973,0.26260000000000006
8064.25,3.886,0.159
8064.5,3.79,0.09019999999999995
8064.75,3.961,0.239
8065.0,3.888,0.14900000000000005
8065.25,3.8819999999999997,0.17899999999999994
8065.5,3.798,0.1527
8065.75,3.9469999999999996,0.19799999999999998
8066.0,3.957,0.23800000000000002
8066.25,3.992,0.291
8066.5,3.834,0.216
8066.75,4.024,0.333
8067.0,4.013,0.33699999999999997
8067.25,3.921,0.242
8067.5,3.959,0.366
8067.75,3.945,0.318
8068.0,4.116,0.348
8068.25,4.045,0.157
8068.5,4.142,0.5449999999999999
8068.75,3.965,0.31700000000000006
8069.0,3.952,0.39299999999999996
8069.25,3.926,0.31700000000000006
8069.5,3.8609999999999998,0.19699999999999995
8069.75,2.831,0.32999999999999996
8070.0,2.533,0.2807
8070.25,2.339,0.339
8070.5,2.4080000000000004,0.37
8070.75,4.816,0.39
8071.0,8.48,0.6930000000000001
8071.25,13.629999999999999,0.917
8071.5,15.7,0.7310000000000001
8071.75,18.060000000000002,1.069
8072.0,20.759999999999998,1.161
8072.25,22.060000000000002,0.849
8072.5,22.160000000000004,0.32199999999999995
8072.75,22.41,0.23999999999999996
8073.0,28.22,-0.5409999999999999
8073.25,30.72,-0.524
8073.5,31.75,-0.5589999999999999
8073.75,35.2,-0.511
8074.0,36.7,-0.32700000000000007
8074.25,36.7,-0.14000000000000007
8074.5,37.3,-0.318
8074.75,36.3,-0.521
8075.0,35.3,-0.525
8075.25,35.900000000000006,-0.653
8075.5,35.8,-0.19700000000000006
8075.75,35.5,-0.15200000000000002
8076.0,37.400000000000006,0.3204
8076.25,37.6,0.04599999999999993
8076.5,36.199999999999996,0.286
8076.75,36.300000000000004,0.6957
8077.0,33.2,0.267
8077.25,31.479999999999997,-0.22899999999999998
8077.5,32.55,0.8924000000000001
8077.75,28.27,-0.08400000000000007
8078.0,25.14,-0.42299999999999993
8078.25,24.97,-0.31900000000000006
8078.5,25.25,-0.374
8078.75,26.009999999999998,-0.15100000000000002
8079.0,25.75,-0.08100000000000007
8079.25,27.16,-0.491
8079.5,27.18,-0.523
8079.75,27.16,-0.33000000000000007
8080.0,27.0,-0.22799999999999987
8080.25,27.21,-0.32699999999999996
8080.5,27.560000000000002,1.5603
8080.75,28.919999999999998,2.584
8081.0,28.659999999999997,2.591
8081.25,28.369999999999997,2.442
8081.5,28.14,2.4699999999999998
8081.75,26.47,2.515
8082.0,25.13,2.596
8082.25,18.86,0.2889999999999999
8082.5,17.52,0.603
8082.75,14.09,0.954
8083.0,14.5,1.153
8083.25,14.229999999999999,1.053
8083.5,14.28,1.018
8083.75,14.14,0.92
8084.0,14.04,0.865
8084.25,14.059999999999999,0.867
8084.5,14.530000000000001,1.262
8084.75,10.37,0.7650000000000001
8085.0,5.073,0.16199999999999998
8085.25,5.149,0.302
8085.5,4.951,0.12570000000000003
8085.75,5.237,0.49999999999999994
8086.0,5.066000000000001,0.39
8086.25,5.097,0.448
8086.5,4.941000000000001,0.21109999999999998
8086.75,5.036,0.365
8087.0,5.035,0.42899999999999994
8087.25,3.6289999999999996,0.345
8087.5,3.173,0.40299999999999997
8087.75,3.136,0.371
8088.0,3.173,0.439
8088.25,3.018,0.218
8088.5,3.06,0.32099999999999995
8088.75,2.87,0.03400000000000003
8089.0,2.9419999999999997,0.1385
8089.25,3.036,0.2466
8089.5,3.09,0.341
8089.75,2.963,0.16720000000000002
8090.0,2.916,0.10299999999999998
8090.25,2.9450000000000003,0.08532999999999996
8090.5,3.032,0.1996
8090.75,3.031,0.208
8091.0,2.92,0.0751
8091.25,3.04,0.15999999999999998
8091.5,3.124,0.29600000000000004
8091.75,3.253,0.476
8092.0,3.0020000000000002,0.19430000000000003
8092.25,3.0629999999999997,0.32299999999999995
8092.5,3.0,0.21159999999999995
8092.75,2.977,0.16799999999999998
8093.0,3.076,0.275
8093.25,2.8810000000000002,0.14329999999999998
8093.5,2.944,0.14129999999999998
8093.75,2.951,0.09910999999999998
8094.0,2.348,0.43599999999999994
8094.25,2.2409999999999997,0.399
8094.5,2.172,0.3145
8094.75,4.382,0.23600000000000002
8095.0,10.99,1.453
8095.25,12.959999999999999,1.183
8095.5,16.060000000000002,0.91
8095.75,19.43,0.7846
8096.0,26.889999999999997,-0.8310000000000001
8096.25,28.35,-1.465
8096.5,27.8,-1.8009999999999997
8096.75,30.09,-0.18900000000000006
8097.0,32.5,1.175
8097.25,33.410000000000004,0.694
8097.5,34.19,1.398
8097.75,33.79,1.2771000000000001
8098.0,37.0,2.096
8098.25,38.0,2.468
8098.5,38.7,2.447
8098.75,39.099999999999994,2.31
8099.0,34.25,-0.32999999999999996
8099.25,34.55,-0.285
8099.5,33.95,-0.08800000000000002
8099.75,35.2,-0.34500000000000003
8100.0,34.160000000000004,-0.615
8100.25,34.28,-0.5609999999999999
8100.5,33.55,-0.55
8100.75,34.349999999999994,-0.44600000000000006
8101.0,32.99,-0.7799999999999998
8101.25,31.57,-1.037
8101.5,32.17,-0.7749999999999999
8101.75,34.5,0.354
8102.0,35.7,1.848
8102.25,35.6,1.668
8102.5,34.8,0.9670000000000001
8102.75,39.0,1.483
8103.0,38.7,1.1705
8103.25,37.9,1.79
8103.5,29.189999999999998,1.2999999999999998
8103.75,26.05,0.038000000000000034
8104.0,25.36,0.061000000000000054
8104.25,25.42,0.19199999999999995
8104.5,25.32,0.027999999999999914
8104.75,20.55,0.593
8105.0,17.93,0.7489999999999999
8105.25,19.56,2.28
8105.5,20.56,4.101
8105.75,19.76,3.513
8106.0,20.64,4.351
8106.25,20.08,3.798
8106.5,16.15,1.174
8106.75,16.82,0.923
8107.0,15.92,0.8170000000000001
8107.25,15.45,0.8089999999999999
8107.5,15.27,0.9480000000000001
8107.75,14.38,0.8560000000000001
8108.0,14.57,1.107
8108.25,14.530000000000001,1.1179999999999999
8108.5,14.27,1.137
8108.75,12.84,0.886
8109.0,5.883,0.23319999999999996
8109.25,5.674,0.33299999999999996
8109.5,5.728,0.32470000000000004
8109.75,5.844,0.388
8110.0,5.384,0.2575
8110.25,5.523,0.366
8110.5,5.678,0.443
8110.75,5.6290000000000004,0.503
8111.0,4.261,0.388
8111.25,3.31,0.2722
8111.5,3.431,0.366
8111.75,3.451,0.1987
8112.0,3.5980000000000003,0.384
8112.25,3.239,0.133
8112.5,3.4829999999999997,0.38170000000000004
8112.75,3.414,0.2922
8113.0,3.3989999999999996,0.305
8113.25,3.407,0.42839999999999995
8113.5,3.2239999999999998,0.187
8113.75,3.1710000000000003,0.17100000000000004
8114.0,3.2560000000000002,0.3154
8114.25,3.301,0.33699999999999997
8114.5,3.234,0.364
8114.75,3.3679999999999994,0.403
8115.0,3.117,0.24619999999999997
8115.25,3.3300000000000005,0.406
8115.5,3.332,0.41000000000000003
8115.75,3.292,0.404
8116.0,3.18,0.263
8116.25,3.132,0.23190000000000002
8116.5,3.2030000000000003,0.35300000000000004
8116.75,3.169,0.30699999999999994
8117.0,3.201,0.34800000000000003
8117.25,2.976,0.14800000000000002
8117.5,3.12,0.35729999999999995
8117.75,2.482,0.2721
8118.0,2.178,0.457
8118.25,1.895,0.241
8118.5,2.051,0.489
8118.75,13.29,1.031
8119.0,36.53,-2.0700000000000003
8119.25,37.400000000000006,-2.1
8119.5,39.900000000000006,-2.6399999999999997
8119.75,43.0,-2.82
8120.0,42.0,-2.87
8120.25,43.3,-2.69
8120.5,45.5,-3.22
8120.75,55.8,-1.4749999999999999
8121.0,58.400000000000006,-1.604
8121.25,59.699999999999996,-1.8370000000000002
8121.5,60.3,-1.6139999999999999
8121.75,59.5,-1.7510000000000001
8122.0,64.4,-1.3920000000000001
8122.25,61.900000000000006,-3.7300000000000004
8122.5,67.7,-1.7309999999999999
8122.75,67.6,-1.3089999999999997
8123.0,65.6,-1.016
8123.25,67.19999999999999,-1.23
8123.5,67.5,-1.329
8123.75,66.80000000000001,-1.178
8124.0,69.9,-0.699
8124.25,66.3,0.05500000000000005
8124.5,68.5,0.23299999999999998
8124.75,73.4,2.8810000000000002
8125.0,74.1,3.203
8125.25,76.3,2.683
8125.5,80.7,4.0
8125.75,78.69999999999999,3.0940000000000003
8126.0,79.4,3.8280000000000003
8126.25,80.0,3.8600000000000003
8126.5,76.7,3.3390000000000004
8126.75,76.5,3.82
8127.0,75.6,3.5580000000000003
8127.25,74.0,3.332
8127.5,75.1,3.8689999999999998
8127.75,73.5,3.96
8128.0,72.7,3.695
8128.25,73.1,3.2199999999999998
8128.5,70.9,4.34
8128.75,68.5,4.192
8129.0,61.1,1.88367
8129.25,57.099999999999994,0.8200000000000001
8129.5,56.0,1.322
8129.75,55.5,1.317
8130.0,52.7,1.268
8130.25,35.7,1.8410000000000002
8130.5,32.989999999999995,2.349
8130.75,35.8,2.149
8131.0,35.8,2.239
8131.25,33.4,1.991
8131.5,31.47,1.9460000000000002
8131.75,20.72,0.23600000000000004
8132.0,14.489999999999998,1.584
8132.25,14.330000000000002,1.6789999999999998
8132.5,14.149999999999999,1.584
8132.75,8.4,0.9079999999999999
8133.0,5.897,0.574
8133.25,5.9399999999999995,0.667
8133.5,5.768,0.446
8133.75,5.688,0.44099999999999995
8134.0,5.49,0.5569999999999999
8134.25,5.463,0.5389999999999999
8134.5,5.489,0.557
8134.75,5.295999999999999,0.535
8135.0,5.336,0.5989
8135.25,5.3,0.4412
8135.5,5.43,0.489
8135.75,5.047,0.5900000000000001
8136.0,4.827999999999999,0.6689999999999999
8136.25,4.686999999999999,0.4622
8136.5,4.811999999999999,0.6090000000000001
8136.75,4.768,0.533
8137.0,4.958,0.8180000000000001
8137.25,4.867999999999999,0.756
8137.5,4.819,0.70782
8137.75,3.328,0.5609999999999999
8138.0,3.0140000000000002,0.524
8138.25,2.799,0.30200000000000005
8138.5,2.9360000000000004,0.485
8138.75,2.8739999999999997,0.41100000000000003
8139.0,3.0730000000000004,0.651
8139.25,3.02,0.5840000000000001
8139.5,2.8020000000000005,0.2838
8139.75,2.9299999999999997,0.481
8140.0,2.9240000000000004,0.43800000000000006
8140.25,3.02,0.534
8140.5,2.936,0.41200000000000003
8140.75,2.8230000000000004,0.2851
8141.0,2.806,0.2923
8141.25,2.912,0.3165
8141.5,3.0749999999999997,0.485
8141.75,2.83,0.2752
8142.0,2.148,0.672
8142.25,2.106,0.7080000000000001
8142.5,2.103,0.724
8142.75,4.551,0.663
8143.0,5.311,0.711
8143.25,5.019,0.708
8143.5,4.742999999999999,0.5960000000000001
8143.75,4.8660000000000005,0.72
8144.0,4.8709999999999996,0.68
8144.25,6.44,0.94
8144.5,12.98,1.7650000000000001
8144.75,13.120000000000001,1.616
8145.0,13.09,1.475
8145.25,13.72,1.709
8145.5,13.34,1.5139999999999998
8145.75,13.400000000000002,1.548
8146.0,13.33,1.361
8146.25,13.68,1.637
8146.5,13.75,1.464
8146.75,13.75,1.286
8147.0,13.98,1.354
8147.25,13.98,1.174
8147.5,14.280000000000001,1.3820000000000001
8147.75,14.09,1.1400000000000001
8148.0,14.17,1.267
8148.25,14.21,1.217
8148.5,14.43,1.438
8148.75,14.329999999999998,1.101
8149.0,14.830000000000002,1.559
8149.25,15.02,1.2870000000000001
8149.5,14.860000000000001,1.409
8149.75,14.88,1.601
8150.0,14.85,1.4809999999999999
8150.25,14.83,1.702
8150.5,14.71,1.645
8150.75,14.67,1.62
8151.0,14.989999999999998,1.4389999999999998
8151.25,14.73,1.516
8151.5,14.650000000000002,1.391
8151.75,14.64,1.4360000000000002
8152.0,14.86,1.5379999999999998
8152.25,14.83,1.621
8152.5,14.58,1.516
8152.75,9.92,1.026
8153.0,5.9239999999999995,0.478
8153.25,6.2,0.394
8153.5,2.849,0.5589999999999999
8153.75,2.8040000000000003,0.46399999999999997
8154.0,2.802,0.544
8154.25,2.691,0.446
8154.5,2.713,0.451
8154.75,2.842,0.601
8155.0,2.7009999999999996,0.392
8155.25,2.746,0.489
8155.5,2.582,0.2744
8155.75,2.82,0.524
8156.0,2.865,0.567
8156.25,2.836,0.534
8156.5,2.807,0.534
8156.75,2.693,0.371
8157.0,2.696,0.402
8157.25,2.842,0.516
8157.5,2.891,0.626
8157.75,2.8,0.476
8158.0,2.7489999999999997,0.46499999999999997
8158.25,2.891,0.581
8158.5,2.7969999999999997,0.44099999999999995
8158.75,2.9610000000000003,0.714
8159.0,2.857,0.614
8159.25,2.819,0.5900000000000001
8159.5,2.744,0.449
8159.75,2.878,0.614
8160.0,2.9080000000000004,0.589
8160.25,2.83,0.611
8160.5,2.982,0.823
8160.75,2.677,0.41300000000000003
8161.0,2.836,0.567
8161.25,2.718,0.397
8161.5,2.825,0.577
8161.75,2.772,0.501
8162.0,2.847,0.6360000000000001
8162.25,2.8339999999999996,0.5630000000000001
8162.5,2.953,0.665
8162.75,2.814,0.578
8163.0,2.674,0.399
8163.25,2.7760000000000002,0.548
8163.5,2.79,0.48
8163.75,2.9410000000000003,0.7130000000000001
8164.0,2.762,0.484
8164.25,2.811,0.513
8164.5,2.7270000000000003,0.34600000000000003
8164.75,2.8739999999999997,0.623
8165.0,2.883,0.641
8165.25,2.896,0.669
8165.5,2.768,0.5429999999999999
8165.75,2.7140000000000004,0.497
8166.0,2.9290000000000003,0.74
8166.25,2.782,0.505
8166.5,2.78,0.506
8166.75,2.55,0.19632999999999998
8167.0,2.552,0.48549999999999993
8167.25,2.142,0.634
8167.5,2.289,0.832
8167.75,2.379,0.956
8168.0,2.303,0.694
8168.25,2.113,0.5940000000000001
8168.5,2.209,0.695
8168.75,2.277,0.702
8169.0,2.28,0.732
8169.25,2.278,0.8109999999999999
8169.5,2.306,0.87612
8169.75,2.264,0.8059999999999999
8170.0,2.302,0.8
8170.25,2.206,0.638
8170.5,2.243,0.826
8170.75,2.1790000000000003,0.7310000000000001
8171.0,2.557,0.78
8171.25,2.592,0.765
8171.5,2.362,0.873
8171.75,3.565,0.88588
8172.0,4.558,0.8663
8172.25,4.489,0.8450000000000001
8172.5,4.601,0.742
8172.75,4.582,0.86
8173.0,4.619,0.895
8173.25,4.537,0.857
8173.5,4.65,0.968
8173.75,4.534,0.765
8174.0,4.665,0.9417300000000001
8174.25,4.497,0.7170000000000001
8174.5,6.7829999999999995,0.979
8174.75,6.9879999999999995,1.1258
8175.0,6.935,1.084
8175.25,6.089,1.04
8175.5,4.618,0.765
8175.75,4.672,0.819
8176.0,4.5649999999999995,0.972
8176.25,4.515,0.8984000000000001
8176.5,4.574,0.9564999999999999
8176.75,4.417999999999999,0.8472000000000001
8177.0,4.368,0.798
8177.25,4.534,0.8045100000000001
8177.5,4.616,1.116
8177.75,4.517,0.9582999999999999
8178.0,4.548,1.0356
8178.25,4.427,0.9199
8178.5,4.283,0.8299000000000001
8178.75,4.3759999999999994,1.0084
8179.0,5.037,0.7767999999999999
8179.25,5.412,0.8580000000000001
8179.5,5.197,0.6419999999999999
8179.75,5.094,0.524
8180.0,5.102,0.653
8180.25,5.1,0.61172
8180.5,5.214,0.7110000000000001
8180.75,5.569,0.7303999999999999
8181.0,5.243,0.8360000000000001
8181.25,5.087,0.712
8181.5,5.064,0.579
8181.75,5.181,0.734
8182.0,5.022,0.58
8182.25,5.0009999999999994,0.5640000000000001
8182.5,5.16,0.655
8182.75,5.111000000000001,0.704
8183.0,5.242,0.9526
8183.25,5.07,0.745
8183.5,5.051,0.786
8183.75,5.0,0.7260000000000001
8184.0,4.9959999999999996,0.716
8184.25,4.981,0.723
8184.5,4.952,0.6795
8184.75,4.983999999999999,0.728
8185.0,4.847,0.525
8185.25,5.041,0.752
8185.5,2.966,0.604
8185.75,3.008,0.698
8186.0,2.808,0.40900000000000003
8186.25,2.755,0.36
8186.5,2.8200000000000003,0.431
8186.75,2.8930000000000002,0.501
8187.0,2.963,0.63
8187.25,2.9709999999999996,0.635
8187.5,2.925,0.591
8187.75,2.86,0.498
8188.0,2.795,0.353
8188.25,2.823,0.373
8188.5,2.82,0.33599999999999997
8188.75,2.997,0.505
8189.0,2.864,0.395
8189.25,2.884,0.459
8189.5,2.927,0.507
8189.75,2.3890000000000002,0.65
8190.0,2.113,0.645
8190.25,2.0970000000000004,0.619
8190.5,2.398,0.642
8190.75,8.540000000000001,0.454
8191.0,18.549999999999997,0.746
8191.25,22.61,0.59
8191.5,42.9,-1.036
8191.75,50.7,-0.601
8192.0,52.3,-0.6290000000000001
8192.25,54.400000000000006,0.03200000000000014
8192.5,56.900000000000006,-0.11899999999999988
8192.75,60.0,0.622
8193.0,66.4,2.7350000000000003
8193.25,69.30000000000001,2.987
8193.5,69.3,2.686
8193.75,70.60000000000001,2.5060000000000002
8194.0,72.39999999999999,2.434
8194.25,72.2,2.387
8194.5,73.0,1.929
8194.75,71.9,1.769
8195.0,69.6,1.3519999999999999
8195.25,74.0,0.682
8195.5,74.2,0.8820000000000001
8195.75,72.9,0.8879999999999999
8196.0,71.5,1.577
8196.25,73.9,1.355
8196.5,76.0,1.341
8196.75,74.30000000000001,0.1160000000000001
8197.0,72.0,-0.7070000000000001
8197.25,73.3,-0.934
8197.5,73.0,-1.513
8197.75,69.89999999999999,0.1100000000000001
8198.0,73.8,1.5130000000000001
8198.25,75.8,1.867
8198.5,72.30000000000001,1.605
8198.75,73.4,1.2752
8199.0,73.0,0.5850000000000001
8199.25,72.30000000000001,0.8831
8199.5,70.9,0.07689999999999997
8199.75,70.7,-0.08200000000000002
8200.0,65.89999999999999,1.322
8200.25,64.8,1.428
8200.5,62.300000000000004,1.281
8200.75,56.3,1.69
8201.0,57.6,4.5200000000000005
8201.25,56.7,4.315
8201.5,49.7,4.4719999999999995
8201.75,45.9,5.01
8202.0,34.4,3.1020000000000003
8202.25,31.96,2.9269999999999996
8202.5,30.590000000000003,2.3520000000000003
8202.75,28.93,2.70714
8203.0,19.939999999999998,0.85
8203.25,17.13,1.196
8203.5,16.659999999999997,0.919
8203.75,17.259999999999998,1.2920000000000003
8204.0,17.24,1.27
8204.25,16.979999999999997,1.2510000000000001
8204.5,14.86,1.166
8204.75,11.32,0.647
8205.0,6.35,0.443
8205.25,6.5,0.40299999999999997
8205.5,6.8,0.5569999999999999
8205.75,6.670000000000001,0.514
8206.0,6.62,0.397
8206.25,6.3999999999999995,0.34500000000000003
8206.5,4.71,0.193
8206.75,4.79,0.518
8207.0,4.39,0.352
8207.25,4.460000000000001,0.5980000000000001
8207.5,4.36,0.419
8207.75,4.53,0.446
8208.0,4.48,0.489
8208.25,3.97,0.33499999999999996
8208.5,4.12,0.264
8208.75,3.99,0.265
8209.0,4.29,0.471
8209.25,4.29,0.48500000000000004
8209.5,4.2700000000000005,0.44500000000000006
8209.75,4.04,0.38
8210.0,4.17,0.4169999999999999
8210.25,4.12,0.4
8210.5,4.26,0.399
8210.75,4.25,0.32899999999999996
8211.0,4.24,0.35100000000000003
8211.25,4.109999999999999,0.49300000000000005
8211.5,4.26,0.417
8211.75,4.09,0.532
8212.0,4.02,0.252
8212.25,3.99,0.41500000000000004
8212.5,4.02,0.476
8212.75,3.9699999999999998,0.31799999999999995
8213.0,4.07,0.46699999999999997
8213.25,2.974,0.234
8213.5,3.2649999999999997,0.639
8213.75,2.984,0.45699999999999996
8214.0,2.896,0.6319999999999999
8214.25,2.8739999999999997,0.654
8214.5,2.85,0.51
8214.75,8.16,0.32000000000000006
8215.0,16.04,-0.4195
8215.25,20.53,-0.70108
8215.5,38.099999999999994,-2.56
8215.75,38.83,-2.75
8216.0,39.3,-2.77
8216.25,40.5,-2.8400000000000003
8216.5,41.1,-2.89
8216.75,46.3,-1.8666
8217.0,56.4,-0.898
8217.25,58.6,-0.968
8217.5,58.9,-1.373
8217.75,59.5,-0.6250000000000001
8218.0,58.400000000000006,-0.45500000000000007
8218.25,58.1,-0.787
8218.5,56.400000000000006,-1.5558
8218.75,54.900000000000006,-1.505
8219.0,54.89999999999999,-0.996
8219.25,54.50000000000001,-1.141
8219.5,55.5,-1.5
8219.75,51.6,-2.5199999999999996
8220.0,51.89999999999999,-2.6
8220.25,51.7,-2.4699999999999998
8220.5,52.1,-2.69
8220.75,51.400000000000006,-2.39
8221.0,52.1,-2.9400000000000004
8221.25,50.3,-3.8600000000000003
8221.5,48.9,-4.07
8221.75,47.5,-4.25
8222.0,48.4,-4.31
8222.25,49.8,-4.359999999999999
8222.5,51.900000000000006,-4.07
8222.75,51.2,-3.97
8223.0,51.8,-3.7199999999999998
8223.25,51.2,-3.55
8223.5,51.8,-3.5999999999999996
8223.75,49.599999999999994,-3.73
8224.0,49.400000000000006,-3.9000000000000004
8224.25,48.0,-3.82
8224.5,47.7,-3.7499999999999996
8224.75,47.1,-2.8699999999999997
8225.0,46.199999999999996,-2.36
8225.25,45.7,-2.1
8225.5,41.8,-1.792
8225.75,35.489999999999995,-0.58898
8226.0,23.16,0.981
8226.25,17.240000000000002,0.8240000000000001
8226.5,16.11,0.495
8226.75,17.19,0.661
8227.0,17.29,0.8959999999999999
8227.25,16.6,0.5838999999999999
8227.5,16.869999999999997,0.7089999999999999
8227.75,14.849999999999998,0.548
8228.0,13.88,0.7859999999999999
8228.25,14.16,0.81
8228.5,13.86,0.6679999999999999
8228.75,12.98,0.529
8229.0,6.551,-0.331
8229.25,7.814000000000001,-0.09300000000000008
8229.5,7.241,-0.363
8229.75,7.241,-0.335
8230.0,7.254,-0.342
8230.25,7.386,-0.1700000000000001
8230.5,7.180000000000001,-0.30100000000000005
8230.75,7.025,-0.31899999999999995
8231.0,7.0840000000000005,-0.10300000000000009
8231.25,6.97,-0.26699999999999996
8231.5,7.099,-0.11799999999999994
8231.75,6.934,-0.23600000000000004
8232.0,7.015000000000001,-0.14300000000000007
8232.25,6.952999999999999,-0.17699999999999994
8232.5,7.104,0.05499999999999999
8232.75,6.914,-0.182
8233.0,6.968999999999999,-0.15600000000000003
8233.25,6.866,-0.21499999999999997
8233.5,5.35,-0.42600000000000005
8233.75,4.889,-0.45200000000000007
8234.0,4.954,-0.3840000000000001
8234.25,5.018,-0.319
8234.5,5.056,-0.24099999999999994
8234.75,4.9990000000000006,-0.30299999999999994
8235.0,5.010000000000001,-0.261
8235.25,4.895,-0.464
8235.5,5.066999999999999,-0.30399999999999994
8235.75,4.938999999999999,-0.419
8236.0,5.041,-0.256
8236.25,4.875,-0.4860000000000001
8236.5,5.0600000000000005,-0.24099999999999994
8236.75,5.0360000000000005,-0.32999999999999996
8237.0,5.089,-0.34099999999999997
8237.25,5.037,-0.29799999999999993
8237.5,4.969,-0.40800000000000003
8237.75,5.064,-0.21700000000000008
8238.0,4.286,-0.07100000000000006
8238.25,4.242,-0.08599999999999997
8238.5,4.09,-0.1389999999999999
8238.75,6.181,-0.21299999999999997
8239.0,13.98,-0.5104
8239.25,23.73,-2.01
8239.5,34.7,-3.2199999999999998
8239.75,38.2,-3.88
8240.0,39.0,-4.26
8240.25,38.7,-4.66
8240.5,43.2,-4.33
8240.75,45.2,-4.32
8241.0,46.3,-4.53
8241.25,48.8,-4.47
8241.5,48.0,-4.59
8241.75,48.400000000000006,-4.6
8242.0,47.60000000000001,-4.7
8242.25,48.39999999999999,-4.7
8242.5,45.199999999999996,-4.390000000000001
8242.75,46.7,-4.79
8243.0,46.9,-4.800000000000001
8243.25,45.800000000000004,-4.89
8243.5,44.900000000000006,-4.7
8243.75,44.6,-4.43
8244.0,44.9,-4.22
8244.25,46.3,-2.83
8244.5,49.300000000000004,-1.107
8244.75,47.4,-2.273
8245.0,44.800000000000004,-3.9699999999999998
8245.25,45.6,-4.19
8245.5,44.7,-4.17
8245.75,46.10000000000001,-4.24
8246.0,44.6,-4.61
8246.25,43.3,-4.62
8246.5,43.4,-4.91
8246.75,41.3,-4.79
8247.0,42.900000000000006,-4.74
8247.25,41.7,-4.54
8247.5,39.7,-4.1899999999999995
8247.75,40.300000000000004,-3.9699999999999998
8248.0,39.9,-3.8200000000000003
8248.25,39.3,-3.9299999999999997
8248.5,40.4,-4.14
8248.75,40.8,-3.9999999999999996
8249.0,41.599999999999994,-2.69
8249.25,43.1,-1.1219999999999999
8249.5,39.3,-1.424
8249.75,31.23,0.788
8250.0,22.939999999999998,1.5999999999999999
8250.25,23.34,2.583
8250.5,22.44,1.888
8250.75,20.61,1.5540000000000003
8251.0,16.84,-0.36399999999999993
8251.25,16.42,-0.255
8251.5,13.260000000000002,0.25499999999999995
8251.75,10.32,0.722
8252.0,9.969999999999999,0.5700000000000001
8252.25,9.49,0.5109999999999999
8252.5,9.28,0.6459999999999999
8252.75,8.83,0.579
8253.0,4.359999999999999,0.128
8253.25,4.17,0.097
8253.5,4.11,0.188
8253.75,3.92,0.121
8254.0,4.18,0.354
8254.25,4.15,0.308
8254.5,4.07,0.35100000000000003
8254.75,4.24,0.32899999999999996
8255.0,4.48,0.38
8255.25,4.43,0.346
8255.5,4.18,0.45299999999999996
8255.75,4.18,0.496
8256.0,3.99,0.38
8256.25,4.13,0.411
8256.5,4.16,0.413
8256.75,4.1,0.41
8257.0,4.02,0.34400000000000003
8257.25,4.06,0.348
8257.5,4.08,0.329
8257.75,3.9299999999999997,0.355
8258.0,4.21,0.501
8258.25,3.91,0.27
8258.5,4.140000000000001,0.40299999999999997
8258.75,3.92,0.22799999999999998
8259.0,3.96,0.403
8259.25,3.9899999999999998,0.293
8259.5,4.05,0.37
8259.75,3.9899999999999998,0.21999999999999997
8260.0,3.9699999999999998,0.197
8260.25,3.8999999999999995,0.08799999999999997
8260.5,4.08,0.258
8260.75,4.24,0.606
8261.0,4.109999999999999,0.408
8261.25,4.2,0.521
8261.5,4.03,0.36000000000000004
8261.75,3.2830000000000004,0.485
8262.0,3.328,0.7669999999999999
8262.25,2.732,0.5840000000000001
8262.5,2.762,0.6460000000000001
8262.75,5.13,0.153
8263.0,10.97,-0.6165
8263.25,14.39,-1.26
8263.5,29.869999999999997,-3.24
8263.75,33.2,-3.53
8264.0,33.6,-3.52
8264.25,35.5,-3.6399999999999997
8264.5,37.2,-3.5300000000000002
8264.75,43.2,-0.9714
8265.0,44.5,-0.7679999999999998
8265.25,43.599999999999994,-1.4329999999999998
8265.5,46.5,-1.9
8265.75,47.400000000000006,-1.87
8266.0,43.3,-3.26
8266.25,43.3,-3.3200000000000003
8266.5,45.5,-3.68
8266.75,44.400000000000006,-3.7
8267.0,44.2,-3.9000000000000004
8267.25,45.3,-3.8000000000000003
8267.5,45.5,-4.1
8267.75,45.099999999999994,-3.87
8268.0,45.4,-3.65
8268.25,44.7,-3.89
8268.5,46.6,-3.6
8268.75,48.0,-3.86
8269.0,49.9,-3.9000000000000004
8269.25,60.9,-3.062
8269.5,64.4,-2.7268999999999997
8269.75,62.5,-3.0600000000000005
8270.0,62.5,-1.846
8270.25,65.0,-0.7500000000000002
8270.5,67.2,-0.8299999999999998
8270.75,66.0,-2.6499999999999995
8271.0,63.89999999999999,-2.74
8271.25,64.1,-2.3400000000000003
8271.5,61.699999999999996,-2.75
8271.75,61.900000000000006,-2.9
8272.0,63.7,-2.44
8272.25,62.39999999999999,-2.13
8272.5,58.099999999999994,-2.4499999999999997
8272.75,53.900000000000006,-2.3000000000000003
8273.0,49.9,-2.14
8273.25,48.300000000000004,-1.93
8273.5,47.699999999999996,-1.9600000000000002
8273.75,37.1,-1.0298100000000001
8274.0,32.03,2.9159
8274.25,30.64,2.0700000000000003
8274.5,27.59,1.2890000000000001
8274.75,28.029999999999998,0.4809999999999999
8275.0,20.32,-0.665
8275.25,18.520000000000003,-0.9268
8275.5,17.189999999999998,-0.8481000000000001
8275.75,16.919999999999998,-0.9520600000000001
8276.0,16.98,-1.0517
8276.25,17.12,-0.9750000000000001
8276.5,16.91,-1.0713
8276.75,12.43,-0.11769999999999997
8277.0,8.5,0.0466
8277.25,6.83,0.245
8277.5,5.424,0.11199999999999999
8277.75,4.984,0.2549
8278.0,5.208,0.658
8278.25,5.04,0.437
8278.5,4.917999999999999,0.343
8278.75,4.975,0.4388
8279.0,4.930999999999999,0.408
8279.25,4.936,0.443
8279.5,3.452,0.357
8279.75,3.0180000000000002,0.395
8280.0,3.0260000000000002,0.3321
8280.25,3.045,0.377
8280.5,3.0150000000000006,0.33999999999999997
8280.75,3.057,0.318
8281.0,3.032,0.331
8281.25,3.037,0.40700000000000003
8281.5,2.913,0.19039999999999999
8281.75,3.006,0.2932
8282.0,3.0410000000000004,0.31899999999999995
8282.25,3.0460000000000003,0.34099999999999997
8282.5,2.9349999999999996,0.21250000000000002
8282.75,2.807,0.03199999999999997
8283.0,3.032,0.23100000000000004
8283.25,3.034,0.1696
8283.5,3.0119999999999996,0.2492
8283.75,2.987,0.259
8284.0,2.95,0.22600000000000003
8284.25,2.903,0.15099999999999997
8284.5,2.9850000000000003,0.2388
8284.75,3.118,0.36
8285.0,2.997,0.27799999999999997
8285.25,2.965,0.25529999999999997
8285.5,2.89,0.18389999999999998
8285.75,3.078,0.454
8286.0,2.314,0.365
8286.25,2.1950000000000003,0.532
8286.5,2.017,0.38
8286.75,3.0410000000000004,0.22280000000000003
8287.0,8.73,-0.2897
8287.25,14.49,-0.758
8287.5,27.12,-2.73
8287.75,34.1,-3.75
8288.0,35.7,-4.01
8288.25,38.6,-3.81
8288.5,48.00000000000001,-2.45
8288.75,51.8,-0.375
8289.0,54.60000000000001,-0.3350000000000001
8289.25,53.2,-0.7050000000000001
8289.5,52.3,-0.278
8289.75,55.699999999999996,-0.675
8290.0,50.5,-3.16
8290.25,48.2,-3.3
8290.5,49.900000000000006,-2.97
8290.75,51.5,-2.9200000000000004
8291.0,51.6,-3.1899999999999995
8291.25,53.2,-3.1799999999999997
8291.5,52.2,-3.04
8291.75,52.8,-2.7899999999999996
8292.0,53.2,-2.6899999999999995
8292.25,56.8,-2.2
8292.5,57.2,-2.58
8292.75,51.800000000000004,-2.0300000000000002
8293.0,28.89,0.6323
8293.25,24.27,1.379
8293.5,24.029999999999998,1.1793
8293.75,21.900000000000002,0.883
8294.0,21.66,0.61
8294.25,20.46,0.519
8294.5,19.85,0.31099999999999994
8294.75,19.970000000000002,0.491
8295.0,17.27,0.7869999999999999
8295.25,19.32,0.965
8295.5,19.62,0.614
8295.75,19.66,0.7549999999999999
8296.0,19.57,0.79
8296.25,19.66,0.813
8296.5,19.42,0.8520000000000001
8296.75,16.39,0.728
8297.0,15.93,0.855
8297.25,15.42,0.853
8297.5,15.100000000000001,0.597
8297.75,12.22,0.877
8298.0,6.51,0.34099999999999997
8298.25,6.68,0.16499999999999998
8298.5,7.16,0.259
8298.75,6.49,0.329
8299.0,6.48,0.30600000000000005
8299.25,6.3100000000000005,0.16599999999999998
8299.5,6.35,0.357
8299.75,6.23,0.269
8300.0,6.25,0.33599999999999997
8300.25,6.21,0.17600000000000002
8300.5,6.23,0.19479999999999997
8300.75,6.26,0.257
8301.0,6.3100000000000005,0.272
8301.25,6.1899999999999995,0.24300000000000002
8301.5,6.68,0.268
8301.75,6.73,0.403
8302.0,6.620000000000001,0.3171
8302.25,6.6,0.33319999999999994
8302.5,6.63,0.359
8302.75,5.0,0.22299999999999998
8303.0,4.2,0.28800000000000003
8303.25,4.281000000000001,0.2273
8303.5,4.23,0.375
8303.75,4.29,0.399
8304.0,4.28,0.312
8304.25,4.26,0.273
8304.5,4.115,0.161
8304.75,4.146,0.2294
8305.0,4.12,0.19820000000000002
8305.25,4.03,0.21249999999999997
8305.5,4.33,0.389
8305.75,4.125,0.259
8306.0,3.9749999999999996,0.15999999999999998
8306.25,4.08,0.235
8306.5,4.04,0.28
8306.75,4.19,0.378
8307.0,3.87,0.1366
8307.25,4.14,0.307
8307.5,4.1,0.371
8307.75,4.24,0.25529999999999997
8308.0,4.07,0.19499999999999998
8308.25,3.87,0.1748
8308.5,3.96,0.21700000000000003
8308.75,3.8499999999999996,0.179
8309.0,4.140000000000001,0.425
8309.25,3.9299999999999997,0.28800000000000003
8309.5,4.07,0.409
8309.75,3.2600000000000002,0.19019999999999998
8310.0,2.917,0.27180000000000004
8310.25,2.7510000000000003,0.1992
8310.5,2.911,0.365
8310.75,2.7760000000000002,0.30210000000000004
8311.0,5.641,0.3317
8311.25,5.6000000000000005,0.6215
8311.5,5.683,0.529
8311.75,6.1930000000000005,0.271
8312.0,6.261,0.11300000000000004
8312.25,6.92,0.302
8312.5,10.889999999999999,1.005
8312.75,11.55,1.1800000000000002
8313.0,11.280000000000001,1.199
8313.25,11.18,0.993
8313.5,11.330000000000002,1.1260000000000001
8313.75,11.3,1.0630000000000002
8314.0,11.309999999999999,1.032
8314.25,11.379999999999999,1.0550000000000002
8314.5,11.44,1.109
8314.75,11.35,0.929
8315.0,11.54,1.032
8315.25,11.54,1.026
8315.5,11.629999999999999,1.001
8315.75,12.24,0.884
8316.0,11.78,1.1
8316.25,11.52,0.803
8316.5,11.73,0.883
8316.75,11.879999999999999,1.027
8317.0,11.959999999999999,1.174
8317.25,12.18,1.117
8317.5,12.120000000000001,1.0739999999999998
8317.75,12.07,0.9299999999999999
8318.0,12.129999999999999,1.009
8318.25,12.309999999999999,0.96
8318.5,11.700000000000001,0.902
8318.75,11.68,0.773
8319.0,11.78,1.0210000000000001
8319.25,12.04,1.307
8319.5,11.940000000000001,1.1600000000000001
8319.75,11.93,1.131
8320.0,12.13,0.974
8320.25,11.839999999999998,0.935
8320.5,11.76,0.9929999999999999
8320.75,11.71,1.053
8321.0,11.600000000000001,0.8600000000000001
8321.25,11.6,0.971
8321.5,11.780000000000001,1.2719999999999998
8321.75,6.85,0.718
8322.0,5.8580000000000005,0.684
8322.25,5.931,0.41
8322.5,6.3999999999999995,0.189
8322.75,6.21,0.17779999999999996
8323.0,6.17,0.3044
8323.25,5.94,0.33199999999999996
8323.5,6.08,0.529
8323.75,5.76,0.21299999999999997
8324.0,5.49,0.3135
8324.25,3.0949999999999998,0.2364
8324.5,3.157,0.543
8324.75,3.0440000000000005,0.365
8325.0,3.042,0.40900000000000003
8325.25,3.327,0.364
8325.5,3.0839999999999996,0.46299999999999997
8325.75,3.9659999999999997,0.7366699999999999
8326.0,5.057,0.731
8326.25,4.91,0.5865
8326.5,4.802,0.514
8326.75,4.95,0.667952
8327.0,4.779,0.436
8327.25,4.88,0.6492
8327.5,4.821999999999999,0.6565000000000001
8327.75,4.771,0.6213
8328.0,4.816,0.7231000000000001
8328.25,4.79,0.6829000000000001
8328.5,4.795,0.584
8328.75,4.813,0.5287
8329.0,3.688,0.42100000000000004
8329.25,2.822,0.42200000000000004
8329.5,2.7880000000000003,0.402
8329.75,2.899,0.476
8330.0,2.9219999999999997,0.487
8330.25,2.9090000000000003,0.497
8330.5,2.9170000000000003,0.524
8330.75,2.803,0.381
8331.0,2.79,0.33799999999999997
8331.25,2.854,0.41100000000000003
8331.5,2.91,0.494
8331.75,2.801,0.367
8332.0,2.857,0.455
8332.25,2.8970000000000002,0.489
8332.5,2.8569999999999998,0.42
8332.75,2.9749999999999996,0.5650000000000001
8333.0,2.905,0.486
8333.25,2.682,0.2761
8333.5,2.7929999999999997,0.41819999999999996
8333.75,2.831,0.45
8334.0,2.123,0.7150000000000001
8334.25,1.9739999999999998,0.71
8334.5,1.9130000000000003,0.627
8334.75,2.043,0.733
8335.0,2.176,0.6814
8335.25,2.132,0.5529999999999999
8335.5,2.155,0.642
8335.75,4.152,0.5549999999999999
8336.0,4.128,0.7592
8336.25,4.043,0.631
8336.5,4.107,0.6839999999999999
8336.75,4.132,0.7214
8337.0,4.1209999999999996,0.7031000000000001
8337.25,4.125,0.6948
8337.5,4.3309999999999995,0.9230999999999999
8337.75,4.273000000000001,0.8147
8338.0,4.261,0.7953600000000001
8338.25,4.258,0.7794
8338.5,4.2139999999999995,0.677
8338.75,4.179,0.65644
8339.0,4.302,0.774
8339.25,4.313,0.75137
8339.5,4.377,0.8515999999999999
8339.75,4.337000000000001,0.8111
8340.0,4.337,0.637
8340.25,4.484,0.7050000000000001
8340.5,4.487,0.806
8340.75,4.352,0.69859
8341.0,4.319,0.5949
8341.25,4.33,0.6183000000000001
8341.5,4.48,0.8360000000000001
8341.75,4.432,0.7063999999999999
8342.0,4.461,0.8143
8342.25,4.3180000000000005,0.6704
8342.5,4.383,0.7954
8342.75,4.478000000000001,0.6846000000000001
8343.0,4.552,0.82873
8343.25,4.58,0.901
8343.5,4.516,0.8556300000000001
8343.75,4.348,0.6355999999999999
8344.0,4.49,0.788
8344.25,4.454,0.6968000000000001
8344.5,4.563000000000001,0.8303
8344.75,3.926,0.577
8345.0,2.325,0.774
8345.25,2.083,0.622
8345.5,2.142,0.6659999999999999
8345.75,2.001,0.468
8346.0,2.041,0.52
8346.25,1.972,0.396
8346.5,2.092,0.631
8346.75,2.117,0.663
8347.0,2.258,0.813
8347.25,2.129,0.602
8347.5,2.142,0.719
8347.75,2.043,0.567
8348.0,2.0789999999999997,0.602
8348.25,2.2590000000000003,0.7809999999999999
8348.5,2.2560000000000002,0.772
8348.75,2.164,0.7130000000000001
8349.0,2.11,0.659
8349.25,1.9809999999999999,0.489
8349.5,2.167,0.7130000000000001
8349.75,2.181,0.698
8350.0,2.152,0.671
8350.25,1.967,0.47500000000000003
8350.5,2.169,0.7370000000000001
8350.75,2.062,0.585
8351.0,2.185,0.734
8351.25,2.197,0.7649999999999999
8351.5,2.108,0.691
8351.75,2.093,0.642
8352.0,2.004,0.528
8352.25,2.189,0.7350000000000001
8352.5,2.2,0.771
8352.75,2.2359999999999998,0.82
8353.0,2.004,0.513
8353.25,2.1159999999999997,0.548
8353.5,2.176,0.667
8353.75,2.219,0.776
8354.0,2.21,0.743
8354.25,2.2560000000000002,0.785
8354.5,2.0599999999999996,0.56
8354.75,2.0919999999999996,0.538
8355.0,2.116,0.5780000000000001
8355.25,2.081,0.549
8355.5,1.994,0.45899999999999996
8355.75,2.1500000000000004,0.676
8356.0,2.083,0.602
8356.25,2.161,0.677
8356.5,2.1109999999999998,0.592
8356.75,2.082,0.583
8357.0,2.062,0.558
8357.25,2.0740000000000003,0.5980000000000001
8357.5,2.057,0.569
8357.75,2.139,0.6809999999999999
8358.0,2.113,0.627
8358.25,2.141,0.707
8358.5,3.351,0.6315000000000001
8358.75,7.1899999999999995,0.4213
8359.0,20.69,1.579
8359.25,34.9,0.248
8359.5,54.900000000000006,0.69
8359.75,58.800000000000004,0.263
8360.0,61.0,0.51
8360.25,62.2,0.10499999999999987
8360.5,62.3,0.16000000000000003
8360.75,65.1,1.6672
8361.0,70.5,3.061
8361.25,76.4,3.362
8361.5,78.8,3.197
8361.75,79.4,2.974
8362.0,79.30000000000001,2.9379999999999997
8362.25,79.9,2.689
8362.5,74.6,0.915
8362.75,73.0,0.1459
8363.0,68.6,-0.029000000000000026
8363.25,69.4,-0.04600000000000004
8363.5,69.2,-0.32699999999999996
8363.75,68.9,-0.29899999999999993
8364.0,68.3,0.04800000000000004
8364.25,58.900000000000006,0.12
8364.5,59.3,0.17750000000000002
8364.75,56.5,0.337
8365.0,45.7,0.5489999999999999
8365.25,42.2,0.96858
8365.5,26.869999999999997,0.54
8365.75,25.340000000000003,0.826
8366.0,22.81,2.024
8366.25,25.7,3.989
8366.5,25.410000000000004,3.991
8366.75,24.770000000000003,3.52
8367.0,25.51,3.6799999999999997
8367.25,24.680000000000003,3.0069999999999997
8367.5,22.230000000000004,3.095
8367.75,19.720000000000002,4.057
8368.0,15.98,1.4209999999999998
8368.25,15.6,1.3449999999999998
8368.5,14.59,1.3559999999999999
8368.75,13.52,1.107
8369.0,13.67,1.001
8369.25,13.34,0.967
8369.5,12.66,1.118
8369.75,11.41,1.237
8370.0,4.445,0.693
8370.25,3.528,0.453
8370.5,3.5,0.387
8370.75,3.8800000000000003,0.396
8371.0,5.158,0.542
8371.25,4.8759999999999994,0.658
8371.5,4.7749999999999995,0.63005
8371.75,4.7540000000000004,0.574
8372.0,4.753,0.528
8372.25,4.815999999999999,0.612
8372.5,4.747,0.593
8372.75,3.268,0.459
8373.0,2.95,0.43200000000000005
8373.25,2.9699999999999998,0.499
8373.5,3.088,0.603
8373.75,2.944,0.445
8374.0,2.872,0.46499999999999997
8374.25,2.8489999999999998,0.35
8374.5,3.0810000000000004,0.443
8374.75,3.0700000000000003,0.522
8375.0,2.992,0.5
8375.25,3.013,0.544
8375.5,4.715,0.5509999999999999
8375.75,4.672000000000001,0.526
8376.0,4.7940000000000005,0.6839999999999999
8376.25,4.773,0.6626
8376.5,4.6290000000000004,0.416
8376.75,4.59,0.47
8377.0,4.348,0.356
8377.25,2.834,0.393
8377.5,2.947,0.51
8377.75,2.789,0.34800000000000003
8378.0,2.767,0.323
8378.25,2.688,0.21509999999999996
8378.5,2.834,0.39099999999999996
8378.75,2.916,0.424
8379.0,2.849,0.39
8379.25,2.734,0.259
8379.5,2.834,0.373
8379.75,2.7089999999999996,0.2254
8380.0,2.813,0.308
8380.25,2.824,0.269
8380.5,2.708,0.099
8380.75,2.676,0.17
8381.0,2.742,0.2541
8381.25,2.786,0.29769999999999996
8381.5,2.806,0.3439
8381.75,2.711,0.2644
8382.0,2.386,0.563
8382.25,1.9160000000000001,0.38
8382.5,1.9909999999999999,0.5529999999999999
8382.75,2.831,0.41700000000000004
8383.0,3.294,0.3339
8383.25,6.5200000000000005,-0.27199999999999996
8383.5,6.22,-0.16100000000000003
8383.75,7.4399999999999995,-0.621
8384.0,8.63,-0.6389999999999999
8384.25,9.0,-0.715
8384.5,9.08,-0.73
8384.75,9.42,-0.4719999999999999
8385.0,16.98,2.083
8385.25,17.83,1.786
8385.5,19.509999999999998,1.876
8385.75,19.63,1.068
8386.0,20.49,1.435
8386.25,21.41,1.7530000000000001
8386.5,19.74,0.796
8386.75,21.53,2.019
8387.0,21.439999999999998,1.784
8387.25,19.27,1.8599999999999999
8387.5,17.96,0.949
8387.75,18.96,2.098
8388.0,17.32,0.9393
8388.25,20.58,1.9620000000000002
8388.5,20.58,1.275
8388.75,18.17,0.879
8389.0,20.2,2.328
8389.25,18.0,1.1827999999999999
8389.5,21.520000000000003,2.459
8389.75,26.200000000000003,2.34
8390.0,26.98,2.589
8390.25,26.590000000000003,2.463
8390.5,24.54,1.4329999999999998
8390.75,26.79,3.197
8391.0,22.86,0.734
8391.25,21.53,0.06750000000000012
8391.5,19.03,0.6060000000000001
8391.75,20.209999999999997,1.157
8392.0,19.86,1.045
8392.25,19.740000000000002,0.8570000000000001
8392.5,18.7,0.808
8392.75,18.5,0.5780000000000001
8393.0,18.349999999999998,0.526
8393.25,18.270000000000003,0.5619999999999999
8393.5,17.560000000000002,0.6970000000000001
8393.75,15.95,0.675
8394.0,13.57,0.843
8394.25,12.139999999999999,0.456
8394.5,8.17,-0.06770000000000004
8394.75,8.1,0.01799999999999996
8395.0,7.880000000000001,-0.1407
8395.25,7.7,-0.17600000000000002
8395.5,7.53,-0.33
8395.75,7.57,-0.286
8396.0,7.71,-0.10570000000000002
8396.25,7.78,0.08499999999999996
8396.5,7.55,-0.1122
8396.75,7.48,-0.1297
8397.0,7.43,-0.18649999999999997
8397.25,6.57,-0.20070000000000002
8397.5,5.88,-0.03199999999999997
8397.75,5.819999999999999,-0.06300000000000003
8398.0,5.77,-0.10049999999999992
8398.25,5.7,-0.17699999999999996
8398.5,5.8100000000000005,-0.03460000000000002
8398.75,5.59,-0.05400000000000002
8399.0,4.8999999999999995,-0.062000000000000055
8399.25,4.93,-0.006000000000000005
8399.5,4.85,-0.05880000000000002
8399.75,4.89,-0.05830000000000002
8400.0,4.91,-0.0766
8400.25,4.88,-0.12
8400.5,4.83,-0.16500000000000004
8400.75,4.87,-0.192
8401.0,4.87,-0.18200000000000002
8401.25,4.82,-0.16900000000000004
8401.5,4.9,-0.062360000000000027
8401.75,4.85,-0.13
8402.0,4.9,-0.04330000000000006
8402.25,5.04,0.15499999999999997
8402.5,4.93,0.013999999999999985
8402.75,4.98,0.05300000000000005
8403.0,4.92,-0.024999999999999994
8403.25,4.91,0.018100000000000005
8403.5,4.92,-0.005099999999999993
8403.75,4.81,-0.0923
8404.0,5.11,0.17999999999999997
8404.25,4.97,0.07299999999999995
8404.5,4.92,0.02899999999999997
8404.75,4.869999999999999,-0.07280000000000003
8405.0,4.87,-0.05918000000000001
8405.25,4.87,-0.09339999999999998
8405.5,4.88,-0.167
8405.75,4.97,-0.022700000000000026
8406.0,4.720000000000001,-0.28300000000000003
8406.25,4.7700000000000005,-0.25599999999999995
8406.5,4.82,-0.24
8406.75,8.07,-0.21200000000000002
8407.0,10.71,-0.749
8407.25,17.94,-1.84
8407.5,29.75,-4.25
8407.75,32.160000000000004,-4.4
8408.0,34.089999999999996,-4.15
8408.25,36.76,-4.32
8408.5,39.2,-4.34
8408.75,39.8,-4.43
8409.0,42.0,-3.92
8409.25,44.0,-4.1000000000000005
8409.5,42.099999999999994,-4.37
8409.75,43.4,-4.1899999999999995
8410.0,45.3,-4.04
8410.25,44.7,-4.24
8410.5,44.8,-4.01
8410.75,45.5,-4.24
8411.0,47.1,-4.22
8411.25,43.300000000000004,-4.14
8411.5,42.2,-4.15
8411.75,41.7,-4.07
8412.0,43.0,-4.1000000000000005
8412.25,40.8,-4.07
8412.5,40.5,-4.08
8412.75,40.2,-4.3100000000000005
8413.0,36.5,-3.5500000000000003
8413.25,29.31,-0.42600000000000005
8413.5,26.32,3.021
8413.75,23.95,2.468
8414.0,20.24,1.7663000000000002
8414.25,16.83,0.46199999999999997
8414.5,16.240000000000002,0.404
8414.75,16.6,0.623
8415.0,16.59,0.33899999999999997
8415.25,15.12,0.5950000000000001
8415.5,14.06,0.733
8415.75,14.14,0.896
8416.0,14.21,0.815
8416.25,12.37,0.671
8416.5,12.54,0.7070000000000001
8416.75,12.4,0.743
8417.0,10.16,0.8360000000000001
8417.25,8.88,1.146
8417.5,9.95,1.074
8417.75,10.8,0.9329999999999999
8418.0,5.123,0.582
8418.25,4.988,0.485
8418.5,5.212,0.413
8418.75,5.178999999999999,0.47200000000000003
8419.0,4.904,0.2732
8419.25,4.772,0.31889999999999996
8419.5,4.827999999999999,0.4133
8419.75,4.739,0.2952
8420.0,4.899,0.529
8420.25,4.7010000000000005,0.3287
8420.5,4.836,0.414
8420.75,5.0,0.521
8421.0,4.869999999999999,0.579
8421.25,4.675000000000001,0.3683
8421.5,4.831,0.3992
8421.75,4.525,0.19799999999999998
8422.0,4.594,0.37456999999999996
8422.25,4.57,0.3257
8422.5,4.555,0.356
8422.75,4.551,0.3466
8423.0,3.719,0.261
8423.25,2.879,0.43
8423.5,2.87,0.40800000000000003
8423.75,3.0709999999999997,0.612
8424.0,2.883,0.22000000000000003
8424.25,2.872,0.2752
8424.5,2.855,0.3075
8424.75,2.945,0.456
8425.0,2.988,0.442
8425.25,2.818,0.34199999999999997
8425.5,2.806,0.34800000000000003
8425.75,2.822,0.38760000000000006
8426.0,2.812,0.38
8426.25,2.8930000000000002,0.42050000000000004
8426.5,2.812,0.2851
8426.75,2.717,0.199
8427.0,2.648,0.123
8427.25,2.6580000000000004,0.132
8427.5,2.863,0.35819999999999996
8427.75,2.762,0.2499
8428.0,2.9219999999999997,0.43229999999999996
8428.25,2.7039999999999997,0.1884
8428.5,2.865,0.3584
8428.75,2.824,0.35
8429.0,2.86,0.354
8429.25,2.777,0.30700000000000005
8429.5,2.758,0.339
8429.75,2.074,0.582
8430.0,2.051,0.491
8430.25,2.057,0.504
8430.5,2.117,0.493
8430.75,3.673,0.1552
8431.0,9.34,-0.17500000000000002
8431.25,13.98,-0.7929999999999999
8431.5,24.06,-2.3
8431.75,27.32,-3.09
8432.0,30.71,-3.1
8432.25,32.45,-3.09
8432.5,32.39,-3.06
8432.75,34.03,-2.27
8433.0,38.5,0.1389999999999999
8433.25,39.7,-0.5209999999999999
8433.5,38.7,-0.43800000000000006
8433.75,41.5,-0.44399999999999995
8434.0,42.6,-0.38199999999999995
8434.25,42.1,0.25
8434.5,41.9,0.41900000000000004
8434.75,42.3,0.259
8435.0,45.6,0.10199999999999995
8435.25,42.8,0.47800000000000004
8435.5,44.900000000000006,0.39699999999999996
8435.75,46.8,0.448
8436.0,47.1,0.405
8436.25,45.8,0.763
8436.5,43.3,0.774
8436.75,47.5,1.818
8437.0,30.86,3.21
8437.25,29.130000000000003,3.491
8437.5,25.84,2.987
8437.75,23.700000000000003,2.9539999999999997
8438.0,22.740000000000002,3.0090000000000003
8438.25,22.92,2.827
8438.5,22.89,2.835
8438.75,22.9,2.856
8439.0,22.84,2.885
8439.25,22.009999999999998,2.811
8439.5,20.29,3.388
8439.75,20.58,3.589
8440.0,20.52,3.6479999999999997
8440.25,20.08,3.263
8440.5,16.18,0.5820000000000001
8440.75,15.98,0.5900000000000001
8441.0,15.77,0.7709999999999999
8441.25,15.41,1.1019999999999999
8441.5,15.11,1.5739999999999998
8441.75,18.53,3.88
8442.0,9.870000000000001,2.4779999999999998
8442.25,10.819999999999999,3.2649999999999997
8442.5,10.1,2.077
8442.75,6.353000000000001,0.227
8443.0,6.414999999999999,0.2758
8443.25,6.022,0.323
8443.5,5.904999999999999,0.292
8443.75,5.8870000000000005,0.1966
8444.0,5.763,0.13029999999999997
8444.25,5.799,0.2396
8444.5,5.832000000000001,0.035999999999999976
8444.75,5.8,0.172
8445.0,5.851,0.1821
8445.25,5.833,0.18169999999999997
8445.5,5.7669999999999995,0.2973
8445.75,6.098000000000001,0.13449999999999998
8446.0,5.9190000000000005,0.1767
8446.25,4.845000000000001,0.3
8446.5,4.122,0.369
8446.75,4.098999999999999,0.272
8447.0,3.9499999999999997,0.18380000000000002
8447.25,4.08,0.1613
8447.5,4.037999999999999,0.32599999999999996
8447.75,4.061,0.29
8448.0,4.095,0.406
8448.25,3.9050000000000002,0.2773
8448.5,3.898,0.3013
8448.75,3.9290000000000003,0.244
8449.0,3.993,0.31399999999999995
8449.25,4.063,0.376
8449.5,3.934,0.241
8449.75,3.7880000000000003,0.11299999999999999
8450.0,3.782,0.03600000000000003
8450.25,3.885,0.13590000000000002
8450.5,3.8649999999999998,0.11199999999999999
8450.75,3.8419999999999996,0.05799999999999994
8451.0,3.841,0.10799999999999998
8451.25,3.867,0.1403
8451.5,3.8549999999999995,0.13689999999999997
8451.75,3.9739999999999998,0.21299999999999997
8452.0,3.8499999999999996,0.12269999999999998
8452.25,3.819,0.12040000000000001
8452.5,3.816,0.1381
8452.75,3.9539999999999997,0.275
8453.0,4.013,0.20400000000000001
8453.25,3.889,0.21099999999999997
8453.5,3.9060000000000006,0.21289999999999998
8453.75,3.176,0.4099999999999999
8454.0,2.98,0.399
8454.25,2.66,0.52
8454.5,2.597,0.43399999999999994
8454.75,5.199999999999999,0.17409999999999998
8455.0,11.46,-0.654
8455.25,17.25,-0.543
8455.5,32.35,-1.9040000000000001
8455.75,40.3,-2.39
8456.0,44.4,-2.3827000000000003
8456.25,44.8,-2.4173
8456.5,45.0,-2.3970000000000002
8456.75,46.5,-2.2210000000000005
8457.0,53.699999999999996,-0.555
8457.25,56.8,0.406
8457.5,55.6,0.33000000000000007
8457.75,53.300000000000004,-0.3360000000000002
8458.0,57.199999999999996,0.54
8458.25,58.5,0.16900000000000004
8458.5,57.5,-0.52
8458.75,57.3,0.16499999999999992
8459.0,57.6,-0.15800000000000003
8459.25,57.9,-0.33599999999999997
8459.5,57.2,-0.89
8459.75,55.8,-2.6584000000000003
8460.0,56.1,-2.749
8460.25,55.9,-2.56
8460.5,55.1,-2.48
8460.75,55.2,-2.72
8461.0,49.400000000000006,-2.069
8461.25,43.4,-2.50061
8461.5,30.98,-0.45200000000000007
8461.75,24.69,0.389
8462.0,24.0,0.42599999999999993
8462.25,24.05,0.376
8462.5,23.7,0.28800000000000003
8462.75,23.520000000000003,0.29399999999999993
8463.0,23.62,0.608
8463.25,20.689999999999998,0.744
8463.5,17.93,0.864
8463.75,17.65,0.75
8464.0,17.63,0.724
8464.25,17.919999999999998,0.772
8464.5,17.02,0.887
8464.75,17.0,1.1640000000000001
8465.0,15.82,1.031
8465.25,13.98,1.111
8465.5,13.91,1.05
8465.75,13.79,1.1640000000000001
8466.0,7.27,0.42800000000000005
8466.25,7.09,0.48600000000000004
8466.5,7.21,0.575
8466.75,7.74,0.31500000000000006
8467.0,7.71,0.247
8467.25,7.699999999999999,0.384
8467.5,7.43,0.266
8467.75,7.41,0.277
8468.0,7.35,0.23299999999999998
8468.25,7.4799999999999995,0.405
8468.5,7.33,0.195
8468.75,7.51,0.29200000000000004
8469.0,7.16,0.22999999999999998
8469.25,7.4,0.529
8469.5,4.9990000000000006,0.491
8469.75,4.975,0.5037
8470.0,4.869,0.41
8470.25,4.833,0.45499999999999996
8470.5,4.9079999999999995,0.539
8470.75,4.994000000000001,0.578
8471.0,4.849,0.5690000000000001
8471.25,4.999,0.7509999999999999
8471.5,4.87,0.6335
8471.75,4.919,0.679
8472.0,4.907,0.647
8472.25,4.893000000000001,0.7541
8472.5,4.786,0.6079
8472.75,4.7059999999999995,0.467
8473.0,4.9350000000000005,0.845
8473.25,4.8660000000000005,0.7289000000000001
8473.5,2.947,0.42200000000000004
8473.75,2.81,0.357
8474.0,2.83,0.361
8474.25,2.953,0.539
8474.5,2.9450000000000003,0.496
8474.75,2.947,0.531
8475.0,2.84,0.41800000000000004
8475.25,2.782,0.365
8475.5,2.86,0.42800000000000005
8475.75,2.8,0.30700000000000005
8476.0,3.0060000000000002,0.569
8476.25,2.909,0.372
8476.5,2.936,0.449
8476.75,2.7960000000000003,0.337
8477.0,2.954,0.514
8477.25,2.827,0.373
8477.5,2.966,0.5599999999999999
8477.75,2.754,0.33399999999999996
8478.0,2.77,0.4315
8478.25,2.0789999999999997,0.4799
8478.5,2.04,0.656
8478.75,5.362,0.8029999999999999
8479.0,4.79,0.5188
8479.25,5.202,0.5519
8479.5,5.295,0.484
8479.75,5.429,0.562
8480.0,5.577999999999999,0.6859999999999999
8480.25,5.48,0.569
8480.5,5.477,0.5190000000000001
8480.75,6.42,0.606
8481.0,5.752000000000001,0.59
8481.25,5.7940000000000005,0.613
8481.5,5.923,0.755
8481.75,5.834,0.5609999999999999
8482.0,5.678,0.44199999999999995
8482.25,6.304,0.573
8482.5,5.885,0.663
8482.75,5.88,0.6070000000000001
8483.0,6.5,0.7549999999999999
8483.25,5.941999999999999,0.708
8483.5,5.933999999999999,0.595
8483.75,5.992,0.594
8484.0,6.007,0.6079999999999999
8484.25,6.072,0.713
8484.5,6.154,0.766
8484.75,6.246,0.551
8485.0,11.58,1.651
8485.25,12.83,1.8599999999999999
8485.5,12.45,1.649
8485.75,12.120000000000001,1.5
8486.0,11.629999999999999,1.444
8486.25,11.55,1.411
8486.5,11.959999999999999,1.4
8486.75,12.190000000000001,1.276
8487.0,11.889999999999999,1.186
8487.25,6.642,0.61
8487.5,6.337,0.683
8487.75,5.832,0.40800000000000003
8488.0,5.875,0.499
8488.25,4.3420000000000005,0.566
8488.5,2.68,0.46699999999999997
8488.75,2.58,0.398
8489.0,2.581,0.39899999999999997
8489.25,2.678,0.49400000000000005
8489.5,2.799,0.6319999999999999
8489.75,2.733,0.618
8490.0,2.7119999999999997,0.549
8490.25,2.667,0.547
8490.5,2.613,0.46499999999999997
8490.75,2.6670000000000003,0.505
8491.0,4.353,0.544
8491.25,5.022,0.579
8491.5,5.018,0.612
8491.75,4.93,0.5569999999999999
8492.0,4.902,0.565
8492.25,4.905,0.651
8492.5,5.0089999999999995,0.7655000000000001
8492.75,5.59,0.548
8493.0,5.1209999999999996,0.6679999999999999
8493.25,4.989999999999999,0.6489
8493.5,5.109999999999999,0.792
8493.75,5.011,0.643
8494.0,4.957999999999999,0.54
8494.25,4.845,0.40900000000000003
8494.5,4.8919999999999995,0.571
8494.75,5.024,0.7309000000000001
8495.0,5.07,0.7110000000000001
8495.25,4.997,0.63
8495.5,4.042,0.494
8495.75,2.887,0.472
8496.0,2.871,0.506
8496.25,2.8619999999999997,0.46599999999999997
8496.5,2.864,0.46
8496.75,2.92,0.55
8497.0,2.7720000000000002,0.4006
8497.25,2.7510000000000003,0.357
8497.5,2.89,0.43699999999999994
8497.75,2.9800000000000004,0.5509999999999999
8498.0,2.9250000000000003,0.56
8498.25,2.883,0.519
8498.5,2.714,0.332
8498.75,2.841,0.488
8499.0,2.955,0.591
8499.25,2.853,0.45599999999999996
8499.5,2.9090000000000003,0.572
8499.75,2.791,0.40700000000000003
8500.0,2.8009999999999997,0.366
8500.25,2.95,0.505
8500.5,2.973,0.607
8500.75,2.906,0.517
8501.0,2.908,0.5640000000000001
8501.25,2.838,0.47400000000000003
8501.5,2.679,0.35
8501.75,2.699,0.5920000000000001
8502.0,2.029,0.745
8502.25,1.898,0.7429999999999999
8502.5,1.849,0.797
8502.75,1.779,0.6779999999999999
8503.0,2.481,0.8310000000000001
8503.25,2.471,0.881
8503.5,4.092,0.8745
8503.75,3.9789999999999996,0.761
8504.0,4.042,0.8136
8504.25,3.9829999999999997,0.815
8504.5,4.114,0.9440000000000001
8504.75,4.065,0.8897
8505.0,4.068,0.9318000000000001
8505.25,4.018,0.867
8505.5,3.945,0.7965800000000001
8505.75,4.084,0.6759999999999999
8506.0,4.03,0.8379000000000001
8506.25,3.992,0.8461000000000001
8506.5,4.075,0.94743
8506.75,4.164,0.864
8507.0,3.952,0.82246
8507.25,3.6299999999999994,0.736
8507.5,3.134,0.8573
8507.75,3.896,0.7478
8508.0,3.812,0.6977
8508.25,3.748,0.639
8508.5,4.07,0.9299999999999999
8508.75,3.9709999999999996,0.8756999999999999
8509.0,3.893,0.7716000000000001
8509.25,3.918,0.8262
8509.5,3.9909999999999997,0.9610000000000001
8509.75,3.9939999999999998,0.9574
8510.0,3.905,0.8054000000000001
8510.25,4.1450000000000005,1.0207
8510.5,4.072,0.9806
8510.75,3.98,0.9397
8511.0,4.051,0.7294
8511.25,4.197,0.8673
8511.5,4.476000000000001,0.9039999999999999
8511.75,4.5520000000000005,0.9009
8512.0,4.465000000000001,0.8618
8512.25,4.503,0.9478
8512.5,4.433,0.8410000000000001
8512.75,4.563999999999999,0.9535
8513.0,4.4830000000000005,0.885
8513.25,4.219,0.826
8513.5,4.015,0.80186
8513.75,3.872,0.629
8514.0,4.0280000000000005,0.8528
8514.25,3.979,0.748
8514.5,3.981,0.802
8514.75,3.454,0.694
8515.0,2.563,0.4580000000000001
8515.25,2.441,0.2733
8515.5,2.698,0.501
8515.75,2.568,0.38
8516.0,2.6590000000000003,0.509
8516.25,2.599,0.463
8516.5,2.584,0.429
8516.75,2.585,0.43600000000000005
8517.0,2.645,0.46900000000000003
8517.25,2.519,0.33799999999999997
8517.5,2.602,0.433
8517.75,2.582,0.376
8518.0,2.6470000000000002,0.402
8518.25,2.583,0.42100000000000004
8518.5,2.721,0.5780000000000001
8518.75,2.56,0.40900000000000003
8519.0,2.637,0.511
8519.25,2.5869999999999997,0.44300000000000006
8519.5,2.631,0.491
8519.75,2.678,0.548
8520.0,2.617,0.441
8520.25,2.668,0.567
8520.5,2.477,0.35550000000000004
8520.75,2.729,0.606
8521.0,2.589,0.441
8521.25,2.6550000000000002,0.504
8521.5,2.5780000000000003,0.425
8521.75,2.615,0.514
8522.0,2.533,0.386
8522.25,2.624,0.436
8522.5,2.705,0.5630000000000001
8522.75,2.6559999999999997,0.525
8523.0,2.603,0.494
8523.25,2.59,0.506
8523.5,2.568,0.483
8523.75,2.6029999999999998,0.494
8524.0,2.741,0.602
8524.25,2.659,0.424
8524.5,2.565,0.405
8524.75,2.564,0.455
8525.0,2.557,0.426
8525.25,2.7150000000000003,0.6080000000000001
8525.5,2.874,0.843
8525.75,2.521,0.42500000000000004
8526.0,2.599,0.49
8526.25,2.51,0.41700000000000004
8526.5,2.6020000000000003,0.492
8526.75,3.229,0.44599999999999995
8527.0,4.6899999999999995,0.737
8527.25,6.409,0.6913
8527.5,15.96,-0.6119999999999999
8527.75,28.14,-2.1900000000000004
8528.0,34.2,-2.243
8528.25,38.0,-1.778
8528.5,38.5,-2.092
8528.75,39.7,-2.42
8529.0,39.1,-2.212
8529.25,40.1,-1.9730000000000003
8529.5,39.9,-1.9769999999999999
8529.75,42.3,-2.117
8530.0,50.2,-1.6344
8530.25,51.5,-1.4763
8530.5,54.6,-0.948
8530.75,56.400000000000006,-0.938
8531.0,55.5,-0.8340000000000001
8531.25,55.2,-0.8590000000000001
8531.5,56.0,-0.6675000000000001
8531.75,56.300000000000004,-0.865
8532.0,52.3,-0.851
8532.25,49.9,-1.0430000000000001
8532.5,45.900000000000006,-1.545
8532.75,34.3,-0.29400000000000004
8533.0,25.240000000000002,0.21699999999999997
8533.25,24.64,0.261
8533.5,19.48,0.679
8533.75,18.16,0.5781000000000001
8534.0,17.75,0.505
8534.25,15.709999999999999,0.3256
8534.5,14.96,0.5419999999999999
8534.75,16.69,0.63
8535.0,16.810000000000002,0.528
8535.25,16.25,0.49499999999999994
8535.5,14.620000000000001,0.962
8535.75,14.59,0.996
8536.0,14.620000000000001,1.163
8536.25,14.399999999999999,1.2530000000000001
8536.5,14.580000000000002,1.363
8536.75,14.81,1.211
8537.0,14.26,1.307
8537.25,14.04,0.887
8537.5,14.180000000000001,1.1920000000000002
8537.75,11.0,0.8320000000000001
8538.0,4.508,0.432
8538.25,4.844,0.5908
8538.5,5.356,0.632
8538.75,5.336,0.489
8539.0,5.2700000000000005,0.3083
8539.25,5.412,0.20600000000000002
8539.5,5.49,0.298
8539.75,5.5,0.279
8540.0,5.558999999999999,0.37187000000000003
8540.25,5.492999999999999,0.29460000000000003
8540.5,5.408,0.2111
8540.75,5.41,0.24900000000000003
8541.0,5.471,0.26499999999999996
8541.25,5.522,0.317
8541.5,5.559,0.4458
8541.75,5.4399999999999995,0.346
8542.0,3.536,0.24469999999999997
8542.25,3.0100000000000002,0.2884
8542.5,3.022,0.3083
8542.75,3.1319999999999997,0.43720000000000003
8543.0,3.019,0.3167
8543.25,2.8760000000000003,0.15199999999999997
8543.5,2.95,0.22599999999999998
8543.75,2.878,0.14800000000000002
8544.0,3.0559999999999996,0.3093
8544.25,3.078,0.3909
8544.5,3.033,0.3449
8544.75,2.9130000000000003,0.22389
8545.0,2.859,0.12
8545.25,3.034,0.32699999999999996
8545.5,2.9629999999999996,0.2152
8545.75,3.012,0.282
8546.0,2.957,0.22699999999999998
8546.25,2.992,0.172
8546.5,3.071,0.35030000000000006
8546.75,3.156,0.396
8547.0,3.051,0.24
8547.25,3.0490000000000004,0.327
8547.5,2.925,0.20700000000000002
8547.75,2.973,0.2363
8548.0,3.028,0.3117
8548.25,2.9530000000000003,0.19619999999999999
8548.5,3.009,0.29810000000000003
8548.75,3.0549999999999997,0.3719
8549.0,2.9419999999999997,0.239
8549.25,2.922,0.20399999999999996
8549.5,2.976,0.2334
8549.75,3.008,0.2824
8550.0,2.949,0.26759999999999995
8550.25,2.936,0.242
8550.5,2.987,0.3016
8550.75,5.469,0.11699999999999994
8551.0,13.77,1.498
8551.25,15.420000000000002,1.482
8551.5,32.410000000000004,-1.7429999999999999
8551.75,38.0,-1.7870000000000001
8552.0,40.400000000000006,-1.785
8552.25,42.1,-1.6480000000000001
8552.5,42.8,-1.8539999999999999
8552.75,42.3,-2.066
8553.0,42.8,-1.982
8553.25,42.7,-1.8479999999999999
8553.5,42.400000000000006,-1.797
8553.75,43.6,-2.015
8554.0,45.8,-2.049
8554.25,49.699999999999996,-1.708
8554.5,49.900000000000006,-1.533
8554.75,49.199999999999996,-1.717
8555.0,49.099999999999994,-1.632
8555.25,48.599999999999994,-1.8139999999999998
8555.5,49.1,-1.4579999999999997
8555.75,49.8,-1.105
8556.0,46.0,-1.2029999999999998
8556.25,39.400000000000006,-1.7630000000000001
8556.5,38.9,-1.7819999999999998
8556.75,34.61,-1.045
8557.0,15.92,0.563
8557.25,10.92,0.2548
8557.5,13.45,0.8190000000000001
8557.75,14.030000000000001,0.882
8558.0,13.3,0.713
8558.25,13.31,0.7429999999999999
8558.5,13.280000000000001,0.758
8558.75,13.47,1.0190000000000001
8559.0,13.549999999999999,1.051
8559.25,13.75,1.22
8559.5,13.57,0.998
8559.75,13.54,0.95
8560.0,13.75,0.952
8560.25,13.540000000000001,0.913
8560.5,13.59,0.992
8560.75,13.2,1.112
8561.0,12.99,1.037
8561.25,12.96,0.99
8561.5,13.16,0.8620000000000001
8561.75,12.95,1.025
8562.0,8.17,0.597
8562.25,7.24,0.364
8562.5,7.26,0.35806000000000004
8562.75,7.25,0.3782
8563.0,7.18,0.2237
8563.25,7.23,0.31500000000000006
8563.5,7.16,0.24799999999999994
8563.75,7.07,0.15300000000000002
8564.0,7.12,0.21299999999999997
8564.25,7.140000000000001,0.19599999999999995
8564.5,7.170000000000001,0.22649999999999998
8564.75,7.800000000000001,0.1643
8565.0,8.11,0.025999999999999968
8565.25,7.76,0.10399999999999998
8565.5,7.949999999999999,0.191
8565.75,9.200000000000001,0.12239999999999998
8566.0,9.95,0.19179999999999997
8566.25,9.809999999999999,0.05199999999999999
8566.5,7.890000000000001,0.046999999999999986
8566.75,7.67,0.14700000000000002
8567.0,7.739999999999999,0.271
8567.25,8.02,0.556
8567.5,7.56,0.16200000000000003
8567.75,7.53,0.272
8568.0,5.563000000000001,0.3604
8568.25,5.631,0.6103
8568.5,5.683000000000001,0.5469
8568.75,5.683,0.5826
8569.0,5.513,0.4105
8569.25,5.4590000000000005,0.367
8569.5,4.666,0.309
8569.75,3.502,0.3964
8570.0,3.502,0.37539999999999996
8570.25,3.511,0.375
8570.5,3.482,0.23399999999999999
8570.75,3.375,0.13499999999999995
8571.0,3.433,0.306
8571.25,3.484,0.34600000000000003
8571.5,3.598,0.5268700000000001
8571.75,3.509,0.392
8572.0,3.444,0.3468
8572.25,3.322,0.181
8572.5,3.548,0.44200000000000006
8572.75,3.423,0.2792
8573.0,3.5389999999999997,0.4405
8573.25,3.398,0.292
8573.5,3.33,0.239
8573.75,3.346,0.29133
8574.0,3.5440000000000005,0.404
8574.25,3.431,0.31899999999999995
8574.5,3.309,0.253
8574.75,3.84,0.23299999999999998
8575.0,4.126,0.038000000000000034
8575.25,6.7700000000000005,-0.38199999999999995
8575.5,14.8,-1.6600000000000001
8575.75,24.21,-2.56
8576.0,28.310000000000002,-2.4273
8576.25,33.8,-2.172
8576.5,37.41,-2.2830000000000004
8576.75,36.58,-2.1889
8577.0,37.79,-2.0407
8577.25,36.52,-2.2470000000000003
8577.5,36.43,-2.1986
8577.75,36.79,-2.0348
8578.0,36.36,-2.0659
8578.25,35.150000000000006,-1.7294
8578.5,35.08,-1.75625
8578.75,36.65,-1.781
8579.0,36.2,-1.9600000000000002
8579.25,32.8,-2.1433
8579.5,29.43,-2.194
8579.75,29.46,-1.9789999999999999
8580.0,29.950000000000003,-2.0309999999999997
8580.25,27.93,-1.251
8580.5,24.82,-1.82
8580.75,15.219999999999999,-0.5780000000000001
8581.0,7.040000000000001,0.4630000000000001
8581.25,3.0789999999999997,0.426
8581.5,2.238,0.457
8581.75,2.222,0.483
8582.0,2.317,0.513
8582.25,2.2720000000000002,0.41100000000000003
8582.5,2.181,0.41800000000000004
8582.75,2.249,0.5017999999999999
8583.0,2.276,0.591
8583.25,2.182,0.444
8583.5,2.378,0.638
8583.75,2.1340000000000003,0.35
8584.0,2.213,0.456
8584.25,2.191,0.453
8584.5,2.099,0.33109999999999995
8584.75,2.1980000000000004,0.41000000000000003
8585.0,2.3,0.45899999999999996
8585.25,2.286,0.541
8585.5,2.109,0.32630000000000003
8585.75,2.146,0.40169999999999995
8586.0,2.121,0.318
8586.25,2.29,0.5
8586.5,2.162,0.372
8586.75,2.197,0.436
8587.0,2.212,0.46599999999999997
8587.25,2.293,0.581
8587.5,2.148,0.379
8587.75,2.3810000000000002,0.603
8588.0,2.221,0.414
8588.25,2.232,0.376
8588.5,2.13,0.34750000000000003
8588.75,2.388,0.679
8589.0,2.434,0.757
8589.25,2.364,0.641
8589.5,2.167,0.418
8589.75,2.18,0.44900000000000007
8590.0,2.169,0.42140000000000005
8590.25,2.311,0.5619999999999999
8590.5,2.274,0.528
8590.75,2.37,0.655
8591.0,2.287,0.5920000000000001
8591.25,2.1029999999999998,0.346
8591.5,2.257,0.5489999999999999
8591.75,2.3070000000000004,0.5820000000000001
8592.0,2.31,0.595
8592.25,2.2809999999999997,0.587
8592.5,2.192,0.4799999999999999
8592.75,2.2590000000000003,0.535
8593.0,2.366,0.635
8593.25,2.199,0.4159999999999999
8593.5,2.183,0.396
8593.75,2.226,0.441
8594.0,2.222,0.42600000000000005
8594.25,2.24,0.362
8594.5,2.2569999999999997,0.454
8594.75,2.436,0.61
8595.0,2.224,0.405
8595.25,2.252,0.4665
8595.5,2.1470000000000002,0.36429999999999996
8595.75,2.211,0.40290000000000004
8596.0,2.333,0.58
8596.25,2.329,0.5770000000000001
8596.5,2.158,0.388
8596.75,2.1580000000000004,0.363
8597.0,2.1950000000000003,0.407
8597.25,2.1550000000000002,0.31599999999999995
8597.5,2.307,0.5489999999999999
8597.75,2.116,0.337
8598.0,2.221,0.48
8598.25,2.2190000000000003,0.499
8598.5,2.19,0.42399999999999993
8598.75,2.202,0.416
8599.0,2.215,0.477
8599.25,2.2279999999999998,0.48900000000000005
8599.5,2.051,0.29369999999999996
8599.75,2.217,0.39999999999999997
8600.0,2.2680000000000002,0.507
8600.25,2.373,0.5449999999999999
8600.5,2.168,0.4017
8600.75,2.152,0.40559999999999996
8601.0,2.1710000000000003,0.4355
8601.25,2.266,0.5189999999999999
8601.5,2.218,0.466
8601.75,2.1029999999999998,0.336
8602.0,2.214,0.5010000000000001
8602.25,1.948,0.14799999999999996
8602.5,2.238,0.48830000000000007
8602.75,2.09,0.29433
8603.0,2.144,0.389
8603.25,2.08,0.27405
8603.5,2.129,0.37840000000000007
8603.75,2.1109999999999998,0.35365
8604.0,2.197,0.441
8604.25,2.2359999999999998,0.49299999999999994
8604.5,2.412,0.702
8604.75,2.125,0.38289999999999996
8605.0,2.0820000000000003,0.3425
8605.25,2.218,0.489
8605.5,2.19,0.45399999999999996
8605.75,2.2750000000000004,0.496
8606.0,2.223,0.498
8606.25,2.162,0.3276
8606.5,2.19,0.39239999999999997
8606.75,2.319,0.569
8607.0,2.248,0.501
8607.25,2.099,0.327
8607.5,2.1790000000000003,0.45130000000000003
8607.75,2.145,0.40800000000000003
8608.0,2.2880000000000003,0.565
8608.25,2.231,0.45999999999999996
8608.5,2.274,0.538
8608.75,2.112,0.3396
8609.0,2.246,0.504
8609.25,2.093,0.31299999999999994
8609.5,2.218,0.425
8609.75,2.318,0.602
8610.0,2.171,0.42549999999999993
8610.25,2.897,0.28809
8610.5,4.182,0.48585
8610.75,4.1850000000000005,0.42100000000000004
8611.0,4.305,0.601
8611.25,4.276,0.549
8611.5,4.171,0.48289999999999994
8611.75,4.564,0.11119999999999997
8612.0,4.876,0.23500000000000001
8612.25,5.0,0.28900000000000003
8612.5,5.405,0.4
8612.75,4.917999999999999,0.30899999999999994
8613.0,4.937,0.443
8613.25,4.8260000000000005,0.30599999999999994
8613.5,5.066000000000001,0.5519999999999999
8613.75,4.93,0.35500000000000004
8614.0,4.970000000000001,0.417
8614.25,4.75,0.27
8614.5,4.846,0.41100000000000003
8614.75,4.882000000000001,0.45199999999999996
8615.0,4.951,0.531
8615.25,4.831,0.371
8615.5,4.367,0.4
8615.75,2.918,0.21300000000000005
8616.0,3.03,0.279
8616.25,2.8779999999999997,0.10210000000000002
8616.5,3.0469999999999997,0.294
8616.75,3.123,0.41100000000000003
8617.0,3.01,0.289
8617.25,2.79,0.0943
8617.5,2.86,0.24769999999999998
8617.75,2.901,0.264
8618.0,2.851,0.22600000000000003
8618.25,2.789,0.181
8618.5,2.784,0.1253
8618.75,3.0,0.273
8619.0,2.9469999999999996,0.31400000000000006
8619.25,2.9379999999999997,0.28580000000000005
8619.5,2.888,0.22899999999999998
8619.75,2.807,0.062
8620.0,2.7720000000000002,0.128
8620.25,2.761,0.10499999999999998
8620.5,2.8710000000000004,0.23810000000000003
8620.75,2.955,0.3549
8621.0,2.726,0.10199999999999998
8621.25,2.731,0.10199999999999998
8621.5,2.739,0.1356
8621.75,2.833,0.33699999999999997
8622.0,2.029,0.379
8622.25,2.1260000000000003,0.5740000000000001
8622.5,1.9969999999999999,0.492
8622.75,1.974,0.46199999999999997
8623.0,2.1719999999999997,0.675
8623.25,1.98,0.428
8623.5,1.952,0.389
8623.75,1.895,0.36990000000000006
8624.0,1.9329999999999998,0.41690000000000005
8624.25,2.057,0.59
8624.5,2.143,0.608
8624.75,2.126,0.5569999999999999
8625.0,2.092,0.507
8625.25,1.968,0.46
8625.5,2.01,0.52
8625.75,2.0,0.479
8626.0,2.078,0.5880000000000001
8626.25,1.9850000000000003,0.439
8626.5,2.0340000000000003,0.589
8626.75,1.9649999999999999,0.493
8627.0,2.152,0.699
8627.25,1.9169999999999998,0.373
8627.5,1.993,0.4820999999999999
8627.75,1.893,0.37800000000000006
8628.0,1.8780000000000001,0.366
8628.25,1.8319999999999999,0.26899999999999996
8628.5,2.078,0.565
8628.75,2.069,0.566
8629.0,1.9060000000000001,0.3423
8629.25,1.9060000000000001,0.3335
8629.5,1.863,0.30999999999999994
8629.75,1.983,0.44200000000000006
8630.0,2.048,0.53
8630.25,2.011,0.46699999999999997
8630.5,1.9709999999999999,0.43100000000000005
8630.75,2.029,0.544
8631.0,1.967,0.33
8631.25,2.012,0.393
8631.5,2.072,0.569
8631.75,1.9899999999999998,0.489
8632.0,1.915,0.3851
8632.25,1.8860000000000001,0.372
8632.5,2.093,0.558
8632.75,2.078,0.5660000000000001
8633.0,1.9809999999999999,0.46
8633.25,1.916,0.42580000000000007
8633.5,1.8800000000000001,0.357
8633.75,1.98,0.52
8634.0,1.9660000000000002,0.487
8634.25,2.027,0.5760000000000001
8634.5,1.999,0.579
8634.75,2.042,0.626
8635.0,1.8490000000000002,0.37470000000000003
8635.25,1.996,0.508
8635.5,2.103,0.639
8635.75,2.009,0.52
8636.0,1.915,0.4098
8636.25,1.952,0.47200000000000003
8636.5,2.025,0.571
8636.75,2.1109999999999998,0.655
8637.0,2.078,0.482
8637.25,1.872,0.27449999999999997
8637.5,2.022,0.524
8637.75,2.0700000000000003,0.595
8638.0,2.025,0.5439999999999999
8638.25,2.091,0.632
8638.5,2.142,0.714
8638.75,2.0060000000000002,0.5559999999999999
8639.0,1.8960000000000001,0.45199999999999996
8639.25,1.9939999999999998,0.5239999999999999
8639.5,2.0730000000000004,0.5750000000000001
8639.75,2.069,0.585
8640.0,1.9889999999999999,0.49600000000000005
8640.25,2.032,0.597
8640.5,1.996,0.5670000000000001
8640.75,2.18,0.7310000000000001
8641.0,2.026,0.546
8641.25,1.949,0.46699999999999997
8641.5,2.01,0.5760000000000001
8641.75,1.985,0.51
8642.0,2.008,0.544
8642.25,2.1319999999999997,0.6709999999999999
8642.5,2.058,0.6060000000000001
8642.75,1.9489999999999998,0.46099999999999997
8643.0,1.883,0.3313
8643.25,1.962,0.362
8643.5,2.0100000000000002,0.48
8643.75,2.218,0.756
8644.0,1.996,0.512
8644.25,2.04,0.5840000000000001
8644.5,1.8900000000000001,0.41000000000000003
8644.75,2.08,0.603
8645.0,1.991,0.383
8645.25,2.036,0.514
8645.5,2.048,0.637
8645.75,1.9899999999999998,0.551
8646.0,1.9349999999999998,0.48000000000000004
8646.25,2.177,0.7430000000000001
8646.5,2.057,0.617
8646.75,1.991,0.542
8647.0,1.9489999999999998,0.48000000000000004
8647.25,1.915,0.471
8647.5,1.9469999999999998,0.484
8647.75,2.0709999999999997,0.635
8648.0,1.9700000000000002,0.506
8648.25,1.939,0.48500000000000004
8648.5,1.9529999999999998,0.509
8648.75,1.928,0.461
8649.0,1.959,0.424
8649.25,2.049,0.493
8649.5,1.976,0.474
8649.75,2.027,0.572
8650.0,1.984,0.5359999999999999
8650.25,2.043,0.5760000000000001
8650.5,2.033,0.5619999999999999
8650.75,1.959,0.47100000000000003
8651.0,1.91,0.4047
8651.25,2.0069999999999997,0.504
8651.5,2.1029999999999998,0.5940000000000001
8651.75,1.994,0.51
8652.0,2.025,0.516
8652.25,1.971,0.46199999999999997
8652.5,2.068,0.621
8652.75,1.843,0.34299999999999997
8653.0,2.062,0.5790000000000001
8653.25,1.9850000000000003,0.491
8653.5,2.0060000000000002,0.5449999999999999
8653.75,1.9100000000000001,0.461
8654.0,1.9900000000000002,0.5660000000000001
8654.25,1.9969999999999999,0.589
8654.5,2.055,0.605
8654.75,2.0,0.505
8655.0,1.9389999999999998,0.384
8655.25,1.9809999999999999,0.414
8655.5,2.044,0.571
8655.75,2.117,0.6599999999999999
8656.0,2.12,0.687
8656.25,2.0980000000000003,0.673
8656.5,2.0100000000000002,0.541
8656.75,1.915,0.47600000000000003
8657.0,1.9140000000000001,0.444
8657.25,2.067,0.641
8657.5,2.055,0.601
8657.75,3.302,0.575
8658.0,4.262,0.532
8658.25,4.3149999999999995,0.579
8658.5,4.272,0.617
8658.75,4.281,0.612
8659.0,4.132,0.447
8659.25,4.236,0.609
8659.5,4.092,0.431
8659.75,4.676,0.354
8660.0,4.948,0.42500000000000004
8660.25,5.015,0.494
8660.5,4.952,0.41800000000000004
8660.75,4.8309999999999995,0.24760000000000001
8661.0,4.949999999999999,0.34550000000000003
8661.25,5.943,0.462
8661.5,5.209,0.524
8661.75,5.044,0.5800000000000001
8662.0,4.896,0.491
8662.25,4.957000000000001,0.56
8662.5,4.982,0.5559999999999999
8662.75,5.0040000000000004,0.613
8663.0,4.943,0.5589999999999999
8663.25,4.959,0.5660000000000001
8663.5,4.834999999999999,0.4703
8663.75,4.8839999999999995,0.513
8664.0,4.922000000000001,0.547
8664.25,4.877,0.528
8664.5,4.856,0.522
8664.75,4.829,0.404
8665.0,4.808,0.41200000000000003
8665.25,4.985,0.616
8665.5,3.042,0.243
8665.75,2.886,0.34600000000000003
8666.0,2.734,0.15459999999999996
8666.25,2.935,0.43400000000000005
8666.5,2.78,0.2081
8666.75,2.951,0.4
8667.0,2.9219999999999997,0.33899999999999997
8667.25,2.857,0.236
8667.5,2.826,0.18899999999999997
8667.75,2.7969999999999997,0.2481
8668.0,3.1239999999999997,0.649
8668.25,2.949,0.406
8668.5,2.927,0.41600000000000004
8668.75,2.7239999999999998,0.1869
8669.0,2.832,0.248
8669.25,2.955,0.366
8669.5,2.904,0.396
8669.75,2.803,0.3179
8670.0,2.722,0.29171400000000003
8670.25,2.042,0.435
8670.5,1.9820000000000002,0.525
8670.75,2.053,0.583
8671.0,2.05,0.607
8671.25,2.115,0.718
8671.5,2.0,0.576
8671.75,1.831,0.3003
8672.0,2.043,0.5780000000000001
8672.25,2.015,0.485
8672.5,1.979,0.459
8672.75,1.9369999999999998,0.44199999999999995
8673.0,2.1369999999999996,0.6459999999999999
8673.25,1.8840000000000001,0.316
8673.5,2.067,0.46499999999999997
8673.75,1.986,0.485
8674.0,2.145,0.681
8674.25,1.9709999999999999,0.4666
8674.5,1.968,0.4614999999999999
8674.75,1.98,0.468
8675.0,1.9810000000000003,0.44499999999999995
8675.25,1.9989999999999999,0.475
8675.5,1.8529999999999998,0.329
8675.75,2.103,0.646
8676.0,1.924,0.436
8676.25,2.003,0.524
8676.5,1.9289999999999998,0.446
8676.75,1.99,0.516
8677.0,1.863,0.38680000000000003
8677.25,1.973,0.508
8677.5,2.277,0.797
8677.75,1.956,0.384
8678.0,1.992,0.47100000000000003
8678.25,1.876,0.338
8678.5,1.9779999999999998,0.466
8678.75,1.961,0.352
8679.0,2.082,0.603
8679.25,2.111,0.551
8679.5,2.08,0.531
8679.75,1.9089999999999998,0.42499999999999993
8680.0,2.001,0.512
8680.25,2.094,0.623
8680.5,2.036,0.5249999999999999
8680.75,2.021,0.534
8681.0,1.9680000000000002,0.41300000000000003
8681.25,1.9500000000000002,0.465
8681.5,1.9080000000000001,0.397
8681.75,2.124,0.6320000000000001
8682.0,2.0380000000000003,0.5630000000000001
8682.25,2.0469999999999997,0.623
8682.5,1.954,0.509
8682.75,1.928,0.471
8683.0,2.005,0.5619999999999999
8683.25,2.134,0.733
8683.5,2.151,0.746
8683.75,1.914,0.46099999999999997
8684.0,1.987,0.532
8684.25,1.931,0.496
8684.5,2.02,0.554
8684.75,2.058,0.595
8685.0,2.245,0.8419999999999999
8685.25,2.0269999999999997,0.494
8685.5,1.988,0.418
8685.75,1.97,0.47000000000000003
8686.0,2.122,0.6639999999999999
8686.25,2.066,0.5890000000000001
8686.5,2.013,0.5469999999999999
8686.75,1.9809999999999999,0.53
8687.0,2.133,0.714
8687.25,2.026,0.536
8687.5,1.9819999999999998,0.49499999999999994
8687.75,1.948,0.46699999999999997
8688.0,2.106,0.646
8688.25,1.9469999999999998,0.468
8688.5,1.9960000000000002,0.501
8688.75,2.0300000000000002,0.539
8689.0,2.124,0.6940000000000001
8689.25,1.9000000000000001,0.4247000000000001
8689.5,1.9649999999999999,0.502
8689.75,2.047,0.583
8690.0,2.084,0.618
8690.25,1.976,0.48
8690.5,2.027,0.5900000000000001
8690.75,1.887,0.40520000000000006
8691.0,2.045,0.629
8691.25,2.224,0.7769999999999999
8691.5,2.084,0.496
8691.75,2.061,0.57
8692.0,1.94,0.47300000000000003
8692.25,2.0629999999999997,0.634
8692.5,1.96,0.487
8692.75,2.149,0.6980000000000001
8693.0,2.129,0.655
8693.25,2.08,0.63
8693.5,1.9699999999999998,0.48500000000000004
8693.75,1.86,0.369
8694.0,2.003,0.51
8694.25,1.98,0.485
8694.5,2.1109999999999998,0.653
8694.75,2.9450000000000003,0.3786
8695.0,11.84,-0.809
8695.25,30.36,-4.57
8695.5,31.839999999999996,-4.7
8695.75,35.69,-4.64
8696.0,38.230000000000004,-4.58
8696.25,37.05,-4.74
8696.5,37.15,-4.77
8696.75,38.24,-4.9399999999999995
8697.0,41.44,-4.68
8697.25,47.3,-4.67
8697.5,50.3,-4.15
8697.75,50.300000000000004,-3.96
8698.0,49.699999999999996,-4.57
8698.25,50.099999999999994,-4.32
8698.5,50.099999999999994,-4.23
8698.75,49.0,-4.34
8699.0,48.400000000000006,-4.41
8699.25,47.5,-4.17
8699.5,51.0,-3.4
8699.75,51.9,-3.04
8700.0,50.199999999999996,-3.1100000000000003
8700.25,44.5,-3.4200000000000004
8700.5,40.3,-3.04
8700.75,30.3,-0.972
8701.0,19.39,0.7726000000000001
8701.25,17.46,1.107
8701.5,15.08,0.8262
8701.75,13.7,0.819
8702.0,13.62,0.7752
8702.25,13.82,0.646
8702.5,15.419999999999998,0.39499999999999996
8702.75,15.71,0.6936
8703.0,15.59,0.38199999999999995
8703.25,15.66,0.482
8703.5,13.41,1.094
8703.75,13.100000000000001,1.341
8704.0,13.48,1.306
8704.25,12.77,0.99
8704.5,12.690000000000001,0.885
8704.75,10.92,0.43299999999999994
8705.0,8.25,-0.14500000000000002
8705.25,8.121,-0.137
8705.5,8.092,-0.10347
8705.75,6.547000000000001,0.194
8706.0,5.302,0.17100000000000004
8706.25,5.132000000000001,0.245
8706.5,5.235,0.295
8706.75,5.394,0.475
8707.0,5.095000000000001,0.266
8707.25,5.197,0.5609999999999999
8707.5,5.092,0.3488
8707.75,5.204000000000001,0.505
8708.0,5.12,0.407
8708.25,5.064,0.40900000000000003
8708.5,4.942,0.35109999999999997
8708.75,5.024,0.392
8709.0,5.08,0.503
8709.25,5.12,0.533
8709.5,5.344,0.593
8709.75,5.175000000000001,0.5449
8710.0,5.246,0.472
8710.25,5.46,0.355
8710.5,5.592,0.4906
8710.75,5.015,0.5312
8711.0,4.839,0.4618
8711.25,4.840999999999999,0.392
8711.5,4.867,0.45909999999999995
8711.75,5.1339999999999995,0.7115
8712.0,5.100999999999999,0.722
8712.25,4.969,0.5285
8712.5,4.851,0.4212
8712.75,4.911,0.521
8713.0,4.785,0.34450000000000003
8713.25,3.9529999999999994,0.384
8713.5,2.9610000000000003,0.398
8713.75,2.925,0.41600000000000004
8714.0,2.8970000000000002,0.3675
8714.25,2.907,0.412
8714.5,2.9750000000000005,0.3601
8714.75,2.906,0.2468
8715.0,2.935,0.3467
8715.25,2.9219999999999997,0.338
8715.5,2.807,0.23143999999999998
8715.75,2.804,0.225
8716.0,2.82,0.2215
8716.25,2.9610000000000003,0.40900000000000003
8716.5,2.85,0.30800000000000005
8716.75,2.824,0.268
8717.0,2.793,0.23299999999999998
8717.25,3.033,0.498
8717.5,2.91,0.33899999999999997
8717.75,2.815,0.315
8718.0,2.832,0.37379999999999997
8718.25,2.1550000000000002,0.637
8718.5,2.114,0.6954
8718.75,5.28,0.369
8719.0,12.08,0.015000000000000013
8719.25,34.14,-4.01
8719.5,35.48,-4.22
8719.75,36.400000000000006,-4.47
8720.0,36.43,-4.34
8720.25,38.1,-4.5600000000000005
8720.5,39.3,-4.27
8720.75,41.0,-4.18
8721.0,41.019999999999996,-4.6899999999999995
8721.25,41.400000000000006,-4.55
8721.5,42.7,-4.43
8721.75,42.8,-4.58
8722.0,42.4,-4.68
8722.25,42.1,-4.49
8722.5,43.0,-4.8
8722.75,44.6,-4.7299999999999995
8723.0,44.6,-4.9
8723.25,44.9,-4.66
8723.5,46.1,-4.53
8723.75,44.9,-4.5
8724.0,47.300000000000004,-3.6399999999999997
8724.25,45.3,-3.67
8724.5,45.0,-3.71
8724.75,27.79,-0.555
8725.0,17.41,1.4460000000000002
8725.25,15.030000000000001,1.487
8725.5,15.690000000000001,1.095
8725.75,16.55,0.9084
8726.0,13.65,0.544
8726.25,13.48,0.531
8726.5,13.69,0.5640000000000001
8726.75,13.69,0.6825
8727.0,13.499999999999998,0.5
8727.25,13.69,0.7871
8727.5,11.42,1.3780000000000001
8727.75,11.020000000000001,1.602
8728.0,11.1,1.701
8728.25,11.04,1.585
8728.5,11.27,1.486
8728.75,10.77,1.37
8729.0,10.709999999999999,1.2799999999999998
8729.25,10.75,1.456
8729.5,8.129999999999999,0.9849999999999999
8729.75,5.223,0.573
8730.0,5.213,0.591
8730.25,5.175999999999999,0.5529999999999999
8730.5,5.06,0.49232
8730.75,5.164,0.508
8731.0,5.321000000000001,0.8809
8731.25,5.112,0.6403
8731.5,4.866,0.4134
8731.75,4.9190000000000005,0.41400000000000003
8732.0,5.094,0.5680000000000001
8732.25,5.029,0.5
8732.5,5.086,0.59
8732.75,4.969,0.47700000000000004
8733.0,4.857,0.36600000000000005
8733.25,4.788,0.33599999999999997
8733.5,5.5200000000000005,0.5831999999999999
8733.75,4.8870000000000005,0.599
8734.0,4.988,0.6637
8734.25,4.741,0.4226
8734.5,4.753,0.4325
8734.75,4.788,0.4887
8735.0,4.864,0.6191
8735.25,4.79,0.6766
8735.5,4.793000000000001,0.599
8735.75,4.845000000000001,0.7013499999999999
8736.0,4.731000000000001,0.554
8736.25,4.9030000000000005,0.7027
8736.5,4.915000000000001,0.7302
8736.75,4.859999999999999,0.768
8737.0,4.74,0.6572
8737.25,4.782,0.6834
8737.5,3.266,0.619
8737.75,2.794,0.513
8738.0,2.7809999999999997,0.522
8738.25,2.76,0.46399999999999997
8738.5,2.686,0.426
8738.75,2.674,0.40049999999999997
8739.0,2.8289999999999997,0.5447000000000001
8739.25,2.7969999999999997,0.504
8739.5,2.69,0.36669999999999997
8739.75,2.5709999999999997,0.259
8740.0,2.605,0.298
8740.25,2.673,0.33840000000000003
8740.5,2.7749999999999995,0.477
8740.75,2.787,0.499
8741.0,2.668,0.37560000000000004
8741.25,2.654,0.3693
8741.5,2.735,0.41269999999999996
8741.75,2.847,0.586
8742.0,2.717,0.46299999999999997
8742.25,2.056,0.616
8742.5,1.8010000000000002,0.631
8742.75,5.64,0.7148
8743.0,27.409999999999997,-3.3600000000000003
8743.25,31.560000000000002,-4.13
8743.5,33.03,-4.43
8743.75,35.8,-4.39
8744.0,35.9,-4.66
8744.25,36.09,-4.51
8744.5,35.8,-4.51
8744.75,35.0,-4.45
8745.0,36.5,-4.71
8745.25,37.3,-4.41
8745.5,37.599999999999994,-4.34
8745.75,37.900000000000006,-4.21
8746.0,38.4,-4.26
8746.25,41.2,-3.8899999999999997
8746.5,40.6,-4.140000000000001
8746.75,38.3,-4.12
8747.0,31.24,-2.158
8747.25,29.96,-2.092
8747.5,29.6,-1.8563
8747.75,24.55,-1.096
8748.0,22.330000000000002,-1.5223
8748.25,17.9,-2.09091
8748.5,13.2,-1.28
8748.75,11.09,-0.4152
8749.0,4.009,0.7350000000000001
8749.25,3.9139999999999997,0.769
8749.5,3.766,0.6571
8749.75,3.882,0.861
8750.0,3.8080000000000003,0.756
8750.25,3.926,0.861
8750.5,3.8200000000000003,0.74
8750.75,3.872,0.819
8751.0,3.7779999999999996,0.7572000000000001
8751.25,3.955,0.98
8751.5,3.832,0.8089999999999999
8751.75,3.806,0.78
8752.0,3.768,0.7617
8752.25,3.8190000000000004,0.8200000000000001
8752.5,3.82,0.8360000000000001
8752.75,3.812,0.8119999999999999
8753.0,3.8920000000000003,0.9339999999999999
8753.25,3.814,0.872
8753.5,3.758,0.7664
8753.75,3.64,0.6775
8754.0,3.7640000000000002,0.764
8754.25,3.8629999999999995,0.853
8754.5,3.773,0.7809999999999999
8754.75,3.684,0.6695
8755.0,3.7249999999999996,0.7252000000000001
8755.25,3.7800000000000002,0.6915
8755.5,3.831,0.72
8755.75,3.8439999999999994,0.8029999999999999
8756.0,3.9219999999999997,0.9179999999999999
8756.25,3.686,0.6752
8756.5,3.7289999999999996,0.7631
8756.75,3.84,0.8720000000000001
8757.0,3.948,1.016
8757.25,3.783,0.8240000000000001
8757.5,3.807,0.9390000000000001
8757.75,3.717,0.786
8758.0,3.731,0.782
8758.25,3.816,0.908
8758.5,3.778,0.8320000000000001
8758.75,3.7760000000000002,0.8719999999999999
8759.0,3.599,0.63
8759.25,3.644,0.7363
8759.5,3.71,0.774
8759.75,3.711,0.796
