0,0.00511413,0.00141645
0.25,0.00454116,0.000226845
0.5,0.00472221,0.000365295
0.75,0.00535482,0.0015123
1,0.00525684,0.00159963
1.25,0.004951185,0.00105861
1.5,0.004987395,0.00084774
1.75,0.00577869,0.0011715
2,0.004998045,0.00031737
2.25,0.005330325,0.00051333
2.5,0.00579999,0.001945755
2.75,0.006508215,0.00264333
3,0.00497781,0.00093081
3.25,0.0048138,0.000171465
3.5,0.00468174,0.000424935
3.75,0.0056658,0.001811565
4,0.00497142,0.001711455
4.25,0.00550179,0.00200859
4.5,0.00463914,0.00093933
4.75,0.004925625,0.001251375
5,0.004286625,0.00026199
5.25,0.00484788,0.000412155
5.5,0.0046221,0.001027725
5.75,0.004408035,0.001585785
6,0.003228015,0.00032163
6.25,0.00318861,0.000190635
6.5,0.00317796,7.9875e-05
6.75,0.00405126,0.00157194
7,0.004288755,0.001939365
7.25,0.00402144,0.001259895
7.5,0.00341865,2.769e-05
7.75,0.00351024,0.000126735
8,0.002292945,0.00112038
8.25,0.002199225,0.00125244
8.5,0.00227058,0.001042635
8.75,0.00297348,0.001986225
9,0.003504915,0.00121836
9.25,0.00283077,-0.000105435
9.5,0.003117255,3.195e-06
9.75,0.00414924,0.001964925
10,0.004209945,0.002026695
10.25,0.003579465,0.00118854
10.5,0.002382405,0.001164045
10.75,0.00240903,0.000859455
11,0.003242925,0.000388725
11.25,0.003368595,0.000731655
11.5,0.00433242,0.00211935
11.75,0.004968225,0.002540025
12,0.004399515,0.002220525
12.25,0.003886185,0.000885015
12.5,0.003245055,-4.26e-06
12.75,0.00404913,0.001336575
13,0.00374454,0.001917
13.25,0.003017145,0.001078845
13.5,0.003513435,0.001387695
13.75,0.00404061,0.00151656
14,0.00406404,0.001085235
14.25,0.004018245,0.000784905
14.5,0.003193935,-5.751e-05
14.75,0.004672155,0.00141006
15,0.0041109,0.001673115
15.25,0.00418332,0.001336575
15.5,0.00303312,0.001151265
15.75,0.002799885,0.000459015
16,0.002906385,0.00081366
16.25,0.00311193,0.00069012
16.5,0.00322056,0.00091803
16.75,0.004425075,0.001858425
17,0.00441336,0.0018318
17.25,0.00437076,0.00158898
17.5,0.00358053,0.000399375
17.75,0.00347616,8.4135e-05
18,0.004286625,0.00092868
18.25,0.004836165,0.0013845
18.5,0.003673185,0.00067521
18.75,0.00408534,0.00081579
19,0.004186515,0.00085839
19.25,0.00431751,0.00060066
19.5,0.00382548,9.798e-05
19.75,0.00471369,0.00032376
20,0.00581277,0.00084987
20.25,0.00614292,0.000882885
20.5,0.006297345,0.000944655
20.75,0.004827645,2.982e-05
21,0.00546984,0.000143775
21.25,0.006041745,0.000548475
21.5,0.00655614,0.001426035
21.75,0.00633675,0.00200859
22,0.005217435,0.000953175
22.25,0.005766975,0.00116724
22.5,0.00530796,0.000940395
22.75,0.00478611,0.000478185
23,0.004789305,0.00022791
23.25,0.00565941,0.001477155
23.5,0.006576375,0.001928715
23.75,0.006591285,0.0026199
24,0.00512691,0.000989385
24.25,0.00500337,0.00012141
24.5,0.00539103,0.00137385
24.75,0.004863855,0.00096702
25,0.00490752,0.00108417
25.25,0.005078985,0.001262025
25.5,0.005728635,0.00177003
25.75,0.00529305,0.00119493
26,0.004591215,9.9045e-05
26.25,0.004618905,-0.000130995
26.5,0.00564663,0.00168057
26.75,0.00594483,0.00181476
27,0.00514182,0.001413255
27.25,0.00453903,0.000531435
27.5,0.00416415,-6.603e-05
27.75,0.00460719,0.00027477
28,0.00527814,0.00130143
28.25,0.00516738,0.000963825
28.5,0.00489474,0.00141645
28.75,0.004963965,0.001304625
29,0.004284495,0.00017892
29.25,0.004222725,0.00014271
29.5,0.00443253,0.00092016
29.75,0.00474564,0.00205332
30,0.004510275,0.00226632
30.25,0.00371685,0.000825375
30.5,0.00332493,-2.6625e-05
30.75,0.003421845,0.00042387
31,0.00373389,0.001560225
31.25,0.00352728,0.001170435
31.5,0.004263195,0.001204515
31.75,0.00480315,0.002145975
32,0.003700875,0.00087969
32.25,0.004484715,-0.00020874
32.5,0.00554226,-0.000386595
32.75,0.00483723,0.000959565
33,0.00451773,0.00244098
33.25,0.005850045,0.00313323
33.5,0.004797825,0.00071781
33.75,0.003187545,4.3665e-05
34,0.00461571,0.00082218
34.25,0.005055555,0.00244098
34.5,0.004929885,0.00215343
34.75,0.00399801,0.00190422
35,0.00519933,0.0024495
35.25,0.004942665,0.00172104
35.5,0.00657957,-0.0013206
35.75,0.00600447,-0.000810465
36,0.00512478,0.002757285
36.25,0.00545067,0.002631615
36.5,0.00559125,0.002569845
36.75,0.005937375,0.00152721
37,0.00377649,-0.000173595
37.25,0.004848945,0.0015123
37.5,0.004900065,0.0013419
37.75,0.004307925,0.001566615
38,0.004557135,0.00155064
38.25,0.00459654,0.00195108
38.5,0.00500124,0.00324399
38.75,0.00379566,-0.00012993
39,0.004667895,0.00071355
39.25,0.005281335,0.001404735
39.5,0.005038515,0.0020448
39.75,0.0044304,0.00129504
40,0.004331355,0.001051155
40.25,0.004672155,0.001387695
40.5,0.00424509,0.00058362
40.75,0.00429408,0.000580425
41,0.004071495,0.000241755
41.25,0.004618905,0.001408995
41.5,0.004625295,0.00128439
41.75,0.005110935,0.00176364
42,0.00417267,0.00092229
42.25,0.003992685,0.000510135
42.5,0.00410238,0.00067095
42.75,0.00421101,0.000795555
43,0.00472647,0.001193865
43.25,0.00483084,0.00092016
43.5,0.00586815,0.00165501
43.75,0.005579535,0.001555965
44,0.00586815,0.00038766
44.25,0.00516312,-2.8755e-05
44.5,0.00586602,0.000331215
44.75,0.0065817,0.00085413
45,0.006685005,0.001170435
45.25,0.00577656,0.00075189
45.5,0.006218535,0.001402605
45.75,0.0060918,0.00090525
46,0.00629415,0.00138237
46.25,0.005647695,0.000616635
46.5,0.00564663,0.00110121
46.75,0.00609393,0.00146757
47,0.006356985,0.001981965
47.25,0.00638787,0.001999005
47.5,0.00536121,-0.000122475
47.75,0.005134365,0.000282225
48,0.0054741,0.000874365
48.25,0.006403845,0.00186162
48.5,0.005766975,0.00188079
48.75,0.00548688,0.001021335
49,0.00537825,0.00094572
49.25,0.00513756,0.000650715
49.5,0.005447475,0.000916965
49.75,0.006080085,0.001506975
50,0.005769105,0.001293975
50.25,0.006642405,0.00263694
50.5,0.006026835,0.002114025
50.75,0.005588055,-0.000158685
51,0.004608255,3.834e-05
51.25,0.005662605,0.000889275
51.5,0.006520995,0.001877595
51.75,0.005530545,0.0010437
52,0.00529305,0.00100749
52.25,0.00474777,0.00022152
52.5,0.00479037,0.000556995
52.75,0.005172705,0.0009372
53,0.004983135,0.001021335
53.25,0.00500976,0.00100536
53.5,0.005507115,0.00234513
53.75,0.004205685,0.000559125
54,0.00404061,0.000141645
54.25,0.00369555,0.00048351
54.5,0.0045795,0.002039475
54.75,0.004356915,0.00244737
55,0.00369342,0.00161241
55.25,0.0024495,-9.159e-05
55.5,0.004405905,0.00061344
55.75,0.00477546,0.001447335
56,0.00403635,0.001704
56.25,0.0043878,0.002337675
56.5,0.003762645,0.00185736
56.75,0.004597605,0.001962795
57,0.00485427,0.001530405
57.25,0.004024635,5.964e-05
57.5,0.005096025,0.00171678
57.75,0.00581064,0.00354432
58,0.005713725,0.00345699
58.25,0.00631545,0.001762575
58.5,0.00882672,-0.0012993
58.75,0.007833075,-0.00158046
59,0.00893109,-7.881e-05
59.25,0.008804355,0.000322695
59.5,0.006895875,0.00146118
59.75,0.00772338,0.00176151
60,0.007730835,0.002514465
60.25,0.00726969,0.001700805
60.5,0.005268555,-0.000721005
60.75,0.006540165,3.5145e-05
61,0.007496535,0.00319926
61.25,0.00742518,0.002290815
61.5,0.00618765,0.001372785
61.75,0.00591075,0.00096702
62,0.005074725,0.00116724
62.25,0.01863111,-0.00133338
62.5,0.02227554,-0.001690155
62.75,0.02154495,-0.001391955
63,0.020994345,-0.000980865
63.25,0.02144271,-0.00018105
63.5,0.01622208,-0.00075615
63.75,0.01613262,-0.001061805
64,0.01820085,-0.002697645
64.25,0.020044365,-0.001210905
64.5,0.01923603,-0.001000035
64.75,0.019009185,-0.000910575
65,0.019002795,-0.001206645
65.25,0.01464588,0.000580425
65.5,0.01087152,0.00067095
65.75,0.00952749,-0.00115446
66,0.00848379,-0.00096276
66.25,0.00652419,0.000348255
66.5,0.005973585,0.00155277
66.75,0.00515034,0.00051546
67,0.005415525,0.00092016
67.25,0.00581703,0.000599595
67.5,0.006301605,0.000512265
67.75,0.005671125,0.000284355
68,0.006625365,0.000162945
68.25,0.006989595,0.00047499
68.5,0.00719727,0.00054102
68.75,0.00832404,0.001411125
69,0.006576375,-0.000380205
69.25,0.00662856,-0.000350385
69.5,0.00745287,0.000386595
69.75,0.008135535,0.0011289
70,0.00751464,0.000959565
70.25,0.00701409,0.000554865
70.5,0.0061557,-6.603e-05
70.75,0.00672654,0.0004047
71,0.006229185,-0.000188505
71.25,0.006966165,0.00054954
71.5,0.007174905,0.000812595
71.75,0.00793212,0.00137598
72,0.00629415,0.00093933
72.25,0.005639175,-0.000450495
72.5,0.005353755,-0.000588945
72.75,0.006876705,0.001059675
73,0.006416625,0.00159963
73.25,0.00600873,0.000627285
73.5,0.006177,0.000177855
73.75,0.00645177,-0.000280095
74,0.006418755,0.00069225
74.25,0.006968295,0.00115233
74.5,0.0067734,0.00088395
74.75,0.006608325,0.00114594
75,0.00685221,0.00074976
75.25,0.00641769,2.2365e-05
75.5,0.00594483,-0.000312045
75.75,0.00598743,0.00043452
76,0.0069225,0.00179346
76.25,0.00701835,0.002069295
76.5,0.00538038,-0.000207675
76.75,0.005008695,-0.000708225
77,0.00621108,0.000518655
77.25,0.00583407,0.001200255
77.5,0.005104545,0.000578295
77.75,0.004885155,0.000769995
78,0.00473286,0.000220455
78.25,0.00439845,0.000256665
78.5,0.004009725,-7.3485e-05
78.75,0.00502893,0.00105009
79,0.00515247,0.000985125
79.25,0.005338845,0.001014945
79.5,0.00480102,0.00048138
79.75,0.004657245,-0.000267315
80,0.00341226,0.000273705
80.25,0.0041748,0.00099045
80.5,0.005155665,0.002329155
80.75,0.00460932,0.00053889
81,0.00453051,-0.0004473
81.25,0.00488622,-8.733e-05
81.5,0.00618339,0.001541055
81.75,0.00662643,0.001969185
82,0.00631332,0.00175512
82.25,0.0057723,0.001065
82.5,0.003854235,0.000301395
82.75,0.004001205,0.000527175
83,0.00430686,8.094e-05
83.25,0.004876635,0.00107778
83.5,0.00643047,0.00279669
83.75,0.005726505,0.001602825
84,0.005268555,0.000533565
84.25,0.005519895,0.00068373
84.5,0.0051759,0.000591075
84.75,0.005015085,0.00093294
85,0.00412581,0.001374915
85.25,0.004261065,0.00130356
85.5,0.005705205,0.002499555
85.75,0.005211045,0.00110973
86,0.00434733,-0.000448365
86.25,0.00475629,0.00010224
86.5,0.005634915,0.001000035
86.75,0.005656215,0.001730625
87,0.005617875,0.0011076
87.25,0.005315415,0.000742305
87.5,0.0045795,0.00074337
87.75,0.004188645,0.0004473
88,0.004192905,0.00033654
88.25,0.00495225,0.000882885
88.5,0.004548615,0.00061983
88.75,0.005325,0.001298235
89,0.00571053,0.001242855
89.25,0.0046434,8.6265e-05
89.5,0.00482019,-8.6265e-05
89.75,0.004401645,-0.00016401
90,0.00577443,0.000806205
90.25,0.0057084,0.00089247
90.5,0.00464127,0.0004899
90.75,0.004363305,0.000363165
91,0.004793565,0.00010224
91.25,0.00559338,0.000721005
91.5,0.00543363,0.0003834
91.75,0.00527814,0.00064326
92,0.00660087,0.00067521
92.25,0.007087575,0.000934005
92.5,0.006780855,0.000855195
92.75,0.005905425,-0.0005538
93,0.006037485,-0.00061344
93.25,0.00804714,0.00198729
93.5,0.00786609,0.001636905
93.75,0.00687351,0.000738045
94,0.00685434,0.00065178
94.25,0.006499695,-0.000235365
94.5,0.006239835,0.00046221
94.75,0.006584895,0.00062196
95,0.006472005,0.000640065
95.25,0.007044975,0.001660335
95.5,0.00731442,0.001579395
95.75,0.006403845,-0.00071142
96,0.005894775,-0.00024708
96.25,0.006872445,0.00086265
96.5,0.00672654,0.00145692
96.75,0.006408105,0.00108843
97,0.00593844,0.000610245
97.25,0.005954415,-0.00054315
97.5,0.007032195,0.000137385
97.75,0.00690333,0.000910575
98,0.00698001,0.001362135
98.25,0.006395325,0.001147005
98.5,0.006861795,0.0009372
98.75,0.00624516,-0.000130995
99,0.00539742,-0.000282225
99.25,0.0057297,-8.307e-05
99.5,0.006627495,0.00165501
99.75,0.006738255,0.001730625
100,0.006105645,0.00065817
100.25,0.005466645,-0.00072207
100.5,0.00552096,0.000141645
100.75,0.00563385,0.00097341
101,0.005558235,0.00083496
101.25,0.005089635,0.000769995
101.5,0.00555078,0.001072455
101.75,0.004893675,0.000329085
102,0.00455181,-0.000512265
102.25,0.00467535,0.000190635
102.5,0.005260035,0.00116511
102.75,0.005034255,0.001532535
103,0.00461571,0.000554865
103.25,0.00403422,-7.881e-05
103.5,0.00432816,-0.00022791
103.75,0.00474777,0.00060066
104,0.00400227,0.002114025
104.25,0.00383613,0.00180411
104.5,0.003624195,6.603e-05
104.75,0.003741345,-0.000354645
105,0.004390995,0.00052185
105.25,0.00505449,0.00151017
105.5,0.00559977,0.00105009
105.75,0.00654549,0.001858425
106,0.005432565,0.00118641
106.25,0.00512478,0.000556995
106.5,0.00343782,5.325e-06
106.75,0.00354645,0.000246015
107,0.004686,0.0015123
107.25,0.0062835,0.00261351
107.5,0.00553587,0.00150165
107.75,0.00529092,0.000154425
108,0.005294115,0.00010011
108.25,0.00575952,0.00082857
108.5,0.006256875,0.001917
108.75,0.005722245,0.00182967
109,0.00368064,0.00088182
109.25,0.003943695,0.00089247
109.5,0.0050907,0.00148248
109.75,0.004846815,0.000591075
110,0.00526323,-0.00010437
110.25,0.00469665,0.00076467
110.5,0.005649825,0.00122262
110.75,0.006250485,0.002233305
111,0.00514608,0.000972345
111.25,0.004770135,0.000320565
111.5,0.004137525,0.000435585
111.75,0.00430899,0.00028755
112,0.00434307,0.00081153
112.25,0.005047035,0.00085413
112.5,0.00476055,0.000689055
112.75,0.005700945,0.00148461
113,0.00523128,0.000929745
113.25,0.004789305,-1.8105e-05
113.5,0.004363305,-0.00022578
113.75,0.005566755,0.000535695
114,0.006173805,0.00136107
114.25,0.004748835,0.000454755
114.5,0.004748835,0.00053037
114.75,0.004401645,0.000299265
115,0.00477759,0.00031311
115.25,0.004682805,0.0001491
115.5,0.00509283,0.000233235
115.75,0.005309025,0.0005751
116,0.006665835,0.00044943
116.25,0.00748056,0.00053463
116.5,0.006501825,-9.798e-05
116.75,0.00582768,-0.000371685
117,0.00681387,0.000284355
117.25,0.00802797,0.00090099
117.5,0.00735915,0.00043878
117.75,0.007283535,0.000424935
118,0.005958675,-0.0001704
118.25,0.00696297,3.9405e-05
118.5,0.006386805,8.6265e-05
118.75,0.006271785,0.00027477
119,0.006214275,0.000292875
119.25,0.007249455,0.00085839
119.5,0.0065391,0.000192765
119.75,0.006067305,-0.000452625
120,0.006569985,0.00019383
120.25,0.00671802,0.000450495
120.5,0.00667329,0.00105222
120.75,0.006589155,0.00124392
121,0.006003405,-0.000273705
121.25,0.005886255,-0.00059214
121.5,0.0060918,5.6445e-05
121.75,0.00675636,0.001157655
122,0.007358085,0.001585785
122.25,0.005909685,0.0001704
122.5,0.00575526,-0.000488835
122.75,0.00574887,-0.000269445
123,0.005905425,0.000239625
123.25,0.00667755,0.00128652
123.5,0.00682026,0.001072455
123.75,0.00582555,-0.000190635
124,0.005240865,-0.000422805
124.25,0.00538677,-8.52e-05
124.5,0.006229185,0.000686925
124.75,0.005323935,0.000254535
125,0.005956545,0.00035571
125.25,0.005326065,-0.00019383
125.5,0.00611097,0.00021087
125.75,0.0049203,8.307e-05
126,0.00547836,0.000697575
126.25,0.005066205,0.000644325
126.5,0.00480741,0.00017892
126.75,0.004331355,0.000239625
127,0.00471369,0.00035997
127.25,0.004544355,0.00015549
127.5,0.00513117,0.00052824
127.75,0.005728635,0.00077319
128,0.017373345,0.00119919
128.25,0.01737441,0.000559125
128.5,0.024161655,0.000780645
128.75,0.022596105,0.00140154
129,0.025693125,0.00248997
129.25,0.018065595,0.00212148
129.5,0.04162233,0.001702935
129.75,0.037712715,0.000629415
130,0.04198656,0.00077958
130.25,0.03020553,0.002603925
130.5,0.033358995,0.00382548
130.75,0.0341439,0.00219816
131,0.034132185,0.00086052
131.25,0.04688982,0.00039405
131.5,0.042826845,0.00147396
131.75,0.05558235,0.002961765
132,0.06271359,0.005268555
132.25,0.05147784,0.003202455
132.5,0.055144635,0.00339096
132.75,0.05714151,0.002556
133,0.04379493,0.001509105
133.25,0.0388938,8.946e-05
133.5,0.04240617,0.000674145
133.75,0.047655555,0.000101175
134,0.05485815,-0.000248145
134.25,0.048260475,-0.0004899
134.5,0.046533045,-0.00335262
134.75,0.04127514,-0.003040575
135,0.046058055,-0.001939365
135.25,0.04627851,-0.00075189
135.5,0.047764185,-0.00055593
135.75,0.039570075,-0.00203628
136,0.034977795,-0.002486775
136.25,0.032962815,-0.00245376
136.5,0.03251019,-0.00180411
136.75,0.03292554,-0.00238986
137,0.028864695,-0.00112677
137.25,0.01715076,-0.000823245
137.5,0.019185975,-0.0004686
137.75,0.019117815,-0.00074124
138,0.014297625,-0.001749795
138.25,0.00451134,-0.000162945
138.5,0.005287725,0.000840285
138.75,0.004844685,0.00066669
139,0.00484149,0.000550605
139.25,0.00489474,0.000444105
139.5,0.005315415,0.000237495
139.75,0.005568885,0.000435585
140,0.00602364,-0.000367425
140.25,0.00657957,0.00027477
140.5,0.00671802,0.000503745
140.75,0.006978945,0.000723135
141,0.006075825,-0.000113955
141.25,0.005973585,-0.000211935
141.5,0.00591501,-0.00047925
141.75,0.00687138,0.000716745
142,0.00682665,0.00123753
142.25,0.006638145,0.000689055
142.5,0.00560829,-0.00030246
142.75,0.005340975,-0.000224715
143,0.005590185,-0.000154425
143.25,0.006510345,0.00110973
143.5,0.00693741,0.001000035
143.75,0.006003405,0.000337605
144,0.005283465,-0.00056445
144.25,0.005899035,-2.8755e-05
144.5,0.005694555,0.000177855
144.75,0.005475165,0.000299265
145,0.00628563,0.0006603
145.25,0.005754195,0.000471795
145.5,0.00622599,-4.047e-05
145.75,0.00595548,-0.000493095
146,0.005909685,-2.0235e-05
146.25,0.00667755,0.0011502
146.5,0.00672441,0.00124818
146.75,0.006544425,0.00124605
147,0.00572544,-0.000574035
147.25,0.005181225,-0.00080088
147.5,0.00588306,-6.816e-05
147.75,0.006748905,0.001762575
148,0.006054525,0.001134225
148.25,0.00523341,-0.00020022
148.5,0.00486918,-0.000401505
148.75,0.004497495,-0.0005964
149,0.005551845,0.000235365
149.25,0.006037485,0.001447335
149.5,0.00538677,0.0012567
149.75,0.00409386,-0.00050055
150,0.00384252,-0.000625155
150.25,0.00461997,0.000305655
150.5,0.00510987,0.001411125
150.75,0.004186515,0.0006603
151,0.00313323,0.00013206
151.25,0.00384891,-0.000254535
151.5,0.004414425,-0.00019809
151.75,0.00486279,0.000678405
152,0.004365435,0.000782775
152.25,0.00522276,0.00078597
152.5,0.01937448,-0.00035145
152.75,0.028609095,-0.001577265
153,0.03523233,-0.002503815
153.25,0.02477616,-0.00151443
153.5,0.025375755,-0.00139515
153.75,0.03113421,-0.001121445
154,0.02699988,-0.00114168
154.25,0.030472845,-0.002793495
154.5,0.027218205,-0.00296496
154.75,0.027098925,-0.000874365
155,0.027348135,-0.000343995
155.25,0.022681305,3.3015e-05
155.5,0.027957315,-0.001922325
155.75,0.03210549,-0.00275409
156,0.032854185,-0.00250914
156.25,0.0241968,-7.5615e-05
156.5,0.04724979,-0.00073272
156.75,0.045191145,-0.00190635
157,0.04532853,-0.001628385
157.25,0.0344847,-0.00150804
157.5,0.041674515,-0.001977705
157.75,0.032645445,-0.001996875
158,0.03825693,-0.00047286
158.25,0.03738363,-0.00097554
158.5,0.033356865,-0.00097128
158.75,0.03585216,-0.00237282
159,0.033859545,-0.00349107
159.25,0.03428022,-0.002955375
159.5,0.03036954,-0.001293975
159.75,0.030907365,-0.001988355
160,0.02917887,-0.00163584
160.25,0.01873548,-0.00061557
160.5,0.01664382,-0.00129504
160.75,0.01552557,-0.001590045
161,0.01530192,-0.0018531
161.25,0.01713585,-0.001298235
161.5,0.02056515,-0.00075402
161.75,0.01798359,-0.000375945
162,0.01928715,-0.00162093
162.25,0.017628945,-0.002337675
162.5,0.015679995,-0.002020305
162.75,0.01618161,-0.000970215
163,0.01443288,-0.000252405
163.25,0.007726575,-0.000320565
163.5,0.00575313,0.000706095
163.75,0.006129075,0.000885015
164,0.00669246,-3.621e-05
164.25,0.006227055,-0.000329085
164.5,0.00671589,0.000179985
164.75,0.00664134,0.00025347
165,0.007600905,0.001008555
165.25,0.006885225,0.000535695
165.5,0.0059427,-0.000550605
165.75,0.006131205,-0.000382335
166,0.00711207,0.00084561
166.25,0.007015155,0.00112677
166.5,0.00633249,0.000546345
166.75,0.00608541,0.000228975
167,0.005609355,-0.000608115
167.25,0.00639639,0.00033228
167.5,0.00707373,0.001063935
167.75,0.00652632,0.000542085
168,0.00615144,0.000633675
168.25,0.00605772,0.00042174
168.5,0.005835135,8.8395e-05
168.75,0.00544002,-0.00024069
169,0.0057297,7.7745e-05
169.25,0.00597891,0.00062196
169.5,0.006925695,0.000985125
169.75,0.00639426,0.001496325
170,0.00552948,-0.000561255
170.25,0.0057723,-0.00123966
170.5,0.006510345,0.00082644
170.75,0.007257975,0.00254109
171,0.006207885,0.00125883
171.25,0.006131205,0.00013845
171.5,0.00560403,-0.000669885
171.75,0.00598743,-0.00020661
172,0.006165285,0.001108665
172.25,0.006007665,0.001000035
172.5,0.005519895,0.000623025
172.75,0.005064075,-0.000672015
173,0.005858565,0.000672015
173.25,0.00567645,-0.000150165
173.5,0.005253645,0.00077532
173.75,0.005157795,0.00106713
174,0.005379315,0.000708225
174.25,0.004876635,0.000395115
174.5,0.00486279,5.8575e-05
174.75,0.00371046,-7.7745e-05
175,0.0039192,0.000951045
175.25,0.004143915,0.000412155
175.5,0.011285805,-0.00078597
175.75,0.020591775,-0.00220668
176,0.01771521,-0.002290815
176.25,0.023137125,-0.001464375
176.5,0.025196835,-0.000936135
176.75,0.02281017,-0.00047073
177,0.022415055,-0.0014697
177.25,0.024204255,-0.001913805
177.5,0.020527875,3.0885e-05
177.75,0.031427085,0.00059427
178,0.028896645,0.00012141
178.25,0.03300222,-0.00036423
178.5,0.01966203,5.112e-05
178.75,0.02731086,-0.00051759
179,0.02388369,2.769e-05
179.25,0.02710212,0.00031524
179.5,0.033946875,0.00137172
179.75,0.03271467,0.00132699
180,0.03519399,0.002290815
180.25,0.03345804,0.001641165
180.5,0.03398415,0.000842415
180.75,0.032602845,0.00125883
181,0.023556735,0.001438815
181.25,0.015017565,-0.000326955
181.5,0.01280769,-0.00047712
181.75,0.01511661,-0.00153786
182,0.01400901,-0.00199155
182.25,0.01463523,-0.00136746
182.5,0.014747055,9.372e-05
182.75,0.0146757,-0.00109908
183,0.01569171,-0.001381305
183.25,0.01565763,-0.000429195
183.5,0.015861045,-0.001758315
183.75,0.011914155,-0.00182115
184,0.01448187,-0.0016827
184.25,0.016487265,-0.000942525
184.5,0.01366182,-0.000307785
184.75,0.016578855,2.0235e-05
185,0.014299755,-0.000991515
185.25,0.014301885,-0.00131634
185.5,0.01434555,-0.00105861
185.75,0.013618155,-0.000356775
186,0.0149313,-0.000335475
186.25,0.013892925,-0.00069864
186.5,0.011126055,-0.00057723
186.75,0.012587235,-0.00069012
187,0.011015295,-0.000605985
187.25,0.004410165,-0.00044304
187.5,0.005581665,0.000844545
187.75,0.00522276,0.000955305
188,0.00706521,0.00148887
188.25,0.006486915,0.00080514
188.5,0.005818095,-0.00062196
188.75,0.005228085,-0.00043878
189,0.006910785,0.00085626
189.25,0.006616845,0.001014945
189.5,0.00657957,0.00094359
189.75,0.00633462,0.000471795
190,0.00527601,-0.00057723
190.25,0.005087505,-0.00051759
190.5,0.005820225,0.00079023
190.75,0.005784015,0.00107565
191,0.005948025,0.00063687
191.25,0.005777625,0.00046434
191.5,0.00526749,-0.000361035
191.75,0.00586389,0.00030885
192,0.00568071,0.00079662
192.25,0.005792535,0.001046895
192.5,0.00512265,0.000686925
192.75,0.0056871,0.000876495
193,0.00520146,0.000280095
193.25,0.00476268,-0.000774255
193.5,0.00591927,0.00041322
193.75,0.005722245,0.001195995
194,0.00631971,0.001781745
194.25,0.00590436,0.00106926
194.5,0.00540381,-0.00016401
194.75,0.005262165,-0.001021335
195,0.00559338,0.000676275
195.25,0.00549966,0.000853065
195.5,0.00564663,0.001149135
195.75,0.005155665,0.000282225
196,0.004395255,-0.00057084
196.25,0.00482871,-0.00054528
196.5,0.005059815,0.000674145
196.75,0.005513505,0.001421775
197,0.00518655,0.000608115
197.25,0.00451134,-0.00052185
197.5,0.004141785,-0.000233235
197.75,0.004045935,0.00013419
198,0.00441123,0.0007881
198.25,0.00484575,0.00192765
198.5,0.004086405,0.000358905
198.75,0.00322908,-0.000390855
199,0.002563455,-0.000510135
199.25,0.004148175,0.000693315
199.5,0.00599808,0.001330185
199.75,0.00706521,0.0003195
200,0.00797046,0.00015123
200.25,0.00978735,-0.000399375
200.5,0.010446585,0.00034293
200.75,0.011654295,0.002488905
201,0.02143845,0.000759345
201.25,0.014372175,-0.00060066
201.5,0.02349177,-0.001964925
201.75,0.03993537,-0.001751925
202,0.04365435,0.00032589
202.25,0.04223151,0.00127161
202.5,0.037742535,0.000448365
202.75,0.04063401,-0.000218325
203,0.04204194,-0.00039405
203.25,0.045402015,-0.000288615
203.5,0.049044315,0.00130995
203.75,0.046739655,0.002122545
204,0.023592945,0.000665625
204.25,0.033565605,0.001247115
204.5,0.025069035,0.000772125
204.75,0.03371577,0.001313145
205,0.022167975,0.000774255
205.25,0.014327445,-0.000218325
205.5,0.01150413,-0.000620895
205.75,0.012297555,-0.000740175
206,0.01191948,-0.00046434
206.25,0.01558095,-0.0010437
206.5,0.02008803,-0.00208527
206.75,0.023390595,-0.00199155
207,0.02300187,-0.001189605
207.25,0.01952358,-0.000708225
207.5,0.012844965,-0.00028755
207.75,0.011826825,-0.001509105
208,0.01604316,-0.00169761
208.25,0.01357236,-0.000637935
208.5,0.01517199,-0.000410025
208.75,0.013085655,-0.00075402
209,0.01183641,-0.000282225
209.25,0.014779005,-0.000343995
209.5,0.01392807,-0.00084987
209.75,0.005336715,-1.1715e-05
210,0.00436863,2.8755e-05
210.25,0.004940535,0.00101175
210.5,0.00503319,0.00136533
210.75,0.004418685,0.00081579
211,0.00423444,0.000280095
211.25,0.003605025,-0.000154425
211.5,0.00409599,-4.5795e-05
211.75,0.005598705,0.0011289
212,0.00574674,0.00030033
212.25,0.00552948,0.00022578
212.5,0.0061131,0.0003834
212.75,0.005394225,4.5795e-05
213,0.00530583,-9.4785e-05
213.25,0.005630655,0.00021087
213.5,0.005860695,0.000480315
213.75,0.006493305,0.001106535
214,0.006301605,0.00122475
214.25,0.00501189,-0.00041109
214.5,0.00496929,-0.000282225
214.75,0.00531009,-8.733e-05
215,0.00596826,0.00115659
215.25,0.00605772,0.0013206
215.5,0.00617913,0.00094998
215.75,0.0055806,-0.00050055
216,0.005153535,-0.00020022
216.25,0.00554652,0.000559125
216.5,0.00581064,0.00170187
216.75,0.005428305,0.00090525
217,0.00550818,0.001140615
217.25,0.004770135,-0.000292875
217.5,0.00571266,0.000422805
217.75,0.005681775,0.00041961
218,0.0056871,0.00056658
218.25,0.00509496,0.000703965
218.5,0.00541233,0.00109695
218.75,0.005334585,0.00057936
219,0.005051295,3.195e-05
219.25,0.00470304,-0.000122475
219.5,0.005283465,0.001157655
219.75,0.005234475,0.000870105
220,0.005754195,0.001619865
220.25,0.004812735,-1.5975e-05
220.5,0.00420888,-0.00043878
220.75,0.004071495,-0.00013206
221,0.005181225,0.000776385
221.25,0.005074725,0.001140615
221.5,0.00478824,0.00076254
221.75,0.003815895,-0.000145905
222,0.003632715,-0.00041961
222.25,0.003805245,7.881e-05
222.5,0.00478824,0.00155277
222.75,0.00397884,0.00137811
223,0.003594375,5.538e-05
223.25,0.00336753,-0.000199155
223.5,0.00397032,-8.8395e-05
223.75,0.00529731,0.0004686
224,0.006363375,0.000520785
224.25,0.00404487,0.000755085
224.5,0.00663495,-0.000288615
224.75,0.013690575,-0.001489935
225,0.01867158,-0.001502715
225.25,0.01815186,-0.00102666
225.5,0.019337205,-0.00140793
225.75,0.029867925,-0.001423905
226,0.029786985,-0.00129717
226.25,0.024915675,-0.00213852
226.5,0.02174304,-0.002418615
226.75,0.013618155,-0.00099045
227,0.0138024,-0.000804075
227.25,0.02214774,-0.00039405
227.5,0.02979657,-0.00043239
227.75,0.029518605,-0.001653945
228,0.023857065,-0.002192835
228.25,0.030666675,-0.001960665
228.5,0.02590293,-0.00034506
228.75,0.03193509,-0.000414285
229,0.025546155,-0.00069438
229.25,0.019603455,-0.00145479
229.5,0.021705765,-0.002414355
229.75,0.03028434,-0.00182115
230,0.025827315,-0.001125705
230.25,0.02775816,-0.001421775
230.5,0.02670594,-0.00107991
230.75,0.02608824,-0.001253505
231,0.027420555,-0.001432425
231.25,0.029169285,-0.00254535
231.5,0.023989125,-0.002361105
231.75,0.024600435,-0.001119315
232,0.020031585,-0.001059675
232.25,0.01508466,-0.001119315
232.5,0.011726715,-0.00053676
232.75,0.01235187,-0.001734885
233,0.01384926,-0.00178281
233.25,0.014915325,-0.001413255
233.5,0.01401966,-0.00080301
233.75,0.013933395,-0.00046434
234,0.01394724,-0.000861585
234.25,0.0146757,-0.0013632
234.5,0.013132515,-0.00188292
234.75,0.004478325,-0.000322695
235,0.004474065,0.000733785
235.25,0.005473035,0.00153999
235.5,0.005396355,0.00134829
235.75,0.006589155,0.001739145
236,0.006685005,-6.2835e-05
236.25,0.00582981,-0.00041109
236.5,0.006077955,-3.834e-05
236.75,0.00616635,0.00052185
237,0.006685005,0.00102027
237.25,0.006391065,0.000951045
237.5,0.006301605,0.00049416
237.75,0.00581703,-0.000150165
238,0.005683905,-0.000231105
238.25,0.006031095,-7.881e-05
238.5,0.00637722,0.00118641
238.75,0.00638787,0.001070325
239,0.00602577,0.000831765
239.25,0.005913945,0.000265185
239.5,0.005737155,-0.00041322
239.75,0.00568923,-0.00055167
240,0.00583407,0.000797685
240.25,0.00610884,0.00083709
240.5,0.0054741,0.00067734
240.75,0.00561255,0.000467535
241,0.00532074,-0.00023004
241.25,0.00484575,-0.00042174
241.5,0.00616209,0.000840285
241.75,0.006472005,0.0010863
242,0.00562107,0.000578295
242.25,0.005628525,0.000213
242.5,0.00556569,-0.000158685
242.75,0.005115195,-0.000501615
243,0.005790405,0.000301395
243.25,0.005483685,0.000974475
243.5,0.006348465,0.00138876
243.75,0.00540168,-5.0055e-05
244,0.00482019,-0.000194895
244.25,0.004985265,-0.00045582
244.5,0.00548901,0.00075828
244.75,0.00552522,0.001040505
245,0.005530545,0.00062835
245.25,0.00461997,-0.00039831
245.5,0.004848945,-9.6915e-05
245.75,0.00439419,-6.603e-05
246,0.00474777,0.000850935
246.25,0.00470091,0.00109908
246.5,0.004791435,0.00093507
246.75,0.00398097,-0.000290745
247,0.00421527,-0.000235365
247.25,0.0042387,0.00048564
247.5,0.0050055,0.00105648
247.75,0.00469452,0.00086478
248,0.003622065,0.00060066
248.25,0.00332706,-1.278e-05
248.5,0.003185415,-0.000326955
248.75,0.003884055,0.00054102
249,0.00490113,0.001332315
249.25,0.004906455,0.00110547
249.5,0.004987395,0.000337605
249.75,0.00500124,8.946e-05
250,0.004787175,-0.000213
250.25,0.00542085,0.000495225
250.5,0.003777555,0.00120132
250.75,0.0037062,0.00124392
251,0.003647625,0.000827505
251.25,0.003396285,-5.0055e-05
251.5,0.003679575,-7.455e-06
251.75,0.004324965,9.585e-06
252,0.004797825,0.001189605
252.25,0.004987395,0.00149526
252.5,0.004563525,0.001061805
252.75,0.004457025,0.00041535
253,0.00432603,0.000120345
253.25,0.00369129,-0.00025986
253.5,0.005223825,0.000923355
253.75,0.00542298,0.001400475
254,0.00522702,0.00108843
254.25,0.005106675,0.001166175
254.5,0.004322835,0.000269445
254.75,0.004535835,-0.000307785
255,0.004373955,0
255.25,0.005206785,0.001225815
255.5,0.0043026,0.000885015
255.75,0.004597605,0.00122262
256,0.00419823,0.000876495
256.25,0.00390642,-0.00024069
256.5,0.0046008,0.00025347
256.75,0.00456672,4.3665e-05
257,0.00556356,0.001200255
257.25,0.005029995,0.00101175
257.5,0.005068335,0.00067734
257.75,0.00501402,0.0008094
258,0.00443466,-0.000137385
258.25,0.0041109,-0.00029394
258.5,0.00481593,0.000354645
258.75,0.004753095,0.00062622
259,0.005130105,0.000716745
259.25,0.00507366,0.000761475
259.5,0.004563525,-0.000222585
259.75,0.004855335,-0.00020661
260,0.0056871,-0.000122475
260.25,0.006299475,0.00030885
260.5,0.0064539,0.000444105
260.75,0.00650928,0.00046434
261,0.006233445,-0.000403635
261.25,0.00565728,-0.000211935
261.5,0.005894775,-0.000182115
261.75,0.006354855,0.00047925
262,0.00649224,0.000744435
262.25,0.005907555,0.00048564
262.5,0.005196135,-0.000395115
262.75,0.00527601,-0.000222585
263,0.005724375,-0.00010011
263.25,0.005801055,0.000461145
263.5,0.006535905,0.00076041
263.75,0.00610245,0.00071994
264,0.0051759,-0.000410025
264.25,0.00547623,-0.000288615
264.5,0.00496716,6.4965e-05
264.75,0.005360145,0.000493095
265,0.005630655,0.00061131
265.25,0.00605985,0.00056232
265.5,0.00559338,-0.000380205
265.75,0.00566367,-0.000520785
266,0.0060066,0.00036423
266.25,0.005781885,0.0009585
266.5,0.00574887,0.000723135
266.75,0.00606411,-0
267,0.005181225,-6.39e-05
267.25,0.00505662,-0.000744435
267.5,0.006097125,0.000942525
267.75,0.005451735,0.00121623
268,0.005340975,0.00087117
268.25,0.005309025,-0.00030672
268.5,0.00457524,-0.000546345
268.75,0.00467109,-9.6915e-05
269,0.0056871,0.001285455
269.25,0.0052824,0.000708225
269.5,0.005187615,0.000192765
269.75,0.004305795,-3.834e-05
270,0.003662535,-0.00014271
270.25,0.004011855,0.000444105
270.5,0.00453264,0.001466505
270.75,0.004900065,0.001210905
271,0.00444318,0.00046434
271.25,0.00397671,0.00022791
271.5,0.00490326,0.00042813
271.75,0.004324965,0.00094785
272,0.00405339,0.00083922
272.25,0.004028895,0.00086904
272.5,0.0037488,0.000282225
272.75,0.00370833,2.6625e-05
273,0.004173735,0.000220455
273.25,0.00474351,0.0013632
273.5,0.004401645,0.001206645
273.75,0.004001205,0.000691185
274,0.00412794,0.000465405
274.25,0.003967125,0.000160815
274.5,0.003534735,0.000441975
274.75,0.00419184,0.00117576
275,0.010041885,0.001178955
275.25,0.02929602,-0.000246015
275.5,0.028368405,-0.00225354
275.75,0.02267172,-0.001485675
276,0.004499625,0.000522915
276.25,0.005044905,0.0010863
276.5,0.004812735,0.001308885
276.75,0.005072595,0.001543185
277,0.004310055,0.00094572
277.25,0.00340374,0.000205545
277.5,0.004635945,0.0004473
277.75,0.00462636,0.000461145
278,0.004814865,0.00117576
278.25,0.005202525,0.001398345
278.5,0.00471795,0.00121836
278.75,0.00484575,0.00099471
279,0.00443892,5.6445e-05
279.25,0.004390995,0.0001278
279.5,0.00439419,0.00086265
279.75,0.00430686,0.000887145
280,0.003954345,0.00083283
280.25,0.004390995,0.000993645
280.5,0.00440271,0.000424935
280.75,0.00407895,0.000292875
281,0.00426426,8.52e-05
281.25,0.004467675,0.000840285
281.5,0.00501402,0.00118002
281.75,0.004812735,0.001038375
282,0.004812735,0.00088608
282.25,0.00511413,0.0004047
282.5,0.005059815,0.000120345
282.75,0.00438141,0.000292875
283,0.00476268,0.000635805
283.25,0.00471369,0.0004899
283.5,0.00556356,0.000774255
283.75,0.0047286,0.00014271
284,0.00522915,-0.000169335
284.25,0.00561042,4.047e-05
284.5,0.00624303,0.000424935
284.75,0.006126945,0.00051333
285,0.00625794,0.000672015
285.25,0.005705205,-0.00010011
285.5,0.005651955,-0.000105435
285.75,0.005952285,0.00026199
286,0.006237705,0.000478185
286.25,0.006080085,0.00067947
286.5,0.00605985,0.000761475
286.75,0.005125845,-0.00016827
287,0.005526285,-0.000175725
287.25,0.00567432,0.00015975
287.5,0.00667755,0.000874365
287.75,0.006584895,0.00086052
288,0.00583194,0.00090312
288.25,0.005042775,-0.00012354
288.5,0.004857465,-0.00021087
288.75,0.005296245,0.000107565
289,0.005818095,0.000699705
289.25,0.00510774,0.00053463
289.5,0.00622812,0.00084135
289.75,0.00543363,-1.278e-05
290,0.005093895,-0.000194895
290.25,0.006173805,0.00040044
290.5,0.00636231,0.00121197
290.75,0.00582768,0.001157655
291,0.00518868,0.000137385
291.25,0.005149275,0.00028968
291.5,0.00497781,-0.00046008
291.75,0.00600021,0.0008094
292,0.005820225,0.00154425
292.25,0.005856435,0.00161028
292.5,0.00453903,-0.00020448
292.75,0.00435372,-0.000156555
293,0.004929885,0.00036423
293.25,0.005430435,0.00123966
293.5,0.005713725,0.001021335
293.75,0.00454542,0.001036245
294,0.00420462,0.000186375
294.25,0.00398949,1.5975e-05
294.5,0.004195035,0.00086691
294.75,0.003852105,0.001506975
295,0.004069365,0.00160389
295.25,0.003811635,-2.343e-05
295.5,0.005967195,-0.000795555
295.75,0.005975715,-0.00044091
296,0.006706305,0.000887145
296.25,0.01511448,0.00056871
296.5,0.01422627,0.000897795
296.75,0.014329575,-0.00030246
297,0.013456275,-0.000520785
297.25,0.01844367,6.39e-06
297.5,0.019586415,0.00077958
297.75,0.01941495,0.000780645
298,0.021060375,0.00135681
298.25,0.01920408,-0.00067521
298.5,0.014962185,-0.00063687
298.75,0.011990835,7.881e-05
299,0.01370016,0.000331215
299.25,0.01507401,0.000333345
299.5,0.018414915,0.000989385
299.75,0.022726035,-0.00068586
300,0.0186375,-0.000799815
300.25,0.02366004,-0.00031737
300.5,0.02189001,0.001157655
300.75,0.022962465,0.000735915
301,0.020517225,0.000608115
301.25,0.021756885,0.00057723
301.5,0.022251045,-0.00062409
301.75,0.02514039,-0.001532535
302,0.03507897,-0.001903155
302.25,0.035058735,-0.001223685
302.5,0.033341955,-0.001449465
302.75,0.031135275,-0.00124818
303,0.03013737,-0.002186445
303.25,0.03403527,-0.00254322
303.5,0.032010705,-0.00216621
303.75,0.03105327,-0.00185097
304,0.031942545,-0.00110973
304.25,0.033819075,-0.00113529
304.5,0.03317262,-0.00156129
304.75,0.032466525,-0.00174234
305,0.03036528,-0.00177642
305.25,0.03214809,-0.00187227
305.5,0.033282315,-0.001036245
305.75,0.023963565,-0.000861585
306,0.01862472,-0.000426
306.25,0.016885575,-0.001238595
306.5,0.01616883,-0.00153573
306.75,0.007701015,-0.00037275
307,0.00533778,0.000512265
307.25,0.005820225,0.00101175
307.5,0.00560403,0.00107139
307.75,0.00591501,0.00099471
308,0.00627498,0.000109695
308.25,0.006497565,-7.242e-05
308.5,0.006182325,-0.00019596
308.75,0.00628989,0.00051333
309,0.006704175,0.000951045
309.25,0.00644964,0.00041748
309.5,0.00606624,0.000480315
309.75,0.00625155,1.491e-05
310,0.005441085,-0.00041109
310.25,0.00614292,0.000563385
310.5,0.00636018,0.001065
310.75,0.0061344,0.00074124
311,0.006122685,0.00057936
311.25,0.00559764,8.52e-06
311.5,0.005886255,-0.00043239
311.75,0.00643686,0.00080514
312,0.00662856,0.001894635
312.25,0.005967195,0.00090951
312.5,0.005622135,0.00127161
312.75,0.00512478,-0.000456885
313,0.00522702,-0.0002556
313.25,0.005675385,0.00062622
313.5,0.006469875,0.00114168
313.75,0.00634527,0.00107139
314,0.005615745,0.00037275
314.25,0.00571905,0.000190635
314.5,0.005645565,-0.00032589
314.75,0.00572331,0.000957435
315,0.00599808,0.001187475
315.25,0.00585111,0.001489935
315.5,0.005147145,-1.065e-06
315.75,0.005830875,-0.0002343
316,0.005415525,-0.000105435
316.25,0.00550179,0.001170435
316.5,0.00610884,0.002333415
316.75,0.00516525,0.000414285
317,0.00484362,-0.000188505
317.25,0.00508218,-0.0001065
317.5,0.005066205,0.000197025
317.75,0.004672155,0.00104796
318,0.00457524,0.00092655
318.25,0.004640205,0.000833895
318.5,0.003662535,-0.00027477
318.75,0.00358692,-4.26e-05
319,0.003873405,0.0005538
319.25,0.008250555,-0.000231105
319.5,0.011162265,-0.000661365
319.75,0.01149774,-0.00135681
320,0.01116972,0.00067734
320.25,0.013856715,0.001170435
320.5,0.012551025,0.00129504
320.75,0.02574744,1.1715e-05
321,0.03070182,-0.00024708
321.25,0.03103623,-0.00199155
321.5,0.04221021,-0.002035215
321.75,0.03818664,-0.00091377
322,0.041704335,-0.00056019
322.25,0.050384085,-0.00012567
322.5,0.04021227,-0.00133125
322.75,0.046090005,-0.001511235
323,0.05141394,-0.00130569
323.25,0.044447775,-0.00129504
323.5,0.050401125,0.00092655
323.75,0.05382936,0.001089495
324,0.0257517,0.000113955
324.25,0.01675458,-0.00055167
324.5,0.01273527,-0.001076715
324.75,0.012919515,-0.001325925
325,0.027032895,-0.000912705
325.25,0.02867406,-0.00092016
325.5,0.02962617,-0.00145053
325.75,0.03215235,-0.000816855
326,0.03172209,-0.002011785
326.25,0.032351505,-0.002256735
326.5,0.02598813,-0.001932975
326.75,0.030621945,-0.0010863
327,0.03051651,-0.00092655
327.25,0.03253788,-0.00108204
327.5,0.02733855,-0.001095885
327.75,0.022775025,-0.00188079
328,0.02889558,-0.00144627
328.25,0.04916679,0.000214065
328.5,0.045189015,0.001149135
328.75,0.042477525,0.00064752
329,0.04713051,0.00058575
329.25,0.0430899,0.000288615
329.5,0.03939648,-0.00015762
329.75,0.03226737,0.000216195
330,0.027769875,0.00040896
330.25,0.02093577,0.00298839
330.5,0.015315765,0.00281373
330.75,0.016913265,0.001541055
331,0.016052745,-0.001464375
331.25,0.01604103,-0.00244524
331.5,0.015230565,-0.00125031
331.75,0.01417302,-0.000729525
332,0.01385991,-0.000133125
332.25,0.01562781,-0.00047712
332.5,0.011814045,-0.000840285
332.75,0.005735025,0.000256665
333,0.005462385,-0.000290745
333.25,0.006043875,0.000333345
333.5,0.00632184,0.00086904
333.75,0.006508215,0.000693315
334,0.0061983,0.000833895
334.25,0.005688165,-0.00010437
334.5,0.00518868,0.000199155
334.75,0.005321805,-0.00011715
335,0.006580635,0.001562355
335.25,0.00586602,0.000814725
335.5,0.00640704,0.001470765
335.75,0.00568923,0.00026412
336,0.00510135,-8.733e-05
336.25,0.005438955,-0.00011715
336.5,0.005826615,0.000948915
336.75,0.005713725,0.001210905
337,0.005355885,0.00057723
337.25,0.005502855,0.00061983
337.5,0.00518442,-0.00025134
337.75,0.005181225,-0.000275835
338,0.0066243,0.0018531
338.25,0.005728635,0.000774255
338.5,0.005986365,0.001215165
338.75,0.005289855,0.00011715
339,0.005268555,-0.0001704
339.25,0.004932015,-2.4495e-05
339.5,0.00563385,0.000740175
339.75,0.00597039,0.00135894
340,0.005319675,0.000341865
340.25,0.00532074,-3.0885e-05
340.5,0.004953315,0.000220455
340.75,0.00484575,0.000124605
341,0.00562746,0.00105222
341.25,0.005051295,0.000887145
341.5,0.005784015,0.00106287
341.75,0.004435725,-0.000111825
342,0.00441336,2.4495e-05
342.25,0.00412368,0.000691185
342.5,0.00437715,0.000906315
342.75,0.00477759,0.001754055
343,0.003466575,0.001074585
343.25,0.003766905,-4.899e-05
343.5,0.00406404,-4.473e-05
343.75,0.0056019,-0.00054528
344,0.00302034,0.000424935
344.25,0.003287655,0.00040896
344.5,0.007111005,0.000669885
344.75,0.01588767,-0.000861585
345,0.025569585,-0.00087756
345.25,0.024451335,-0.001021335
345.5,0.028406745,0.00098832
345.75,0.035838315,-0.000280095
346,0.03929637,-8.094e-05
346.25,0.037674375,-0.001072455
346.5,0.04027404,-0.000559125
346.75,0.049182765,-0.001159785
347,0.0458163,0.000165075
347.25,0.048795105,-0.00053889
347.5,0.04133691,0.000263055
347.75,0.04804215,-0.00056445
348,0.036166335,0.000290745
348.25,0.048021915,-0.000882885
348.5,0.04618266,0.00157194
348.75,0.04518369,0.00092868
349,0.04986969,0.00063261
349.25,0.04929459,0.000635805
349.5,0.053738835,-0.000965955
349.75,0.05437464,-0.000629415
350,0.054567405,0.00060492
350.25,0.058561155,0.00083922
350.5,0.058516425,0.00057084
350.75,0.050411775,0.00099045
351,0.04474065,-0.00059427
351.25,0.0441123,-0.00014271
351.5,0.04305795,3.7275e-05
351.75,0.04799529,0.00090738
352,0.043265625,0.001353615
352.25,0.055717605,0.00089886
352.5,0.05639388,0.001027725
352.75,0.052486395,-2.6625e-05
353,0.049734435,-4.7925e-05
353.25,0.052488525,4.047e-05
353.5,0.05269833,0.00123114
353.75,0.044714025,0.00062835
354,0.04415064,0.00134616
354.25,0.043178295,0.000237495
354.5,0.03265929,0.00109908
354.75,0.02439276,0.00020235
355,0.02588589,0.001138485
355.25,0.02115516,0.00072633
355.5,0.022757985,0.000980865
355.75,0.023535435,0.000848805
356,0.01431786,-0.000301395
356.25,0.014504235,-0.001183215
356.5,0.01312719,-0.00034506
356.75,0.018097545,-0.00070929
357,0.019021965,-0.000482445
357.25,0.016436145,-0.000239625
357.5,0.01161489,-0.000184245
357.75,0.01331889,-0.000991515
358,0.012459435,-0.00090099
358.25,0.013709745,-0.000635805
358.5,0.01377897,-2.6625e-05
358.75,0.012440265,-0.000154425
359,0.00934005,0.000275835
359.25,0.00597891,0.00059001
359.5,0.0057723,-0.00030246
359.75,0.00605133,0.000852
360,0.006271785,0.001477155
360.25,0.00667542,0.00185736
360.5,0.00614292,0.00147396
360.75,0.006086475,0.000518655
361,0.005526285,-0.000184245
361.25,0.006016185,0.000916965
361.5,0.006316515,0.001136355
361.75,0.006646665,0.00180411
362,0.00625368,0.001257765
362.25,0.00613227,0.0007242
362.5,0.005179095,-0.00035571
362.75,0.00638787,0.00123327
363,0.00601938,0.00122688
363.25,0.00633675,0.00174873
363.5,0.0061983,0.00178707
363.75,0.005432565,0.00051972
364,0.00538464,-0.00049416
364.25,0.00579999,0.00115872
364.5,0.005864955,0.00204693
364.75,0.005894775,0.002096985
365,0.00586815,0.001741275
365.25,0.004906455,-3.3015e-05
365.5,0.005426175,0.00015549
365.75,0.005196135,0.00094998
366,0.005042775,0.001132095
366.25,0.00528027,0.001824345
366.5,0.00421101,0.000963825
366.75,0.004446375,0.00043665
367,0.00354645,-6.39e-06
367.25,0.004478325,0.0007668
367.5,0.004989525,0.00129078
367.75,0.016957995,0.00081792
368,0.025218135,0.001351485
368.25,0.018365925,0.000559125
368.5,0.022436355,-0.00035358
368.75,0.02874861,0.00159324
369,0.031339755,0.001502715
369.25,0.04574388,0.00036636
369.5,0.04760124,4.26e-05
369.75,0.043727835,-0.0011928
370,0.048181665,-0.000441975
370.25,0.04145406,-0.000774255
370.5,0.047657685,0.00110121
370.75,0.04041888,0.000484575
371,0.03910041,0.00020661
371.25,0.03351342,-0.00124179
371.5,0.04171818,-0.000934005
371.75,0.046236975,1.1715e-05
372,0.047155005,0.00219603
372.25,0.05887959,0.00281373
372.5,0.049101825,0.001249245
372.75,0.04661079,0.00155703
373,0.044047335,-0.000465405
373.25,0.04169901,0.00031524
373.5,0.040485975,-5.751e-05
373.75,0.049361685,0.001398345
374,0.05412969,0.000797685
374.25,0.04815078,0.00156342
374.5,0.053557785,0.00015336
374.75,0.05110509,0.001093755
375,0.043768305,0.00188718
375.25,0.055151025,0.003754125
375.5,0.050916585,0.002672085
375.75,0.038722335,0.00146118
376,0.04575027,0.001457985
376.25,0.043090965,-0.000584685
376.5,0.041904555,3.195e-05
376.75,0.03822498,-3.0885e-05
377,0.03624195,0.001215165
377.25,0.045800325,0.00100749
377.5,0.04234227,0.00105222
377.75,0.03021618,1.8105e-05
378,0.022012485,0.00071994
378.25,0.01549575,0.001325925
378.5,0.016206105,0.00286485
378.75,0.016764165,0.003010755
379,0.01598565,0.002578365
379.25,0.008193045,0.00171465
379.5,0.004550745,0.000231105
379.75,0.005159925,9.4785e-05
380,0.00691611,0.001526145
380.25,0.006589155,0.001426035
380.5,0.007027935,0.001726365
380.75,0.006674355,0.001087365
381,0.006054525,-0.000118215
381.25,0.0069651,0.000414285
381.5,0.007121655,0.00097767
381.75,0.00698214,0.001381305
382,0.00722496,0.00164223
382.25,0.00635166,0.00129504
382.5,0.005164185,-0.00032802
382.75,0.005588055,0.000769995
383,0.005176965,0.000661365
383.25,0.005726505,0.00143775
383.5,0.006099255,0.00139728
383.75,0.00571479,0.00049203
384,0.00494799,7.881e-05
384.25,0.004893675,-0.00011289
384.5,0.005839395,0.001651815
384.75,0.00493308,0.0009159
385,0.005705205,0.00147396
385.25,0.00502893,0.000514395
385.5,0.00524832,0.000365295
385.75,0.0047073,-0.00041109
386,0.00576804,0.00122901
386.25,0.00525258,0.000914835
386.5,0.00530583,0.00115659
386.75,0.00595122,0.00075402
387,0.004895805,-0.000420675
387.25,0.004891545,8.52e-06
387.5,0.005198265,0.00072633
387.75,0.005892645,0.001372785
388,0.005117325,0.000612375
388.25,0.00489474,-0.000213
388.5,0.004367565,0.000254535
388.75,0.004608255,0.000305655
389,0.005430435,0.00129078
389.25,0.004763745,0.000842415
389.5,0.00522276,0.000610245
389.75,0.003570945,-0.00027051
390,0.004316445,0.000533565
390.25,0.00371685,0.000365295
390.5,0.004209945,0.001157655
390.75,0.00384039,0.00084348
391,0.00737406,-9.798e-05
391.25,0.02331072,-0.001362135
391.5,0.044072895,-0.001915935
391.75,0.046356255,-0.00092868
392,0.040036545,-0.000953175
392.25,0.033516615,-0.00131634
392.5,0.020414985,-0.001555965
392.75,0.03074016,-0.001019205
393,0.03121302,-0.00209166
393.25,0.026954085,-0.00033228
393.5,0.041201655,-0.00088182
393.75,0.037957665,-0.000639
394,0.035474085,-0.001377045
394.25,0.03356028,-0.001739145
394.5,0.03511518,-0.00018318
394.75,0.031288635,0.00022578
395,0.040445505,0.00171465
395.25,0.04701549,0.000689055
395.5,0.038803275,-0.00275409
395.75,0.033655065,-0.001338705
396,0.03365187,-0.00036849
396.25,0.0312258,0.00135042
396.5,0.03056124,0.000608115
396.75,0.03503211,0.00121623
397,0.026941305,0.00040896
397.25,0.025347,-0.000659235
397.5,0.027661245,-0.0004899
397.75,0.039938565,-0.00192978
398,0.05601687,-0.000341865
398.25,0.05656428,-0.001866945
398.5,0.05862186,-0.00056445
398.75,0.06305013,-0.00147396
399,0.05902443,-0.001730625
399.25,0.062804115,-0.00105648
399.5,0.05509032,-0.000239625
399.75,0.068757465,0.00404913
400,0.064689165,0.00155703
400.25,0.05620005,0.000250275
400.5,0.042905655,-0.000552735
400.75,0.03541338,-0.00112677
401,0.033714705,-0.00118641
401.25,0.03259752,-2.982e-05
401.5,0.01178316,0.00070716
401.75,0.005662605,0.002435655
402,0.00491817,0.00213852
402.25,0.005142885,0.001790265
402.5,0.00450708,0.001147005
402.75,0.0037275,7.455e-05
403,0.00466044,0.001639035
403.25,0.00531435,0.002706165
403.5,0.0047286,0.001711455
403.75,0.00489687,0.00149739
404,0.006192975,0.000695445
404.25,0.005583795,0.0001491
404.5,0.005413395,0.0005112
404.75,0.00587028,0.00099258
405,0.00653058,0.00179559
405.25,0.00704391,0.001494195
405.5,0.006035355,0.000301395
405.75,0.006094995,0.000301395
406,0.005285595,0.00014271
406.25,0.00618978,0.00150165
406.5,0.00584046,0.001888245
406.75,0.006101385,0.00138663
407,0.0062622,0.00203202
407.25,0.00579786,0.000348255
407.5,0.0057936,0.00026625
407.75,0.005413395,1.491e-05
408,0.00638361,0.0016188
408.25,0.00604281,0.00103518
408.5,0.00600447,0.00143136
408.75,0.005539065,0.000669885
409,0.004848945,-0.000386595
409.25,0.00558486,0.000925485
409.5,0.006020445,0.001353615
409.75,0.00569775,0.00122049
410,0.006474135,0.002133195
410.25,0.00601299,0.000721005
410.5,0.00579999,0.00013845
410.75,0.005675385,0.00015123
411,0.005928855,0.001166175
411.25,0.005707335,0.000923355
411.5,0.006150375,0.00186588
411.75,0.00571692,0.00139302
412,0.004865985,-0.00052185
412.25,0.005600835,0.00064965
412.5,0.005558235,-0.00013845
412.75,0.005950155,0.00170613
413,0.005688165,0.001266285
413.25,0.005487945,0.001025595
413.5,0.00516951,-2.4495e-05
413.75,0.00439419,-0.000158685
414,0.005208915,0.001613475
414.25,0.00428769,0.00106926
414.5,0.004697715,0.001598565
414.75,0.00446022,0.001730625
415,0.003994815,0.00027051
415.25,0.00400866,9.6915e-05
415.5,0.00432816,0.000441975
415.75,0.004723275,0.001969185
416,0.00320139,0.00092655
416.25,0.004241895,0.002082075
416.5,0.003294045,-9.4785e-05
416.75,0.00378927,0.000420675
417,0.0045795,0.000554865
417.25,0.00495012,0.001351485
417.5,0.005238735,0.00186801
417.75,0.00572544,0.001737015
418,0.00535056,0.002058645
418.25,0.003920265,-9.0525e-05
418.5,0.003153465,0.00077745
418.75,0.00330363,0.00084348
419,0.003996945,0.001700805
419.25,0.00495864,0.00312471
419.5,0.00450069,0.00130569
419.75,0.0051333,0.002710425
420,0.00423018,0.000657105
420.25,0.003786075,-0.000222585
420.5,0.004322835,0.00144627
420.75,0.00418758,0.001044765
421,0.00395967,0.00165288
421.25,0.00378288,0.001502715
421.5,0.004359045,0.00113529
421.75,0.004339875,0.00073485
422,0.003982035,-0.00024921
422.25,0.004516665,0.00076254
422.5,0.005051295,0.002105505
422.75,0.004412295,0.00092016
423,0.00522276,0.00231105
423.25,0.004224855,0.001276935
423.5,0.003347295,0.00037488
423.75,0.003749865,0.000885015
424,0.003666795,0.000361035
424.25,0.00434307,0.001443075
424.5,0.0046008,0.001621995
424.75,0.00438354,0.0015549
425,0.00462636,0.00119919
425.25,0.00522276,0.001411125
425.5,0.00419823,-0.00015336
425.75,0.004816995,0.00086052
426,0.004618905,0.000838155
426.25,0.00524832,0.00150804
426.5,0.005078985,0.00164223
426.75,0.00478185,0.000885015
427,0.00525684,0.001886115
427.25,0.004129005,-0.000341865
427.5,0.004963965,0.00051972
427.75,0.00506727,0.000254535
428,0.00656892,0.001108665
428.25,0.00676914,0.001630515
428.5,0.005975715,0.000527175
428.75,0.006365505,0.00114168
429,0.006610455,0.00015975
429.25,0.0058362,-0.00010011
429.5,0.006195105,0.000365295
429.75,0.006112035,0.00089247
430,0.00639426,0.000919095
430.25,0.006552945,0.001170435
430.5,0.005903295,0.00045795
430.75,0.005370795,-9.6915e-05
431,0.0053463,6.4965e-05
431.25,0.006252615,0.000565515
431.5,0.00695019,0.00136107
431.75,0.006489045,0.000731655
432,0.00600234,0.000836025
432.25,0.005617875,0.000139515
432.5,0.00495651,-0.000260925
432.75,0.005739285,0.000446235
433,0.005881995,0.00076467
433.25,0.00587241,0.001008555
433.5,0.006171675,0.00160176
433.75,0.005709465,0.00039192
434,0.006007665,0.00031098
434.25,0.005675385,0.000113955
434.5,0.00588519,0.000586815
434.75,0.00684369,0.00229827
435,0.00555504,0.001008555
435.25,0.006156765,0.00161028
435.5,0.00565728,0.000452625
435.75,0.00550179,-0.00043665
436,0.005833005,0.00079236
436.25,0.005590185,0.00123753
436.5,0.0059001,0.0018744
436.75,0.00541233,0.001283325
437,0.00572118,0.000539955
437.25,0.00513543,3.834e-05
437.5,0.005513505,4.1535e-05
437.75,0.005162055,0.001862685
438,0.00528879,0.001749795
438.25,0.00484362,0.001581525
438.5,0.004282365,0.000855195
438.75,0.00412155,-7.242e-05
439,0.00438567,0.000774255
439.25,0.004812735,0.00146544
439.5,0.0046647,0.001278
439.75,0.0047286,0.002047995
440,0.002980935,0.00063474
440.25,0.003441015,0.00037488
440.5,0.003775425,0.000586815
440.75,0.003977775,0.000614505
441,0.004912845,0.001977705
441.25,0.004714755,0.00160815
441.5,0.00541446,0.001679505
441.75,0.00531222,0.001349355
442,0.004324965,0.00018318
442.25,0.00421953,0.000433455
442.5,0.003717915,0.001453725
442.75,0.004148175,0.001747665
443,0.004486845,0.00103731
443.25,0.00458163,0.00109269
443.5,0.00540381,0.00159963
443.75,0.004226985,-0.00019809
444,0.00471156,0.000759345
444.25,0.00470304,0.00088395
444.5,0.004883025,0.00137385
444.75,0.005125845,0.002126805
445,0.00421314,0.001281195
445.25,0.004131135,0.001147005
445.5,0.004552875,0.00062196
445.75,0.0045156,0.000539955
446,0.004016115,-0.00012567
446.25,0.005217435,0.00142071
446.5,0.00558273,0.00117789
446.75,0.005230215,0.00086904
447,0.00492456,0.001509105
447.25,0.00526323,0.001547445
447.5,0.00403209,0.000561255
447.75,0.00407256,0.00071781
448,0.004033155,0.00041535
448.25,0.004342005,0.00084348
448.5,0.004544355,0.00115233
448.75,0.004731795,0.00105222
449,0.00451347,0.00044943
449.25,0.005326065,0.00168483
449.5,0.004646595,0.001063935
449.75,0.004542225,0.000493095
450,0.00488196,0.0007029
450.25,0.00490752,0.00122475
450.5,0.004816995,0.00151017
450.75,0.00508218,0.00235791
451,0.0050055,0.001666725
451.25,0.005012955,0.001242855
451.5,0.00524406,0.000727395
451.75,0.005260035,-0.00025347
452,0.006514605,0.00102027
452.25,0.006569985,0.000874365
452.5,0.006316515,0.00090525
452.75,0.00653697,0.00123114
453,0.00601938,0.000612375
453.25,0.00555291,-0.000205545
453.5,0.005713725,0.00027477
453.75,0.00568284,0.000405765
454,0.006414495,0.001641165
454.25,0.006067305,0.0012567
454.5,0.00559977,0.000882885
454.75,0.00587241,0.00109482
455,0.00528027,-0.00039831
455.25,0.006007665,0.00050055
455.5,0.00673506,0.00183819
455.75,0.006250485,0.001408995
456,0.005666865,0.00116085
456.25,0.005579535,0.00153786
456.5,0.005053425,0.00032802
456.75,0.004827645,-0.00025134
457,0.00590862,0.00128439
457.25,0.005637045,0.001266285
457.5,0.00584046,0.00155064
457.75,0.00646029,0.00169761
458,0.005402745,0.000286485
458.25,0.005786145,0.00078171
458.5,0.005387835,-0.000676275
458.75,0.006001275,0.001170435
459,0.006578505,0.002369625
459.25,0.00593631,0.001660335
459.5,0.00547836,0.001023465
459.75,0.00558486,0.00081579
460,0.004491105,-0.00028968
460.25,0.00526323,0.000571905
460.5,0.00567645,0.00196386
460.75,0.00493734,0.000605985
461,0.00581703,0.00213213
461.25,0.004763745,0.00060066
461.5,0.004670025,-0.000525045
461.75,0.00526962,0.00084561
462,0.004831905,0.00084987
462.25,0.00506088,0.001400475
462.5,0.0054954,0.0022365
462.75,0.004075755,0.0007455
463,0.0059427,0.00081792
463.25,0.034805265,0.00691185
463.5,0.048761025,0.005464515
463.75,0.045534075,0.0060918
464,0.05273454,0.00554226
464.25,0.05084736,0.002902125
464.5,0.047909025,0.003281265
464.75,0.05388261,0.00297774
465,0.06532071,0.00342504
465.25,0.07076073,0.00487131
465.5,0.08477613,0.00456885
465.75,0.094308945,0.00543789
466,0.11157579,0.007771305
466.25,0.09419286,0.006169545
466.5,0.088939215,0.006527385
466.75,0.088700655,0.006678615
467,0.11107737,0.007724445
467.25,0.09145581,0.00536121
467.5,0.09530046,0.006425145
467.75,0.08830341,0.00783414
468,0.08926617,0.01018779
468.25,0.095165205,0.01180659
468.5,0.09710031,0.010529655
468.75,0.097171665,0.010352865
469,0.082421415,0.00880542
469.25,0.071747985,0.009008835
469.5,0.069042885,0.007965135
469.75,0.08113383,0.008363445
470,0.07989843,0.00844545
470.25,0.088783725,0.009307035
470.5,0.08769849,0.0049629
470.75,0.09197127,0.005547585
471,0.097341,0.005875605
471.25,0.09071883,0.004899
471.5,0.083882595,0.006178065
471.75,0.08573889,0.00544215
472,0.06031947,0.000375945
472.25,0.06098616,0.000118215
472.5,0.06088179,0.000384465
472.75,0.05385492,-6.4965e-05
473,0.050303145,0.002821185
473.25,0.050511885,0.003025665
473.5,0.05260035,0.003012885
473.75,0.03381801,0.003070395
474,0.019678005,0.00135681
474.25,0.016127295,4.473e-05
474.5,0.01333167,0.001291845
474.75,0.011782095,0.00174234
475,0.01204941,0.001313145
475.25,0.014024985,0.002290815
475.5,0.0111186,0.000676275
475.75,0.005487945,0.00015336
476,0.0064965,0.000501615
476.25,0.00624729,0.00035997
476.5,0.00709503,0.001087365
476.75,0.00686925,0.0008733
477,0.006086475,0.000414285
477.25,0.00653058,0.000548475
477.5,0.00572331,0.00010011
477.75,0.006259005,0.000273705
478,0.00688629,0.00214491
478.25,0.0064965,0.001208775
478.5,0.0061344,0.00139728
478.75,0.006224925,0.001153395
479,0.005481555,-0.000160815
479.25,0.0063687,0.00100749
479.5,0.00675849,0.001511235
479.75,0.00642621,0.000961695
480,0.00708225,0.002540025
480.25,0.006063045,0.00131208
480.5,0.00550605,-0.000179985
480.75,0.006005535,0.00135255
481,0.006090735,0.000407895
481.25,0.00607902,0.00124179
481.5,0.00718449,0.002452695
481.75,0.006503955,0.001330185
482,0.005943765,0.0003834
482.25,0.00584685,0.000691185
482.5,0.00614292,0.00071142
482.75,0.006192975,0.00126096
483,0.006395325,0.001941495
483.25,0.00584472,0.0009798
483.5,0.005568885,0.000365295
483.75,0.00592779,0.000194895
484,0.005447475,0.00031524
484.25,0.006550815,0.002331285
484.5,0.00584046,0.001195995
484.75,0.00519081,0.00028755
485,0.005756325,0.000897795
485.25,0.00506301,-0.000113955
485.5,0.005971455,0.00090099
485.75,0.00603216,0.002655045
486,0.005196135,0.001922325
486.25,0.00520998,0.001164045
486.5,0.004995915,0.000292875
486.75,0.00397245,0.00027264
487,0.01785153,0.00763179
487.25,0.025959375,0.009720255
487.5,0.0294153,0.009081255
487.75,0.027030765,0.008248425
488,0.03588837,0.00503745
488.25,0.03335793,0.0046008
488.5,0.034745625,0.00515247
488.75,0.037883115,0.00399801
489,0.05527989,0.004738185
489.25,0.05903508,0.005536935
489.5,0.05947812,0.004755225
489.75,0.06084345,0.00598104
490,0.066150345,0.00715893
490.25,0.058918995,0.004742445
490.5,0.08116365,0.004435725
490.75,0.075187935,0.005081115
491,0.07836057,0.00726543
491.25,0.060013815,0.006853275
491.5,0.05285595,0.004171605
491.75,0.066606165,0.00548901
492,0.07145937,0.008307
492.25,0.08188359,0.011865165
492.5,0.077993145,0.01072881
492.75,0.071997195,0.01006212
493,0.072559515,0.01027086
493.25,0.06549537,0.010467885
493.5,0.08625648,0.010173945
493.75,0.082297875,0.00931875
494,0.07914441,0.00907806
494.25,0.08013273,0.008846955
494.5,0.08604348,0.00740814
494.75,0.090059595,0.00813021
495,0.08831193,0.00868188
495.25,0.08608395,0.00757002
495.5,0.07982814,0.006725475
495.75,0.066440025,0.00797898
496,0.04904964,0.00482232
496.25,0.04049343,0.00054102
496.5,0.03843372,0.00452625
496.75,0.03739002,0.00360609
497,0.03300435,0.002077815
497.25,0.01712094,0.00116298
497.5,0.0179133,0.00226206
497.75,0.017592735,0.001524015
498,0.016721565,0.00224928
498.25,0.01570875,0.001924455
498.5,0.014553225,0.00054102
498.75,0.014071845,0.000772125
499,0.014636295,0.001208775
499.25,0.015100635,0.001276935
499.5,0.0155916,0.00163371
499.75,0.01264368,0.00146544
500,0.00648372,5.751e-05
500.25,0.005781885,8.307e-05
500.5,0.006041745,0.000316305
500.75,0.00667542,0.00081792
501,0.006544425,0.000765735
501.25,0.00708012,0.00139302
501.5,0.005764845,0.00026625
501.75,0.006050265,1.3845e-05
502,0.005809575,0.000286485
502.25,0.00633036,0.00095424
502.5,0.00628563,0.001438815
502.75,0.00580851,0.00110334
503,0.006005535,0.0002982
503.25,0.00589158,0.00058149
503.5,0.00602151,0.00030246
503.75,0.006991725,0.00169122
504,0.00639852,0.00208527
504.25,0.006124815,0.001104405
504.5,0.00533565,0.000676275
504.75,0.00562959,0.000490965
505,0.0054102,-8.094e-05
505.25,0.00630267,0.00169974
505.5,0.00637935,0.001604955
505.75,0.006305865,0.001157655
506,0.00645177,0.001279065
506.25,0.006041745,0.000444105
506.5,0.00584046,0.00025773
506.75,0.00674571,0.00202563
507,0.005871345,0.001432425
507.25,0.00603429,0.001244985
507.5,0.00569988,0.000708225
507.75,0.005281335,-2.556e-05
508,0.005332455,-1.278e-05
508.25,0.006318645,0.001956405
508.5,0.005588055,0.000899925
508.75,0.00562107,0.001306755
509,0.004819125,0.00064965
509.25,0.00488835,-0.000113955
509.5,0.005426175,3.195e-05
509.75,0.00625581,0.002435655
510,0.004789305,0.001847775
510.25,0.00445596,0.00092442
510.5,0.004205685,0.000559125
510.75,0.003694485,0.00063048
511,0.008633955,0.002842485
511.25,0.022960335,0.01144662
511.5,0.02800098,0.011471115
511.75,0.028434435,0.008748975
512,0.028766715,0.00776385
512.25,0.02944938,0.008452905
512.5,0.034343055,0.0090738
512.75,0.039092955,0.00919734
513,0.04932654,0.0101601
513.25,0.05026374,0.009856575
513.5,0.059596335,0.01116333
513.75,0.057966885,0.010039755
514,0.05648973,0.01234548
514.25,0.05656428,0.010399725
514.5,0.053713275,0.010382685
514.75,0.04648086,0.00810678
515,0.063777525,0.009179235
515.25,0.06638571,0.010412505
515.5,0.07221978,0.010838505
515.75,0.075060135,0.010246365
516,0.066184425,0.009543465
516.25,0.07304409,0.009417795
516.5,0.069715965,0.00880116
516.75,0.081085905,0.01002804
517,0.078478785,0.009671265
517.25,0.07210476,0.008457165
517.5,0.079062405,0.0073272
517.75,0.074646915,0.005215305
518,0.07660758,0.00567219
518.25,0.08135748,0.008207955
518.5,0.08225847,0.00900351
518.75,0.09502995,0.008448645
519,0.092095875,0.00892044
519.25,0.09344097,0.006146115
519.5,0.084751635,0.005010825
519.75,0.07951077,0.00527814
520,0.05717985,0.001085235
520.25,0.06391278,0.00149739
520.5,0.06309486,0.00276048
520.75,0.06400224,0.00174873
521,0.07357446,0.000697575
521.25,0.065724345,0.00114807
521.5,0.06974046,0.00067521
521.75,0.0437715,0.00105435
522,0.01642656,0.00247293
522.25,0.016798245,0.00178707
522.5,0.01677162,0.00226845
522.75,0.015141105,0.00088182
523,0.014482935,0.00077106
523.25,0.006139725,0.000936135
523.5,0.006005535,0.000925485
523.75,0.00658383,0.001449465
524,0.007198335,0.00144627
524.25,0.006233445,0.000216195
524.5,0.0060918,0.00048138
524.75,0.006327165,0.000686925
525,0.006719085,0.00116724
525.25,0.006572115,0.001413255
525.5,0.007341045,0.00223437
525.75,0.00614931,0.000912705
526,0.006052395,0.000529305
526.25,0.006414495,0.00075828
526.5,0.00676701,0.00121836
526.75,0.006444315,0.001443075
527,0.006337815,0.00166566
527.25,0.00594696,0.000663495
527.5,0.00627711,0.000516525
527.75,0.00603642,0.00040896
528,0.005620005,0.00083283
528.25,0.006263265,0.001903155
528.5,0.005696685,0.001613475
528.75,0.005822355,0.00120132
529,0.0058575,0.000659235
529.25,0.00555504,0.00074976
529.5,0.005926725,0.000593205
529.75,0.006866055,0.00136107
530,0.006874575,0.00214491
530.25,0.00644325,0.001519755
530.5,0.00555078,0.00021726
530.75,0.00654549,0.00050055
531,0.005686035,0.000312045
531.25,0.00560403,0.000597465
531.5,0.006295215,0.000842415
531.75,0.00594909,0.00062622
532,0.00492669,-3.7275e-05
532.25,0.00591075,0.00041961
532.5,0.00502254,0.00029394
532.75,0.00544428,0.00052824
533,0.005732895,0.00105435
533.25,0.00546132,0.00028542
533.5,0.00514182,-0.00017892
533.75,0.00501402,0.00077106
534,0.00497142,0.00100323
534.25,0.00500337,0.00099684
534.5,0.00531222,0.001871205
534.75,0.003862755,0.000467535
535,0.002836095,2.4495e-05
535.25,0.024858165,0.006970425
535.5,0.027780525,0.00671163
535.75,0.02408817,0.005098155
536,0.024804915,0.00523341
536.25,0.039022665,0.00365295
536.5,0.046888755,0.002908515
536.75,0.05600409,0.003477225
537,0.078020835,0.00510348
537.25,0.08405193,0.00864354
537.5,0.073047285,0.00621747
537.75,0.0827931,0.0096702
538,0.101949255,0.010604205
538.25,0.08679963,0.010378425
538.5,0.07962579,0.01111434
538.75,0.07583226,0.01106322
539,0.06886929,0.00773829
539.25,0.05417229,0.00248997
539.5,0.04308564,0.0001065
539.75,0.03069117,-0.00160602
540,0.036726525,-0.00261138
540.25,0.031452645,-0.001330185
540.5,0.03754338,-0.001419645
540.75,0.035966115,-0.00349959
541,0.034941585,-0.0028968
541.25,0.029759295,-0.00180198
541.5,0.040398645,-0.00221307
541.75,0.03549219,-0.001360005
542,0.056118045,-0.00091164
542.25,0.05013594,-0.001353615
542.5,0.053651505,-0.002422875
542.75,0.05395929,-0.00205332
543,0.05300079,-0.000742305
543.25,0.06142068,0.003717915
543.5,0.05150766,0.004031025
543.75,0.06004683,0.004552875
544,0.04699419,0.004167345
544.25,0.0571905,0.00296283
544.5,0.05347365,0.00264546
544.75,0.054750585,0.003596505
545,0.060241725,0.00393198
545.25,0.04841703,0.0035145
545.5,0.040711755,0.00375519
545.75,0.0318222,0.0021939
546,0.02019666,-0.000171465
546.25,0.01827327,-0.000850935
546.5,0.00524406,0.000791295
546.75,0.00567219,0.002050125
547,0.006165285,0.00243885
547.25,0.006154635,0.00257943
547.5,0.006480525,0.00160389
547.75,0.006333555,0.000324825
548,0.00639,0.00042813
548.25,0.00651354,0.001330185
548.5,0.006201495,0.001381305
548.75,0.00608967,0.00138237
549,0.00709503,0.00241329
549.25,0.005696685,0.000633675
549.5,0.0056658,7.668e-05
549.75,0.00557208,0.00023217
550,0.00667755,0.00143136
550.25,0.00617913,0.00116298
550.5,0.00528453,0.00062409
550.75,0.00653271,0.001673115
551,0.00550818,0.00058362
551.25,0.00505236,-0.00020661
551.5,0.0063261,0.001181085
551.75,0.006772335,0.00199155
552,0.005717985,0.001251375
552.25,0.005788275,0.001370655
552.5,0.0056232,0.001396215
552.75,0.005726505,0.00114594
553,0.00481593,0.00012567
553.25,0.006026835,0.00105861
553.5,0.006614715,0.002348325
553.75,0.007015155,0.00305016
554,0.006425145,0.002090595
554.25,0.005176965,-0.00012993
554.5,0.00613653,0.00078384
554.75,0.006182325,0.00097341
555,0.006129075,0.001670985
555.25,0.00539316,0.00125244
555.5,0.00620469,0.00163158
555.75,0.005392095,0.00104157
556,0.004814865,5.8575e-05
556.25,0.0048138,0.000382335
556.5,0.00557208,0.00179772
556.75,0.00544854,0.00113955
557,0.005649825,0.001419645
557.25,0.005579535,0.001558095
557.5,0.00562533,0.000902055
557.75,0.00560403,0.00033441
558,0.005560365,0.001509105
558.25,0.005526285,0.002220525
558.5,0.005372925,0.00253683
558.75,0.004659375,0.00185949
559,0.017132655,0.006525255
559.25,0.034308975,0.00984273
559.5,0.05082606,0.00901842
559.75,0.046190115,0.00880542
560,0.029816805,0.00688203
560.25,0.03413538,0.00748482
560.5,0.030494145,0.006109905
560.75,0.0531222,0.005613615
561,0.074201745,0.010523265
561.25,0.07937871,0.009511515
561.5,0.098694615,0.010050405
561.75,0.093241815,0.008535975
562,0.085373595,0.00729099
562.25,0.097955505,0.009686175
562.5,0.083352225,0.009784155
562.75,0.081541725,0.009585
563,0.07315272,0.007935315
563.25,0.058752855,0.003849975
563.5,0.05045757,0.003078915
563.75,0.05200608,0.00364443
564,0.05195496,0.005262165
564.25,0.051044385,0.004239765
564.5,0.039080175,0.003234405
564.75,0.042183585,0.00308211
565,0.035846835,0.001227945
565.25,0.04280874,0.00065604
565.5,0.03397776,-0.00110973
565.75,0.03164541,-0.00062835
566,0.03845076,0.000867975
566.25,0.037955535,0.003161985
566.5,0.035022525,-0.00025347
566.75,0.033765825,-0.002821185
567,0.030519705,-0.000931875
567.25,0.032227965,-0.003296175
567.5,0.026689965,-0.00071355
567.75,0.02338101,-0.000346125
568,0.028430175,-0.00062835
568.25,0.01831374,-0.000936135
568.5,0.013654365,-0.002437785
568.75,0.016478745,-0.000902055
569,0.018261555,-0.000382335
569.25,0.016048485,-0.000791295
569.5,0.005988495,0.00258369
569.75,0.005696685,0.003230145
570,0.005615745,0.00238986
570.25,0.00439632,0.000314175
570.5,0.005085375,0.001971315
570.75,0.00545919,0.00238986
571,0.00556143,0.00314814
571.25,0.00563172,0.003221625
571.5,0.006167415,0.001775355
571.75,0.005992755,0.00077106
572,0.00565515,0.000490965
572.25,0.006376155,0.000931875
572.5,0.00609606,0.001839255
572.75,0.006020445,0.001345095
573,0.00915261,0.003142815
573.25,0.007743615,0.001521885
573.5,0.00625794,-9.372e-05
573.75,0.00720153,0.00068586
574,0.006932085,0.00172956
574.25,0.00605985,0.001732755
574.5,0.00585537,0.001734885
574.75,0.005907555,0.00131634
575,0.00583833,0.001002165
575.25,0.005602965,0.000448365
575.5,0.005566755,0.00065391
575.75,0.00650928,0.002180055
576,0.00647094,0.0020874
576.25,0.00544215,0.000548475
576.5,0.00532713,0.000303525
576.75,0.005666865,0.000282225
577,0.005930985,0.0012141
577.25,0.00564876,0.00149952
577.5,0.00630906,0.00216834
577.75,0.00546984,0.001230075
578,0.005323935,-0.000226845
578.25,0.005515635,0.00037701
578.5,0.0063474,0.001875465
578.75,0.006016185,0.001355745
579,0.005673255,0.001440945
579.25,0.005649825,0.0011715
579.5,0.005754195,0.00071568
579.75,0.00555078,0.00053463
580,0.005511375,0.000970215
580.25,0.00554226,0.00123114
580.5,0.005945895,0.002194965
580.75,0.005349495,0.001055415
581,0.004665765,-0.0001917
581.25,0.00495012,-3.7275e-05
581.5,0.00635805,0.002320635
581.75,0.005404875,0.00140793
582,0.00499911,0.001127835
582.25,0.004273845,0.0005538
582.5,0.00431751,0.00089673
582.75,0.00401718,0.000473925
583,0.004188645,0.00138024
583.25,0.004812735,0.00196599
583.5,0.013995165,-0.000548475
583.75,0.013149555,-0.00194682
584,0.00870318,-0.001098015
584.25,0.009875745,-0.000177855
584.5,0.010269795,-0.000194895
584.75,0.01135077,-0.000150165
585,0.0149739,-0.000337605
585.25,0.015047385,-0.001707195
585.5,0.010041885,-0.00117576
585.75,0.00756363,0.000239625
586,0.01249245,0.000222585
586.25,0.012810885,-1.065e-06
586.5,0.009698955,-2.13e-06
586.75,0.00952749,-0.000761475
587,0.01064148,-0.00124179
587.25,0.01145088,-0.001555965
587.5,0.012195315,-0.00023643
587.75,0.01374915,0.0008733
588,0.012342285,8.52e-06
588.25,0.01222407,-0.00034932
588.5,0.011715,-0.000678405
588.75,0.011396565,-0.00048777
589,0.012555285,-0.00188292
589.25,0.01256487,-0.000414285
589.5,0.01619865,-0.00020448
589.75,0.016527735,-0.00030033
590,0.015458475,-0.001132095
590.25,0.015205005,-0.002248215
590.5,0.01220916,-0.00066456
590.75,0.01031985,-0.00057084
591,0.01404735,-0.000829635
591.25,0.00804288,0.00133977
591.5,0.010536045,0.000412155
591.75,0.01232205,-0.000991515
592,0.008444385,-0.00054315
592.25,0.003943695,0.00070716
592.5,0.00405339,0.001080975
592.75,0.00402783,0.00131634
593,0.004158825,0.00121197
593.25,0.00498207,0.00238986
593.5,0.00486918,0.002009655
593.75,0.004135395,0.00014271
594,0.00425148,0.000612375
594.25,0.00443466,0.001302495
594.5,0.00480954,0.001901025
594.75,0.004488975,0.001193865
595,0.00429834,0.001871205
595.25,0.0049842,0.001743405
595.5,0.00429834,0.000207675
595.75,0.0050055,4.686e-05
596,0.00635592,0.001104405
596.25,0.00667755,0.0018318
596.5,0.00655614,0.001758315
596.75,0.00559977,0.00040257
597,0.00604068,0.000169335
597.25,0.00684369,0.0008307
597.5,0.006131205,0.000684795
597.75,0.006399585,0.001360005
598,0.00625368,0.00144201
598.25,0.00674145,0.001896765
598.5,0.00538251,0.00044517
598.75,0.005042775,-0.00015336
599,0.00625368,0.000959565
599.25,0.00639639,0.002062905
599.5,0.00609819,0.0010224
599.75,0.00648585,0.00156768
600,0.006063045,0.001400475
600.25,0.00535269,0.000382335
600.5,0.00527175,-1.3845e-05
600.75,0.00580851,0.001061805
601,0.006472005,0.002612445
601.25,0.00592992,0.00236004
601.5,0.00557208,0.000897795
601.75,0.005596575,0.00062622
602,0.00574887,0.00089886
602.25,0.0056658,0.00067308
602.5,0.006363375,0.001807305
602.75,0.006293085,0.00169548
603,0.00588093,0.00129504
603.25,0.005187615,0.000177855
603.5,0.00521211,0.00017466
603.75,0.005683905,0.0009585
604,0.00553587,0.001374915
604.25,0.00513969,0.001210905
604.5,0.005447475,0.00138663
604.75,0.005251515,0.00097767
605,0.00478398,2.343e-05
605.25,0.005019345,0.00018744
605.5,0.00579573,0.001317405
605.75,0.006114165,0.00199581
606,0.00463914,0.000637935
606.25,0.00422379,8.733e-05
606.5,0.00420888,0.000985125
606.75,0.004493235,0.001526145
607,0.00420036,0.00145692
607.25,0.004186515,0.001722105
607.5,0.004250415,0.00175938
607.75,0.011852385,-0.001104405
608,0.01005573,-0.001604955
608.25,0.01047108,-0.001127835
608.5,0.011087715,-0.000171465
608.75,0.013198545,0.000107565
609,0.013897185,-0.00110121
609.25,0.0135042,-0.002099115
609.5,0.01003017,0.00011502
609.75,0.00467748,0.001053285
610,0.00502467,0.001262025
610.25,0.005594445,0.00220242
610.5,0.00416415,0.00233448
610.75,0.00331002,0.000199155
611,0.004344135,0.000352515
611.25,0.004946925,0.001174695
611.5,0.005997015,0.00253683
611.75,0.005771235,0.00185097
612,0.00495651,0.001408995
612.25,0.005498595,0.00175725
612.5,0.004880895,0.00128013
612.75,0.004065105,0.00011928
613,0.003994815,0.00079449
613.25,0.004689195,0.00248997
613.5,0.00488835,0.002156625
613.75,0.00502254,0.001700805
614,0.005264295,0.001440945
614.25,0.004949055,0.00108843
614.5,0.00509709,0.00120132
614.75,0.004851075,0.00059001
615,0.005366535,0.001651815
615.25,0.005189745,0.001847775
615.5,0.00438567,0.00190635
615.75,0.00465192,0.00153786
616,0.00366999,-0.00010224
616.25,0.00482658,0.000844545
616.5,0.004373955,0.00060705
616.75,0.005042775,0.001293975
617,0.004899,0.000921225
617.25,0.00507153,0.001019205
617.5,0.0054741,0.00180198
617.75,0.004667895,0.00057084
618,0.00445809,0.000322695
618.25,0.004938405,0.00054315
618.5,0.005438955,0.00122688
618.75,0.00518442,0.001381305
619,0.004932015,0.00084348
619.25,0.005145015,0.00112464
619.5,0.005340975,0.00077745
619.75,0.00611949,0.000586815
620,0.00567006,-6.7095e-05
620.25,0.006269655,0.000646455
620.5,0.00688842,0.0015123
620.75,0.00670524,0.001061805
621,0.0065817,0.000763605
621.25,0.00623025,0.00018957
621.5,0.006014055,0.000410025
621.75,0.006410235,0.000667755
622,0.0061344,0.00073059
622.25,0.006876705,0.001679505
622.5,0.0061131,0.001372785
622.75,0.00518868,-0.000211935
623,0.00534417,0.000160815
623.25,0.006152505,0.00088182
623.5,0.00648372,0.001362135
623.75,0.00644751,0.00145479
624,0.005741415,0.001223685
624.25,0.005815965,0.000450495
624.5,0.005285595,0.00035997
624.75,0.00516738,0.0004686
625,0.005892645,0.002267385
625.25,0.006033225,0.00197238
625.5,0.00620256,0.001281195
625.75,0.00531648,0.000486705
626,0.00548688,0.00069225
626.25,0.00584046,0.00108843
626.5,0.006250485,0.002282295
626.75,0.00585537,0.00145692
627,0.00512052,0.00118215
627.25,0.005262165,0.001065
627.5,0.00503106,1.278e-05
627.75,0.004812735,-5.4315e-05
628,0.00586176,0.0017466
628.25,0.005913945,0.001903155
628.5,0.005149275,0.0010437
628.75,0.00478398,0.00013632
629,0.005325,0.000746565
629.25,0.004714755,0.00026838
629.5,0.00539529,0.00128226
629.75,0.006033225,0.00196173
630,0.00508431,0.00177003
630.25,0.00391707,8.733e-05
630.5,0.004077885,0.000554865
630.75,0.00426426,0.00138876
631,0.005166315,0.00190209
631.25,0.022892175,0.00761901
631.5,0.02751534,0.00588945
631.75,0.04308138,0.0056019
632,0.0286272,0.004471935
632.25,0.031122495,0.00527814
632.5,0.029358855,0.0049203
632.75,0.034419735,0.005694555
633,0.0396819,0.0047073
633.25,0.04970994,0.005935245
633.5,0.06587877,0.00889062
633.75,0.056987085,0.00827079
634,0.057849735,0.005862825
634.25,0.0554865,0.00502041
634.5,0.057153225,0.002638005
634.75,0.03674037,-0.000554865
635,0.050433075,7.455e-06
635.25,0.04572045,-0.000190635
635.5,0.044462685,0.00041322
635.75,0.052367115,0.001206645
636,0.04418046,0.00013419
636.25,0.04422306,-0.000352515
636.5,0.040485975,-5.751e-05
636.75,0.0547197,0.002514465
637,0.05204229,0.00135894
637.25,0.05821929,0.00111186
637.5,0.05725014,0.001389825
637.75,0.06648369,0.00110547
638,0.058188405,0.00040257
638.25,0.053704755,-0.00011289
638.5,0.05268555,-7.5615e-05
638.75,0.049257315,0.00104583
639,0.04501116,7.5615e-05
639.25,0.04453617,-0.00063261
639.5,0.032098035,0.000297135
639.75,0.039190935,0.001553835
640,0.04349673,0.001681635
640.25,0.03385209,0.002946855
640.5,0.035001225,0.00346977
640.75,0.03686391,0.002669955
641,0.02795199,0.0011928
641.25,0.0269871,0.000840285
641.5,0.027358785,0.002951115
641.75,0.016329645,0.004167345
642,0.01492491,0.003221625
642.25,0.013486095,0.002748765
642.5,0.012076035,0.0030672
642.75,0.00393411,0.001462245
643,0.004380345,0.001411125
643.25,0.00427278,0.002358975
643.5,0.005234475,0.002804145
643.75,0.00569775,0.002784975
644,0.004978875,0.000522915
644.25,0.004454895,6.2835e-05
644.5,0.005558235,0.001102275
644.75,0.00581064,0.0021087
645,0.00508431,0.001080975
645.25,0.005249385,0.00106713
645.5,0.005340975,0.00094998
645.75,0.005057685,0.00060705
646,0.00434094,0.00028116
646.25,0.00538251,0.00094572
646.5,0.00518016,0.001138485
646.75,0.005236605,0.0018105
647,0.00484362,0.0011715
647.25,0.004005465,4.473e-05
647.5,0.00479676,0.000388725
647.75,0.005743545,0.00236217
648,0.00466044,0.00158685
648.25,0.00490539,0.00156342
648.5,0.004586955,0.00140154
648.75,0.00485853,0.001415385
649,0.00431538,0.00087969
649.25,0.004959705,0.001438815
649.5,0.00572544,0.00253044
649.75,0.005123715,0.00203628
650,0.004851075,0.000603855
650.25,0.00462423,0.00118002
650.5,0.00496503,0.001283325
650.75,0.005066205,0.00136533
651,0.00484788,0.00157194
651.25,0.005564625,0.002114025
651.5,0.0041109,0.0001917
651.75,0.003798855,2.343e-05
652,0.004437855,0.000761475
652.25,0.005221695,0.002224785
652.5,0.00460506,0.001445205
652.75,0.003996945,0.00102879
653,0.00401505,0.00050055
653.25,0.004267455,0.00092655
653.5,0.00416628,0.00048777
653.75,0.00505662,0.0013632
654,0.00480315,0.00184884
654.25,0.004544355,0.00234513
654.5,0.00398949,0.001238595
654.75,0.00307146,0.000565515
655,0.00459015,0.000882885
655.25,0.028093635,0.00745074
655.5,0.02688699,0.006088605
655.75,0.02070786,0.005664735
656,0.028082985,0.005894775
656.25,0.037610475,0.00553374
656.5,0.044258205,0.004750965
656.75,0.073656465,0.00582129
657,0.05371008,0.00473925
657.25,0.04797612,0.00076254
657.5,0.043665,2.0235e-05
657.75,0.05486667,0.00030033
658,0.05877096,0.001734885
658.25,0.049402155,0.000350385
658.5,0.060833865,0.00047286
658.75,0.05074299,-0.000243885
659,0.041555235,-0.00073911
659.25,0.05392734,0.001091625
659.5,0.05359932,0.000612375
659.75,0.055525905,0.001264155
660,0.04959492,0.00143775
660.25,0.06591285,0.000407895
660.5,0.05862399,0.000380205
660.75,0.05669847,0.001234335
661,0.058744335,0.00135681
661.25,0.05254923,0.000801945
661.5,0.054083895,0.000531435
661.75,0.060169305,0.00095211
662,0.054707985,0.00033867
662.25,0.051945375,0.00105009
662.5,0.05212323,0.00087543
662.75,0.0571692,0.001781745
663,0.05754834,0.002143845
663.25,0.05332881,0.001353615
663.5,0.0422805,0.001457985
663.75,0.042102645,0.00131847
664,0.046141125,0.000982995
664.25,0.045065475,0.00152934
664.5,0.04607616,0.00253896
664.75,0.04640631,0.00262629
665,0.036666885,0.00355497
665.25,0.03729843,0.00260925
665.5,0.037552965,0.00158472
665.75,0.036000195,0.001524015
666,0.017946315,-0.000190635
666.25,0.01835208,0.001206645
666.5,0.015592665,0.00113529
666.75,0.005087505,0.00284781
667,0.00575526,0.00356775
667.25,0.00480315,0.001609215
667.5,0.00799602,0.00126309
667.75,0.016830195,-0.00058362
668,0.020340435,0.000405765
668.25,0.01812843,0.000105435
668.5,0.01517625,0.000444105
668.75,0.00563598,0.00071355
669,0.005694555,0.00094572
669.25,0.00493095,0.000361035
669.5,0.00922077,0.00230253
669.75,0.026065875,0.00372963
670,0.017856855,0.002678475
670.25,0.016670445,0.00289254
670.5,0.01515282,0.001347225
670.75,0.016749255,0.0018744
671,0.01764066,0.003300435
671.25,0.018610875,0.00289041
671.5,0.017245545,0.003049095
671.75,0.015447825,0.003044835
672,0.012525465,0.0009159
672.25,0.01462884,0.001551705
672.5,0.015882345,0.002156625
672.75,0.015771585,0.00345699
673,0.01477155,0.002761545
673.25,0.01004934,0.002390925
673.5,0.005407005,0.00120771
673.75,0.00541446,0.001487805
674,0.004851075,0.0012567
674.25,0.00547197,0.002299335
674.5,0.00618978,0.00351237
674.75,0.00582981,0.002486775
675,0.005166315,0.001449465
675.25,0.004923495,0.001206645
675.5,0.00502254,0.000889275
675.75,0.00513756,0.00202137
676,0.00553161,0.002827575
676.25,0.004897935,0.00244737
676.5,0.004985265,0.001854165
676.75,0.004663635,0.00141219
677,0.004361175,0.001268415
677.25,0.005385705,0.002672085
677.5,0.00553587,0.00284994
677.75,0.005871345,0.003877665
678,0.004177995,0.001374915
678.25,0.004216335,0.001494195
678.5,0.003813765,0.001217295
678.75,0.00386169,0.002169405
679,0.00908232,0.00502254
679.25,0.026219235,0.010265535
679.5,0.02828427,0.00857112
679.75,0.022798455,0.006946995
680,0.030376995,0.00492243
680.25,0.033363255,0.005283465
680.5,0.045331725,0.004712625
680.75,0.049757865,0.00442614
681,0.057777315,0.003421845
681.25,0.05769318,0.003519825
681.5,0.06037272,0.00299904
681.75,0.06218109,0.00535482
682,0.075294435,0.00842202
682.25,0.067971495,0.003881925
682.5,0.05719476,0.00293301
682.75,0.043080315,-0.000625155
683,0.043406205,-0.00211722
683.25,0.0424935,-0.001046895
683.5,0.0393198,-0.001323795
683.75,0.05068761,0.00038553
684,0.050905935,0.000831765
684.25,0.059506875,0.001104405
684.5,0.05523729,0.000721005
684.75,0.06488832,0.002344065
685,0.066045975,0.00168057
685.25,0.051721725,0.001485675
685.5,0.06240048,0.001370655
685.75,0.06224286,0.000482445
686,0.06391278,0.001012815
686.25,0.06256662,0.00265185
686.5,0.06022362,0.00270084
686.75,0.06131205,0.002814795
687,0.048279645,0.00307359
687.25,0.046673625,0.00256026
687.5,0.040436985,0.00206184
687.75,0.039535995,0.00176364
688,0.03504915,0.002324895
688.25,0.036811725,0.00258582
688.5,0.03787992,0.001841385
688.75,0.03262095,0.002030955
689,0.02780289,0.000463275
689.25,0.02518725,0.00072207
689.5,0.029039355,0.00078384
689.75,0.028638915,0.001773225
690,0.02644821,0.001822215
690.25,0.02431182,0.00144414
690.5,0.024067935,0.000614505
690.75,0.020140215,0.00093081
691,0.02418615,-0.000269445
691.25,0.02208171,0.000699705
691.5,0.024342705,0.00100323
691.75,0.027948795,0.000631545
692,0.02750043,0.000412155
692.25,0.02615853,-6.816e-05
692.5,0.023825115,-0.000246015
692.75,0.02434377,-0.000135255
693,0.023669625,0.000691185
693.25,0.024577005,-0.00011928
693.5,0.021166875,0.00122475
693.75,0.025426875,-0.000461145
694,0.02117646,-8.094e-05
694.25,0.01436685,0.00121197
694.5,0.0093507,0.00143562
694.75,0.006363375,0.001749795
695,0.006395325,0.001287585
695.25,0.006005535,0.000855195
695.5,0.00666264,0.00040044
695.75,0.006286695,0.00050694
696,0.006233445,0.0008733
696.25,0.006582765,0.00156129
696.5,0.006143985,0.000919095
696.75,0.00616635,0.00107565
697,0.006005535,0.000940395
697.25,0.005470905,0.000218325
697.5,0.006733995,0.00208101
697.75,0.0060279,0.00119493
698,0.006378285,0.00213639
698.25,0.006107775,0.00100962
698.5,0.005899035,7.1355e-05
698.75,0.005997015,0.000510135
699,0.00637296,0.00165288
699.25,0.00619191,0.00129078
699.5,0.006071565,0.00147822
699.75,0.00612162,0.000663495
700,0.00559764,0.000493095
700.25,0.00551244,-9.4785e-05
700.5,0.00637083,0.001877595
700.75,0.00549966,0.00099897
701,0.00581916,0.00155064
701.25,0.00511626,8.8395e-05
701.5,0.00587667,0.00060918
701.75,0.005562495,-3.3015e-05
702,0.006482655,0.002390925
702.25,0.00580851,0.001709325
702.5,0.004580565,0.00111186
702.75,0.00424083,0.0005964
703,0.004018245,0.00056232
703.25,0.004450635,0.001065
703.5,0.00522489,0.00130782
703.75,0.007183425,0.000620895
704,0.009794805,0.0016401
704.25,0.011784225,0.00100536
704.5,0.01050729,0.001805175
704.75,0.022527945,0.001879725
705,0.02969859,0.00132486
705.25,0.02778798,0.000130995
705.5,0.036074745,-7.5615e-05
705.75,0.034095975,-0.001570875
706,0.03747096,-0.001656075
706.25,0.031667775,0.000101175
706.5,0.03926016,0.00042174
706.75,0.045171975,0.000769995
707,0.051325545,0.00055806
707.25,0.051579015,-0.00041961
707.5,0.050021985,-0.00085413
707.75,0.04127301,0.000691185
708,0.0405552,-3.195e-06
708.25,0.03459972,-6.603e-05
708.5,0.032200275,-0.00062196
708.75,0.02972628,-0.00112677
709,0.02725335,-0.00278178
709.25,0.03281265,-0.001325925
709.5,0.0316092,-0.001308885
709.75,0.033714705,-0.00079236
710,0.027786915,-0.00033867
710.25,0.02907876,-0.00139728
710.5,0.02844828,-0.002133195
710.75,0.031721025,-0.002203485
711,0.02794134,-0.000978735
711.25,0.022078515,-0.00014058
711.5,0.01908693,0.000863715
711.75,0.02271219,0.00044943
712,0.029305605,0.00089247
712.25,0.02975397,0.000639
712.5,0.029582505,0.00115446
712.75,0.02497638,0.001219425
713,0.02111469,0.001345095
713.25,0.021330885,0.001136355
713.5,0.020259495,0.000456885
713.75,0.015701295,0.001308885
714,0.01315914,0.001749795
714.25,0.01397067,0.002578365
714.5,0.022257435,0.00122688
714.75,0.013371075,0.002578365
715,0.01213887,0.001140615
715.25,0.010437,0.00118641
715.5,0.01074798,0.00109056
715.75,0.014250765,0.00180198
716,0.016723695,0.002250345
716.25,0.01873761,0.00189144
716.5,0.01442649,0.00127374
716.75,0.011828955,0.000537825
717,0.014614995,0.000659235
717.25,0.016436145,0.00122475
717.5,0.01653519,0.00146544
717.75,0.00838155,0.001270545
718,0.005530545,0.00016188
718.25,0.0056019,0.00020874
718.5,0.005262165,0.0002982
718.75,0.00555078,0.000610245
719,0.006188715,0.00130569
719.25,0.006003405,0.001251375
719.5,0.006244095,0.000951045
719.75,0.00622599,1.8105e-05
720,0.005426175,0.00035997
720.25,0.00604707,0.00091377
720.5,0.00550818,0.000842415
720.75,0.005890515,0.001417515
721,0.00530583,0.0002556
721.25,0.00568923,0.00077319
721.5,0.005409135,0.000246015
721.75,0.005592315,0.00115659
722,0.00555504,0.00088608
722.25,0.006627495,0.00187866
722.5,0.005639175,0.000109695
722.75,0.005242995,0.000160815
723,0.005415525,0.000333345
723.25,0.006143985,0.00180624
723.5,0.005762715,0.001551705
723.75,0.00540381,0.00108843
724,0.00515886,0.00032802
724.25,0.00529731,0.000614505
724.5,0.004938405,0.00036636
724.75,0.005654085,0.00139089
725,0.005615745,0.001609215
725.25,0.00503958,0.0008094
725.5,0.005164185,0.00024921
725.75,0.005213175,-0.000182115
726,0.005302635,0.001368525
726.25,0.00497781,0.00185736
726.5,0.004729665,0.001760445
726.75,0.003856365,0.001093755
727,0.00881607,0.000226845
727.25,0.029433405,-0.00032163
727.5,0.025124415,-0.00026412
727.75,0.0182967,0.000812595
728,0.01322943,-0.000222585
728.25,0.016825935,-0.001377045
728.5,0.019151895,-0.00013845
728.75,0.02542794,5.2185e-05
729,0.027633555,-0.00042813
729.25,0.03505767,0.000674145
729.5,0.049397895,0.001159785
729.75,0.05329047,0.00202563
730,0.047480895,-0.00157833
730.25,0.037974705,0.00023004
730.5,0.043945095,-0.00102027
730.75,0.04529658,0.00162732
731,0.05063649,-0.000465405
731.25,0.047766315,0.001964925
731.5,0.06150162,0.000934005
731.75,0.05762289,0.00060918
732,0.037397475,-0.00108417
732.25,0.03857217,0.00294792
732.5,0.03560082,0.00124392
732.75,0.034349445,0.001072455
733,0.02222868,0.000582555
733.25,0.02634597,-3.195e-05
733.5,0.03332172,7.9875e-05
733.75,0.046347735,0.00145692
734,0.05224677,0.000316305
734.25,0.057890205,0.00067095
734.5,0.04504311,-0.00043878
734.75,0.04473,-0.0001491
735,0.053736705,-0.000574035
735.25,0.04974615,2.0235e-05
735.5,0.047444685,0.000880755
735.75,0.04788879,0.00046434
736,0.045174105,-0.00108417
736.25,0.0371685,-0.000525045
736.5,0.04216548,-0.00218751
736.75,0.03951789,-0.0026412
737,0.047310495,-0.00109908
737.25,0.040649985,-0.00125457
737.5,0.02869536,-0.00133551
737.75,0.02291454,0.000373815
738,0.014346615,-0.001492065
738.25,0.010020585,-0.001000035
738.5,0.004633815,0.00118428
738.75,0.004655115,0.00144201
739,0.00488622,0.002327025
739.25,0.005607225,0.00197451
739.5,0.00532287,0.00093933
739.75,0.00584259,0.00045582
740,0.00629628,0.000116085
740.25,0.006520995,0.00081792
740.5,0.006819195,0.000899925
740.75,0.007566825,0.001828605
741,0.00670524,0.00072207
741.25,0.00651354,8.6265e-05
741.5,0.007502925,0.00054741
741.75,0.00648372,0.000141645
742,0.007328265,0.001524015
742.25,0.006883095,0.001279065
742.5,0.00668394,0.000944655
742.75,0.00562746,-0.000107565
743,0.006591285,0.00060066
743.25,0.006416625,0.000211935
743.5,0.00764883,0.00179985
743.75,0.007164255,0.0013845
744,0.007183425,0.001864815
744.25,0.005988495,-0.00020448
744.5,0.00629841,0.000603855
744.75,0.00655827,0.00083283
745,0.006618975,0.00109908
745.25,0.007234545,0.00217686
745.5,0.00706947,0.001061805
745.75,0.00703539,0.000535695
746,0.006580635,0.000397245
746.25,0.00733998,0.001704
746.5,0.007415595,0.001278
746.75,0.007598775,0.001856295
747,0.00658596,0.000825375
747.25,0.006261135,0.000424935
747.5,0.006135465,5.751e-05
747.75,0.00699279,0.00131634
748,0.006898005,0.00164223
748.25,0.006770205,0.001873335
748.5,0.006031095,0.000695445
748.75,0.00628137,0.00067095
749,0.00603429,0.000299265
749.25,0.005928855,0.000490965
749.5,0.007324005,0.00191913
749.75,0.006657315,0.0012993
750,0.005982105,0.00087969
750.25,0.004644465,-0.0002343
750.5,0.00494799,0.000593205
750.75,0.01315914,-0.00018318
751,0.01481628,-0.0005538
751.25,0.014423295,-0.00029181
751.5,0.013831155,-0.001470765
751.75,0.01196634,-0.00099258
752,0.005072595,-0.000927615
752.25,0.00550605,0.00182541
752.5,0.004252545,0.001155525
752.75,0.00559551,0.00159963
753,0.005726505,-0.002331285
753.25,0.0114381,-0.00291597
753.5,0.015956895,-0.002902125
753.75,0.017931405,-0.00097341
754,0.01581099,0.000179985
754.25,0.015328545,-0.00075615
754.5,0.00995988,-0.00156555
754.75,0.012555285,-0.001911675
755,0.007654155,-0.00130782
755.25,0.010806555,0.00093294
755.5,0.01640313,-0.000780645
755.75,0.017064495,-0.00081153
756,0.00781497,0.00147609
756.25,0.011547795,-0.00171252
756.5,0.017337135,-0.001920195
756.75,0.01492704,-0.00150591
757,0.004629555,0.002422875
757.25,0.00459228,0.001206645
757.5,0.00513969,0.002921295
757.75,0.005375055,0.00083496
758,0.00497142,0.000850935
758.25,0.0047712,0.000738045
758.5,0.005296245,0.00164436
758.75,0.005466645,0.001913805
759,0.005162055,0.002165145
759.25,0.00535695,0.00229401
759.5,0.003954345,0.00052611
759.75,0.00426639,0.00106926
760,0.004116225,0.00015975
760.25,0.005707335,0.002092725
760.5,0.00499485,0.001660335
760.75,0.005140755,0.002033085
761,0.004970355,0.001202385
761.25,0.00579573,0.00110121
761.5,0.00486705,-0.000128865
761.75,0.005843655,0.001004295
762,0.005881995,0.00188931
762.25,0.006414495,0.00262842
762.5,0.00649437,0.001583655
762.75,0.01812843,-0.000113955
763,0.017249805,-0.002652915
763.25,0.017415945,-0.001451595
763.5,0.01780041,-0.002022435
763.75,0.01914018,-0.00073485
764,0.021665295,-0.00086265
764.25,0.01042422,0.00137811
764.5,0.00691185,0.000503745
764.75,0.007053495,0.000303525
765,0.00737406,0.00069864
765.25,0.0085839,0.001820085
765.5,0.00881181,0.0020022
765.75,0.00839433,0.00188292
766,0.00770421,0.00086265
766.25,0.007554045,0.00079236
766.5,0.006037485,-0.0003408
766.75,0.007496535,0.001481415
767,0.007630725,0.00149313
767.25,0.007875675,0.00152082
767.5,0.007654155,0.001306755
767.75,0.00731655,0.00049842
768,0.0063261,4.26e-05
768.25,0.00701196,0.000755085
768.5,0.00722496,0.00158472
768.75,0.00674358,0.000727395
769,0.00748269,0.001364265
769.25,0.00605133,-2.4495e-05
769.5,0.005637045,0.000674145
769.75,0.00551244,0.00055167
770,0.0063261,0.00367851
770.25,0.006173805,0.002452695
770.5,0.006007665,0.003455925
770.75,0.006033225,0.002525115
771,0.00465192,-0.00090525
771.25,0.00569562,0.00222798
771.5,0.00613227,0.004120485
771.75,0.00528027,0.00250275
772,0.005400615,0.003890445
772.25,0.004883025,3.621e-05
772.5,0.00547836,0.00050481
772.75,0.00685434,0.001374915
773,0.00717597,0.001909545
773.25,0.007360215,0.002546415
773.5,0.00653271,0.000542085
773.75,0.006284565,0.00060279
774,0.00535695,0.000109695
774.25,0.00554439,0.001404735
774.5,0.005428305,0.00153786
774.75,0.00573183,0.002465475
775,0.00488835,0.00073272
775.25,0.00480102,0.000527175
775.5,0.00493947,0.000895665
775.75,0.004953315,0.001093755
776,0.00417054,0.002235435
776.25,0.00404913,0.00176577
776.5,0.00414924,0.00126735
776.75,0.00410664,0.00054102
777,0.00443466,4.1535e-05
777.25,0.005436825,0.00178068
777.5,0.00558273,0.001504845
777.75,0.00586602,0.001357875
778,0.00589584,0.001002165
778.25,0.005485815,0.000365295
778.5,0.00356349,8.8395e-05
778.75,0.004120485,0.000292875
779,0.005394225,0.00113103
779.25,0.0054528,0.000793425
779.5,0.00656253,0.0015762
779.75,0.00577869,0.000661365
780,0.005300505,0.00027264
780.25,0.005598705,0.000397245
780.5,0.00528666,0.000439845
780.75,0.005700945,0.000882885
781,0.00434946,0.00094998
781.25,0.00487131,0.0015123
781.5,0.0053037,0.0008307
781.75,0.00571266,0.000669885
782,0.00533352,0.000499485
782.25,0.00552735,0.00059427
782.5,0.00647733,0.00165501
782.75,0.005513505,0.000765735
783,0.00607476,0.001532535
783.25,0.00612162,0.00133977
783.5,0.00453903,0.0004473
783.75,0.00494586,0.000571905
784,0.004629555,-5.325e-06
784.25,0.00608967,0.001342965
784.5,0.00548262,0.001021335
784.75,0.005679645,0.001330185
785,0.005954415,0.00135894
785.25,0.005566755,0.000563385
785.5,0.00586815,0.000508005
785.75,0.005211045,5.0055e-05
786,0.00661791,0.00155277
786.25,0.006203625,0.00123966
786.5,0.006082215,0.00125457
786.75,0.006318645,0.0015975
787,0.006126945,0.001059675
787.25,0.00628776,0.00078597
787.5,0.00597252,0.00056019
787.75,0.006552945,0.00029394
788,0.00832617,0.001583655
788.25,0.00797685,0.000912705
788.5,0.00777237,0.00090312
788.75,0.00776172,0.001010685
789,0.00719301,-7.242e-05
789.25,0.007509315,0.000499485
789.5,0.008201565,0.001272675
789.75,0.00791295,0.00116511
790,0.00802584,0.001656075
790.25,0.00759558,0.001093755
790.5,0.00711846,0.000684795
790.75,0.00663708,8.946e-05
791,0.00687138,0.000337605
791.25,0.00790443,0.00173595
791.5,0.00767226,0.00119067
791.75,0.00862437,0.00242607
792,0.007287795,0.001528275
792.25,0.0066669,0.00014484
792.5,0.006648795,0.000703965
792.75,0.00629202,9.585e-05
793,0.00792999,0.00196173
793.25,0.00692889,0.000963825
793.5,0.007835205,0.001739145
793.75,0.00708225,0.00063687
794,0.007017285,0.00011289
794.25,0.007379385,0.00099684
794.5,0.00734424,0.00125883
794.75,0.00773829,0.001839255
795,0.006802155,0.00151017
795.25,0.007021545,0.00123327
795.5,0.006633885,0.000870105
795.75,0.00589371,-0.00018105
796,0.00639,0.000944655
796.25,0.006636015,0.001649685
796.5,0.006393195,0.001886115
796.75,0.006787245,0.00165075
797,0.00629628,0.000644325
797.25,0.00637722,0.000544215
797.5,0.006802155,-1.491e-05
797.75,0.007615815,0.001142745
798,0.00738258,0.002393055
798.25,0.00611523,0.001308885
798.5,0.00613866,0.001304625
798.75,0.00476268,0.00068799
799,0.01269054,0.001886115
799.25,0.045446745,0.00983421
799.5,0.044609655,0.008708505
799.75,0.038886345,0.00911214
800,0.044334885,0.00642621
800.25,0.05654511,0.004808475
800.5,0.066065145,0.0047499
800.75,0.07516557,0.005291985
801,0.0867549,0.00609393
801.25,0.08839074,0.005368665
801.5,0.08714256,0.00392772
801.75,0.092164035,0.005072595
802,0.09523656,0.00541233
802.25,0.09398199,0.005822355
802.5,0.069809685,0.004408035
802.75,0.062452665,0.002235435
803,0.0710355,0.00138237
803.25,0.07473531,0.002124675
803.5,0.074105895,0.001979835
803.75,0.07260531,0.00234513
804,0.067145055,0.00237921
804.25,0.06134613,0.00223863
804.5,0.059805075,0.00211935
804.75,0.058597365,0.0013845
805,0.05972733,0.00152934
805.25,0.060109665,0.002114025
805.5,0.06686496,0.003541125
805.75,0.067255815,0.00251553
806,0.066348435,0.002610315
806.25,0.073946145,0.004612515
806.5,0.06084771,0.00233448
806.75,0.035680695,-0.000887145
807,0.035399535,0.000101175
807.25,0.03749439,0.001115055
807.5,0.03367743,0.00054102
807.75,0.03412047,0.001451595
808,0.03657636,0.00178494
808.25,0.02589015,-0.00044091
808.5,0.02751534,-0.00011502
808.75,0.02701692,-0.00149313
809,0.02822676,-0.00013419
809.25,0.02510631,0.00073698
809.5,0.03549858,-0.000435585
809.75,0.02989455,3.7275e-05
810,0.02068017,0.000695445
810.25,0.02007525,-0.00089886
810.5,0.034905375,0.00109695
810.75,0.03877239,0.00232596
811,0.039499785,0.00299052
811.25,0.03892575,0.002425005
811.5,0.0390855,0.00299478
811.75,0.03061662,0.00214065
812,0.02696367,0.002780715
812.25,0.013790685,0.00165075
812.5,0.006949125,2.8755e-05
812.75,0.0077319,0.0008946
813,0.00800454,0.00151656
813.25,0.00864993,0.001643295
813.5,0.00736767,0.00047925
813.75,0.007901235,0.001195995
814,0.006866055,-8.4135e-05
814.25,0.00741879,0.00031098
814.5,0.00756363,0.001826475
814.75,0.0072846,0.001070325
815,0.00771912,0.001451595
815.25,0.00800241,0.001524015
815.5,0.007443285,0.000759345
815.75,0.007551915,0.00030246
816,0.006661575,0.000263055
816.25,0.00743157,0.000797685
816.5,0.007456065,0.00113529
816.75,0.00675423,0.000639
817,0.007722315,0.00185523
817.25,0.007106745,0.001121445
817.5,0.006670095,-0.00023004
817.75,0.006878835,0.00059001
818,0.007321875,0.000910575
818.25,0.007513575,0.001794525
818.5,0.00751677,0.00162732
818.75,0.00674358,0.00066669
819,0.006934215,0.000461145
819.25,0.00614931,-0.00010011
819.5,0.00698427,0.000959565
819.75,0.006761685,0.0014271
820,0.006708435,0.001066065
820.25,0.007055625,0.00171678
820.5,0.00639,0.000482445
820.75,0.00576378,-0.000122475
821,0.006472005,7.242e-05
821.25,0.00689907,0.00173808
821.5,0.007792605,0.001583655
821.75,0.00692037,0.00164436
822,0.0065391,0.001068195
822.25,0.005813835,0.000469665
822.5,0.00584685,0.000463275
822.75,0.004723275,0.000789165
823,0.004831905,0.00147822
823.25,0.019641795,0.005809575
823.5,0.02231175,0.006090735
823.75,0.02335332,0.00473286
824,0.028534545,0.002384535
824.25,0.03433773,0.00290958
824.5,0.03865524,0.004497495
824.75,0.058810365,0.007232415
825,0.06501186,0.005850045
825.25,0.07285878,0.00621321
825.5,0.07492275,0.00664773
825.75,0.07554684,0.00684369
826,0.078570375,0.007956615
826.25,0.08150658,0.007243065
826.5,0.072900315,0.00626859
826.75,0.055447095,0.002309985
827,0.05733534,0.00197238
827.25,0.060109665,0.00240264
827.5,0.05974437,0.00276048
827.75,0.06159321,0.003093825
828,0.06034503,0.003651885
828.25,0.062250315,0.003106605
828.5,0.058478085,0.00298839
828.75,0.055685655,0.002574105
829,0.051012435,0.002712555
829.25,0.055464135,0.00425148
829.5,0.060933975,0.004165215
829.75,0.06234936,0.004499625
830,0.06406827,0.00482658
830.25,0.066310095,0.004582695
830.5,0.06661575,0.00284781
830.75,0.064120455,0.003383505
831,0.048735465,-0.000205545
831.25,0.0517803,0.000307785
831.5,0.046797165,0.0005751
831.75,0.0510774,0.001070325
832,0.053082795,0.00101814
832.25,0.052707915,-0.0002343
832.5,0.05576766,-0.000356775
832.75,0.05137986,-0.000829635
833,0.048905865,-0.00113955
833.25,0.04224642,-0.001006425
833.5,0.04088535,-0.00077532
833.75,0.02232879,-0.000241755
834,0.021448035,-0.000431325
834.25,0.01832226,-0.000337605
834.5,0.007351695,0.00041322
834.75,0.004529445,0.000365295
835,0.00506727,0.00053889
835.25,0.006659445,0.001973445
835.5,0.006474135,0.00120771
835.75,0.006693525,0.00098619
836,0.00774681,0.001161915
836.25,0.00714189,0.000827505
836.5,0.005956545,-0.000392985
836.75,0.006872445,0.00073272
837,0.00698214,0.0007455
837.25,0.007588125,0.00100749
837.5,0.00775107,0.00161241
837.75,0.007609425,0.00107139
838,0.006555075,0.00037701
838.25,0.006968295,0.000461145
838.5,0.006203625,0.000169335
838.75,0.007113135,0.000263055
839,0.007519965,0.00142071
839.25,0.00762966,0.00177429
839.5,0.00724839,0.00109908
839.75,0.00821967,0.002199225
840,0.00615996,0.00026838
840.25,0.006060915,0.000105435
840.5,0.006812805,0.001036245
840.75,0.0069651,0.00207462
841,0.006576375,0.000782775
841.25,0.007187685,0.002239695
841.5,0.007603035,0.002007525
841.75,0.006472005,0.000156555
842,0.00647946,-5.2185e-05
842.25,0.00693102,0.001012815
842.5,0.00733146,0.001649685
842.75,0.006814935,0.001204515
843,0.0072207,0.00242394
843.25,0.00635805,0.00098406
843.5,0.00615996,0.000510135
843.75,0.006489045,0.000335475
844,0.005790405,-6.7095e-05
844.25,0.00689694,0.00099897
844.5,0.00643047,0.000850935
844.75,0.00631545,0.00076893
845,0.00569775,0.000135255
845.25,0.0061983,0.00035145
845.5,0.00588093,-5.751e-05
845.75,0.006689265,0.00082005
846,0.006508215,0.002018175
846.25,0.005756325,0.00093081
846.5,0.00531861,0.00075828
846.75,0.004806345,0.000588945
847,0.012289035,0.002827575
847.25,0.021235035,0.00586389
847.5,0.0205971,0.004546485
847.75,0.03163902,0.00529944
848,0.037229205,0.00426213
848.25,0.04183107,0.00376158
848.5,0.049395765,0.004382475
848.75,0.063979875,0.005692425
849,0.07140399,0.006299475
849.25,0.068472045,0.00640917
849.5,0.073168695,0.006861795
849.75,0.078657705,0.00551244
850,0.079827075,0.00587667
850.25,0.08052465,0.006063045
850.5,0.07646274,0.00597678
850.75,0.05437038,0.00342078
851,0.047312625,0.00221094
851.25,0.04869819,0.00119919
851.5,0.05134365,0.00194256
851.75,0.05073873,0.002295075
852,0.0530796,0.002995845
852.25,0.052818675,0.003492135
852.5,0.05169297,0.002959635
852.75,0.053191425,0.00312258
853,0.05032977,0.00202137
853.25,0.03724944,2.13e-06
853.5,0.03808866,-0.00066882
853.75,0.042658575,0.000744435
854,0.04347543,0.00026412
854.25,0.03478716,-0.00090099
854.5,0.03482976,-0.000595335
854.75,0.03388191,-0.00024069
855,0.043122915,-0.00192339
855.25,0.0571053,-0.00179985
855.5,0.05687526,-0.0018318
855.75,0.05609142,-9.585e-05
856,0.05992755,-0.001029855
856.25,0.05318823,-0.00044943
856.5,0.05709039,-0.000424935
856.75,0.057834825,0.00011502
857,0.05541834,-0.000795555
857.25,0.04427418,-0.000795555
857.5,0.04582908,-0.00102666
857.75,0.04527528,-0.001379175
858,0.04050408,-0.00050481
858.25,0.043223025,6.603e-05
858.5,0.035220615,0.00129717
858.75,0.007639245,0.001353615
859,0.007513575,0.001144875
859.25,0.007617945,0.00049629
859.5,0.006580635,0.000669885
859.75,0.00764883,-0.000461145
860,0.009260175,0.00103731
860.25,0.00964464,0.00119706
860.5,0.00915687,0.001481415
860.75,0.00869892,0.0008094
861,0.009445485,0.0012141
861.25,0.008795835,0.000731655
861.5,0.00898221,-3.9405e-05
861.75,0.009051435,0.000476055
862,0.009087645,0.00145905
862.25,0.01022826,0.000682665
862.5,0.010276185,0.00110334
862.75,0.011030205,0.001634775
863,0.008744715,0.000375945
863.25,0.00925911,-8.6265e-05
863.5,0.01038801,0.00060918
863.75,0.009377325,0.00096063
864,0.00885867,0.00088182
864.25,0.008144055,0.00135042
864.5,0.007309095,0.000444105
864.75,0.007400685,3.0885e-05
865,0.007268625,0.00027477
865.25,0.008026905,0.00074124
865.5,0.00800667,0.00075189
865.75,0.008993925,0.001988355
866,0.00788952,0.00094359
866.25,0.0075828,0.00045582
866.5,0.00765096,0.000708225
866.75,0.008265465,-0.00021087
867,0.007845855,0.00091803
867.25,0.008109975,0.00182967
867.5,0.0078171,0.001860555
867.75,0.007260105,0.00077106
868,0.005933115,-0.000301395
868.25,0.00966807,0.00071142
868.5,0.008135535,0.000426
868.75,0.00896943,0.001304625
869,0.00887358,0.001866945
869.25,0.00846888,0.001924455
869.5,0.007756395,0.000135255
869.75,0.007545525,-7.1355e-05
870,0.008218605,0.000895665
870.25,0.00739962,0.000921225
870.5,0.00592992,0.001438815
870.75,0.007104615,0.002314245
871,0.00507792,0.00063048
871.25,0.00523554,-0.000137385
871.5,0.00479889,6.816e-05
871.75,0.0123114,-5.4315e-05
872,0.01713372,-0.000878625
872.25,0.01971954,-0.001479285
872.5,0.025005135,-0.001845645
872.75,0.02748765,-0.00212787
873,0.02775177,-0.00230892
873.25,0.02928537,-0.0023643
873.5,0.0318648,-0.00128652
873.75,0.034040595,-0.001820085
874,0.03156873,-0.001979835
874.25,0.03079767,-0.002324895
874.5,0.03128331,-0.00237921
874.75,0.03268272,-0.002322765
875,0.034289805,-0.002096985
875.25,0.03496608,-0.00148248
875.5,0.04018032,-0.00026412
875.75,0.04330716,0.0002343
876,0.04290246,-0.00013632
876.25,0.04449357,0.00030459
876.5,0.04700484,0.000137385
876.75,0.0425148,0.000659235
877,0.042313515,0.00145905
877.25,0.03790974,-0.00013632
877.5,0.041252775,-0.0004686
877.75,0.04791435,-0.00043239
878,0.05132022,-0.000124605
878.25,0.055368285,0.002904255
878.5,0.055615365,0.000179985
878.75,0.054324585,-0.00028329
879,0.046903665,-0.00012354
879.25,0.04966734,-0.000335475
879.5,0.047904765,-0.00024921
879.75,0.051268035,0.00116085
880,0.05721819,0.001792395
880.25,0.054863475,0.00112464
880.5,0.049272225,0.00079023
880.75,0.047301975,0.000608115
881,0.04723701,-3.834e-05
881.25,0.04491744,-2.8755e-05
881.5,0.03198408,0.001332315
881.75,0.029284305,0.001628385
882,0.0292449,0.001411125
882.25,0.027405645,0.00234513
882.5,0.02544711,0.00141858
882.75,0.023220195,5.964e-05
883,0.02629059,0.000450495
883.25,0.021501285,0.001864815
883.5,0.01761723,0.002456955
883.75,0.016717305,0.002003265
884,0.018272205,0.002899995
884.25,0.015424395,0.001624125
884.5,0.016276395,0.001110795
884.75,0.01211757,0.000867975
885,0.015762,0.002241825
885.25,0.016250835,0.002844615
885.5,0.015818445,0.00318435
885.75,0.013973865,0.00280734
886,0.013019625,0.00135468
886.25,0.014759835,0.001455855
886.5,0.01605381,0.00256452
886.75,0.013647975,0.00242181
887,0.012680955,0.002427135
887.25,0.014005815,0.00328233
887.5,0.01492491,0.00192765
887.75,0.0143988,0.001475025
888,0.01171287,0.00232596
888.25,0.01200894,0.00270297
888.5,0.013209195,0.002633745
888.75,0.01392807,0.00339309
889,0.01164684,0.00168057
889.25,0.010597815,0.00079449
889.5,0.012742725,0.001044765
889.75,0.01460754,0.00206184
890,0.01090986,0.001573005
890.25,0.01266072,0.00207888
890.5,0.01290993,0.001549575
890.75,0.01155738,0.00089034
891,0.00983634,0.00082644
891.25,0.013228365,0.0021939
891.5,0.012706515,0.00227271
891.75,0.0112677,0.001700805
892,0.010661715,0.001187475
892.25,0.01180872,0.001428165
892.5,0.010320915,0.000878625
892.75,0.00936348,0.001764705
893,0.012097335,0.0023643
893.25,0.01170222,0.00177216
893.5,0.00958287,0.000927615
893.75,0.01176825,0.00152508
894,0.0110547,0.001626255
894.25,0.009532815,0.00257091
894.5,0.010069575,0.00333771
894.75,0.009402885,0.00177216
895,0.008152575,0.000740175
895.25,0.021292545,0.000652845
895.5,0.02514039,0.000686925
895.75,0.02535552,0.00090738
896,0.023778255,0.000237495
896.25,0.029235315,-0.000305655
896.5,0.025773,-0.000963825
896.75,0.03143667,-0.00173382
897,0.03971385,-4.047e-05
897.25,0.03649329,-0.000942525
897.5,0.051474645,-0.000827505
897.75,0.052409715,-0.00083922
898,0.062356815,0.000392985
898.25,0.06260496,0.00382122
898.5,0.06375516,0.006885225
898.75,0.049711005,-0.002022435
899,0.05235114,-0.001766835
899.25,0.054058335,-0.00290106
899.5,0.050778135,-0.00413007
899.75,0.045167715,-0.00469878
900,0.04396959,-0.00335688
900.25,0.035571,-0.002367495
900.5,0.02228406,-0.00211722
900.75,0.02578152,-0.001598565
901,0.023345865,-0.001928715
901.25,0.024197865,-0.00341865
901.5,0.02701692,-0.002891475
901.75,0.038330415,-0.000571905
902,0.03579891,-0.00116724
902.25,0.039533865,-0.000644325
902.5,0.04129218,-6.9225e-05
902.75,0.04349247,-0.00013845
903,0.043597905,-0.00160815
903.25,0.044236905,-0.00166566
903.5,0.041493465,-0.000865845
903.75,0.044400915,-0.00096915
904,0.04323474,-0.00069864
904.25,0.04446375,3.5145e-05
904.5,0.044096325,-0.001183215
904.75,0.04386948,-0.001715715
905,0.02959422,0.00030459
905.25,0.0168909,0.000352515
905.5,0.01776207,0.0023643
905.75,0.018314805,0.00273918
906,0.01684617,0.002327025
906.25,0.017087925,0.001935105
906.5,0.0156981,0.00145266
906.75,0.014410515,0.000942525
907,0.013251795,0.000260925
907.25,0.01374702,0.001964925
907.5,0.015486165,0.00252831
907.75,0.01564272,0.0014058
908,0.018210435,0.00087756
908.25,0.01109091,0.00191487
908.5,0.00714189,0.00090951
908.75,0.006789375,0.000478185
909,0.007264365,0.000848805
909.25,0.009356025,0.000529305
909.5,0.006638145,-0.00033867
909.75,0.008280375,0.00046647
910,0.008252685,0.001915935
910.25,0.008276115,0.001411125
910.5,0.00702474,0.0007881
910.75,0.00757854,0.001334445
911,0.006915045,0.000650715
911.25,0.00703752,-0.000501615
911.5,0.00717597,0.000341865
911.75,0.00874152,0.001779615
912,0.006604065,0.000846675
912.25,0.007441155,0.001012815
912.5,0.00626859,0.000412155
912.75,0.00606624,-0.00024921
913,0.006026835,-0.00025134
913.25,0.007249455,0.001098015
913.5,0.00708864,0.000533565
913.75,0.006961905,0.00102666
914,0.00733146,0.00052824
914.25,0.00620043,-0.000463275
914.5,0.00653484,-0.00050694
914.75,0.007613685,0.001700805
915,0.00686073,0.001134225
915.25,0.00704817,0.00086904
915.5,0.006489045,0.000484575
915.75,0.006759555,1.704e-05
916,0.005675385,-0.000322695
916.25,0.00772977,0.001413255
916.5,0.006489045,0.00180198
916.75,0.0064965,0.0007668
917,0.00566793,-4.26e-05
917.25,0.00683943,0.000554865
917.5,0.00561894,-0.00060066
917.75,0.006625365,0.00056658
918,0.007185555,0.001796655
918.25,0.00576378,0.00104157
918.5,0.005611485,-0.00028542
918.75,0.004848945,6.177e-05
919,0.005402745,-4.899e-05
919.25,0.005215305,0.00033441
919.5,0.00665412,0.000691185
919.75,0.00545493,0.00033441
920,0.008676555,-0.00066669
920.25,0.01147644,-0.001017075
920.5,0.012369975,-0.00072207
920.75,0.01290354,-0.00064539
921,0.014453115,-0.000450495
921.25,0.01441797,-0.00064113
921.5,0.0141645,-0.001647555
921.75,0.01207497,-0.001217295
922,0.007969395,2.556e-05
922.25,0.007194075,-0.000113955
922.5,0.00462849,-0.000188505
922.75,0.00639426,0.00074124
923,0.014182605,-0.00019383
923.25,0.012908865,-0.000363165
923.5,0.005796795,0.00078384
923.75,0.00590649,0.001781745
924,0.005698815,0.001737015
924.25,0.00541446,0.00100749
924.5,0.005622135,0.00145905
924.75,0.006067305,0.001771095
925,0.00478611,0.00099471
925.25,0.005492205,0.001161915
925.5,0.00571266,0.00145266
925.75,0.005311155,-0.00012567
926,0.00525471,-3.408e-05
926.25,0.00574461,0.00059427
926.5,0.00636657,0.00141432
926.75,0.005285595,0.000982995
927,0.00608754,0.00125457
927.25,0.005824485,0.00145479
927.5,0.0046647,0.000880755
927.75,0.005000175,0.001036245
928,0.005100285,0.00150804
928.25,0.00563811,0.000767865
928.5,0.00450069,-0.00014697
928.75,0.00504384,0.00057936
929,0.00530157,0.00121197
929.25,0.005223825,0.001055415
929.5,0.00539742,0.001715715
929.75,0.00738684,0.00297348
930,0.00623238,0.00143988
930.25,0.005473035,0.000912705
930.5,0.00589584,0.0014697
930.75,0.00522702,0.000284355
931,0.004955445,-0.00044304
931.25,0.00656892,0.001475025
931.5,0.00667116,0.0017466
931.75,0.007509315,0.00013206
932,0.00744009,0.00116085
932.25,0.008563665,0.00215769
932.5,0.00696297,4.1535e-05
932.75,0.00736128,-0.00081366
933,0.007935315,0.000767865
933.25,0.00825801,0.0017253
933.5,0.00750825,0.00071994
933.75,0.007969395,0.001283325
934,0.008348535,0.001981965
934.25,0.007093965,-7.7745e-05
934.5,0.006844755,-0.000343995
934.75,0.00693741,0.000776385
935,0.00735915,0.001000035
935.25,0.007426245,0.00090525
935.5,0.00833043,0.00210231
935.75,0.008322975,0.001677375
936,0.00605559,-0.00035358
936.25,0.00650715,-0.0001491
936.5,0.006414495,0.000435585
936.75,0.007070535,0.000631545
937,0.00654762,0.000885015
937.25,0.00790869,0.001932975
937.5,0.00760197,0.001127835
937.75,0.006621105,-0.0006177
938,0.006627495,-0.000303525
938.25,0.007475235,0.001031985
938.5,0.00696084,0.000697575
938.75,0.00696297,0.00066456
939,0.0079875,0.000733785
939.25,0.00659235,2.0235e-05
939.5,0.00664134,-0.000322695
939.75,0.006318645,4.26e-05
940,0.007300575,0.00099045
940.25,0.006736125,0.00065178
940.5,0.0064326,0.000591075
940.75,0.006056655,0.000250275
941,0.00582768,-0.00016401
941.25,0.00598743,-0.00021513
941.5,0.006893745,0.00097128
941.75,0.007159995,0.001042635
942,0.00597678,0.00073911
942.25,0.006020445,0.000733785
942.5,0.005257905,0.00011289
942.75,0.004944795,-0.000333345
943,0.005475165,0.000885015
943.25,0.005926725,0.00162732
943.5,0.00594057,0.001251375
943.75,0.005078985,0.000314175
944,0.004220595,5.538e-05
944.25,0.004139655,0.00035997
944.5,0.00447726,0.0004686
944.75,0.00484149,0.00079662
945,0.005830875,0.001841385
945.25,0.00645177,0.00168909
945.5,0.005340975,8.8395e-05
945.75,0.00604494,0.000288615
946,0.005869215,0.00067095
946.25,0.0064752,0.001658205
946.5,0.004546485,0.00100536
946.75,0.00466044,0.001413255
947,0.006129075,0.00189996
947.25,0.005185485,0.0002343
947.5,0.00564024,-0.000169335
947.75,0.00599595,0.000708225
948,0.00620895,0.001583655
948.25,0.006540165,0.001134225
948.5,0.00640278,0.00181476
948.75,0.006608325,0.0017892
949,0.005089635,0.00097341
949.25,0.004932015,-3.834e-05
949.5,0.005715855,0.000808335
949.75,0.006024705,0.00078597
950,0.006094995,0.00092655
950.25,0.006746775,0.001907415
950.5,0.00696297,0.001805175
950.75,0.005984235,0.000827505
951,0.00661152,0.001142745
951.25,0.0058362,0.00041961
951.5,0.004808475,-3.7275e-05
951.75,0.00527601,0.000599595
952,0.006156765,0.001311015
952.25,0.006099255,0.0011502
952.5,0.00549114,0.000738045
952.75,0.00580638,0.000838155
953,0.006293085,0.000997905
953.25,0.005539065,7.029e-05
953.5,0.005585925,-0.00020661
953.75,0.006567855,0.00103944
954,0.006612585,0.001200255
954.25,0.006676485,0.001017075
954.5,0.005647695,0.00046434
954.75,0.006770205,0.00127161
955,0.005901165,0.0006816
955.25,0.004863855,-0.000352515
955.5,0.00677979,0.00033228
955.75,0.00818772,0.000923355
956,0.00798111,0.000808335
956.25,0.00741879,0.00073485
956.5,0.00864567,0.00158898
956.75,0.007170645,0.00033654
957,0.007104615,-0.000335475
957.25,0.007027935,-5.751e-05
957.5,0.00797685,0.00126735
957.75,0.00791082,0.001200255
958,0.00750399,0.00082005
958.25,0.007871415,0.00132912
958.5,0.00697149,0.001019205
958.75,0.006582765,-0.000390855
959,0.006305865,-0.000361035
959.25,0.0080301,0.00158472
959.5,0.00770847,0.00078171
959.75,0.007085445,0.00072207
960,0.008156835,0.00179133
960.25,0.00678618,0.000461145
960.5,0.006623235,-0.00044517
960.75,0.006216405,-0.000116085
961,0.00815151,0.001717845
961.25,0.007138695,0.00126096
961.5,0.00729525,0.00084987
961.75,0.00729099,0.001151265
962,0.006959775,0.00044091
962.25,0.00757002,-0.00027264
962.5,0.00695658,0.00016188
962.75,0.00793425,0.001511235
963,0.00704178,0.001364265
963.25,0.006927825,0.00082005
963.5,0.006565725,7.455e-06
963.75,0.00680748,0.00038979
964,0.006480525,-0.00029394
964.25,0.006793635,0.001159785
964.5,0.007068405,0.00190635
964.75,0.006216405,0.00082644
965,0.006587025,0.000441975
965.25,0.00641556,0.000633675
965.5,0.006329295,-0.0003834
965.75,0.006269655,0.0001065
966,0.007387905,0.001917
966.25,0.006080085,0.00151869
966.5,0.005607225,0.000680535
966.75,0.004467675,1.491e-05
967,0.00417906,0.000337605
967.25,0.02597322,0.00440697
967.5,0.03628455,0.002961765
967.75,0.043499925,0.002791365
968,0.040892805,0.00073485
968.25,0.04674711,0.000237495
968.5,0.047732235,0.000729525
968.75,0.052701525,0.00089034
969,0.05884764,0.001025595
969.25,0.05840673,0.001338705
969.5,0.06057081,0.00042387
969.75,0.062414325,-3.621e-05
970,0.066812775,-9.372e-05
970.25,0.060899895,0.002533635
970.5,0.04783554,0.00311619
970.75,0.02909793,0.00012354
971,0.034630605,-0.002704035
971.25,0.03497247,-0.0024495
971.5,0.03326634,-0.00269019
971.75,0.033657195,-0.00086904
972,0.033220545,8.307e-05
972.25,0.034445295,-0.000209805
972.5,0.03323652,-0.00044091
972.75,0.029254485,-0.001477155
973,0.04084275,0.001700805
973.25,0.042592545,0.00150378
973.5,0.043491405,0.00204054
973.75,0.045774765,0.00296709
974,0.048360585,0.003038445
974.25,0.046939875,0.00221307
974.5,0.04784832,0.00136959
974.75,0.055547205,0.001051155
975,0.05575062,0.00139515
975.25,0.05461746,0.00205971
975.5,0.040243155,0.00290958
975.75,0.030347175,0.00056445
976,0.027541965,-0.00030672
976.25,0.02731938,-0.0009798
976.5,0.020361735,-0.00192765
976.75,0.02063118,-0.00143562
977,0.020308485,-0.000953175
977.25,0.007764915,0.00046647
977.5,0.00713124,0.00177003
977.75,0.007594515,0.00197238
978,0.007613685,0.001204515
978.25,0.006876705,0.0004686
978.5,0.006367635,0.000478185
978.75,0.00535908,-6.9225e-05
979,0.005651955,0.000184245
979.25,0.0070503,0.00119493
979.5,0.0070503,0.00126096
979.75,0.007549785,0.000586815
980,0.007481625,0.00094146
980.25,0.007577475,0.000320565
980.5,0.0073059,-1.1715e-05
980.75,0.007215375,-0.00011289
981,0.007750005,0.00079449
981.25,0.008636085,0.001287585
981.5,0.007875675,0.00085839
981.75,0.00776172,0.000578295
982,0.006529515,-0.000818985
982.25,0.00710568,-0.000437715
982.5,0.00779367,0.00119493
982.75,0.007549785,0.0011076
983,0.007198335,0.000331215
983.25,0.007571085,0.000499485
983.5,0.0077745,0.000527175
983.75,0.006610455,-0.000410025
984,0.006273915,-0.00067947
984.25,0.00758067,0.00109269
984.5,0.007600905,0.00113955
984.75,0.00695232,0.001274805
985,0.006857535,0.00056658
985.25,0.0065604,-0.000456885
985.5,0.007377255,0.000516525
985.75,0.00650289,-0.000222585
986,0.007358085,0.00039618
986.25,0.007475235,0.001215165
986.5,0.00769143,0.0012354
986.75,0.00715893,5.325e-06
987,0.00643899,-0.000416415
987.25,0.0062835,3.5145e-05
987.5,0.00710355,0.000465405
987.75,0.006510345,0.00017892
988,0.006736125,0.000388725
988.25,0.006993855,0.00098193
988.5,0.00617061,4.899e-05
988.75,0.005347365,-0.00061131
989,0.00652419,-0.000224715
989.25,0.00682665,0.00101388
989.5,0.007149345,0.000648585
989.75,0.00659874,0.000410025
990,0.00643686,0.00079449
990.25,0.005349495,0.00010011
990.5,0.00480528,-0.000769995
990.75,0.00405552,-1.1715e-05
991,0.008408175,0.001719975
991.25,0.020346825,0.003688095
991.5,0.032504865,0.003234405
991.75,0.035324985,0.00262203
992,0.038607315,0.003400545
992.25,0.043014285,0.003805245
992.5,0.057873165,0.002738115
992.75,0.064446345,0.002704035
993,0.058512165,0.003283395
993.25,0.055672875,0.003592245
993.5,0.065328165,0.004499625
993.75,0.066791475,0.00544854
994,0.078165675,0.00669033
994.25,0.078018705,0.00620682
994.5,0.06951681,0.005994885
994.75,0.06558696,0.005860695
995,0.059892405,0.004821255
995.25,0.062740215,0.004384605
995.5,0.064776495,0.00551457
995.75,0.06670521,0.0066456
996,0.06566364,0.00648159
996.25,0.06291594,0.00474351
996.5,0.054305415,0.00377436
996.75,0.05523303,0.003903225
997,0.04451061,0.001575135
997.25,0.0487557,0.003115125
997.5,0.05423193,0.00373815
997.75,0.058326855,0.00442614
998,0.049444755,0.002084205
998.25,0.048805755,0.000951045
998.5,0.05214879,0.002480385
998.75,0.05017215,0.00220455
999,0.05359293,0.00174021
999.25,0.049466055,0.002158755
999.5,0.04631259,0.001898895
999.75,0.04327095,-0.00103518
1000,0.04354785,6.0705e-05
1000.25,0.048844095,0.00053676
1000.5,0.04412295,-0.001907415
1000.75,0.0411303,-0.00211083
1001,0.03858282,-0.00058788
1001.25,0.039235665,-0.000239625
1001.5,0.039663795,-0.00037488
1001.75,0.029503695,-0.000231105
1002,0.024451335,-0.000392985
1002.25,0.02168766,-0.00106926
1002.5,0.023149905,-0.001189605
1002.75,0.020485275,-0.000891405
1003,0.02477403,0.000369555
1003.25,0.02234583,-0.000599595
1003.5,0.026598375,-0.00125457
1003.75,0.020732355,0.00104157
1004,0.015070815,0.00030459
1004.25,0.01617309,0.000968085
1004.5,0.01201959,0.000725265
1004.75,0.007394295,0.000934005
1005,0.007811775,0.001061805
1005.25,0.00690546,8.307e-05
1005.5,0.00625581,-0.000120345
1005.75,0.006870315,4.899e-05
1006,0.00716532,0.00102027
1006.25,0.00597891,0.00050907
1006.5,0.00578082,0.00041535
1006.75,0.006414495,0.00097128
1007,0.005726505,0.000141645
1007.25,0.0059427,0.00014058
1007.5,0.006054525,0.000150165
1007.75,0.006514605,0.00076041
1008,0.006318645,0.00142071
1008.25,0.006388935,0.001460115
1008.5,0.0049203,-0.000361035
1008.75,0.005042775,-0.00028755
1009,0.005796795,0.000554865
1009.25,0.006088605,0.000923355
1009.5,0.00561255,0.00037062
1009.75,0.0067095,0.001025595
1010,0.006103515,0.000471795
1010.25,0.006356985,-0.000111825
1010.5,0.00553587,-0.00028542
1010.75,0.006014055,0.0009585
1011,0.006288825,0.001387695
1011.25,0.005675385,0.000876495
1011.5,0.005530545,0.00052611
1011.75,0.00529518,6.9225e-05
1012,0.005309025,0.000265185
1012.25,0.005398485,0.00036636
1012.5,0.00579786,0.000852
1012.75,0.005413395,0.00115659
1013,0.00609819,0.00141006
1013.25,0.00528879,0.000380205
1013.5,0.00522915,-0.000250275
1013.75,0.00559764,-3.9405e-05
1014,0.00619191,0.00133551
1014.25,0.00583833,0.0018957
1014.5,0.005115195,0.00127587
1014.75,0.00405978,-0.000139515
1015,0.01100358,0.004031025
1015.25,0.02039262,0.007321875
1015.5,0.018911205,0.00599595
1015.75,0.01882068,0.005871345
1016,0.02215413,0.00659874
1016.25,0.031118235,0.00478824
1016.5,0.040820385,0.00431325
1016.75,0.045764115,0.005038515
1017,0.04886859,0.006808545
1017.25,0.048177405,0.00652206
1017.5,0.05119455,0.006178065
1017.75,0.063673155,0.006591285
1018,0.073200645,0.00580851
1018.25,0.07972164,0.00739323
1018.5,0.073941885,0.007019415
1018.75,0.07475448,0.006310125
1019,0.066991695,0.00239625
1019.25,0.060365265,0.00335688
1019.5,0.06502251,0.003366465
1019.75,0.06977241,0.002456955
1020,0.048746115,0.001342965
1020.25,0.05116473,0.00129504
1020.5,0.05152257,0.00196599
1020.75,0.044332755,0.001647555
1021,0.041499855,0.001306755
1021.25,0.04625295,0.000997905
1021.5,0.05045757,0.00141219
1021.75,0.06674781,0.001666725
1022,0.06375729,0.00169335
1022.25,0.07493766,0.001185345
1022.5,0.0708225,-3.3015e-05
1022.75,0.077260425,0.000162945
1023,0.06491814,0.001969185
1023.25,0.079718445,0.002831835
1023.5,0.06001275,0.00161028
1023.75,0.064043775,0.001317405
1024,0.05896266,-0.001711455
1024.25,0.06307995,-0.0018105
1024.5,0.06271359,-0.001487805
1024.75,0.064322805,-0.001034115
1025,0.0545706,-0.0011502
1025.25,0.04436577,-0.00030885
1025.5,0.04030386,-0.00088821
1025.75,0.03327273,-0.001711455
1026,0.029588895,-0.00201924
1026.25,0.031561275,-0.000865845
1026.5,0.02880186,-0.00028542
1026.75,0.030048975,-0.000870105
1027,0.032768985,-0.002094855
1027.25,0.026609025,-0.00114168
1027.5,0.02450139,-0.000224715
1027.75,0.028204395,-0.00013632
1028,0.03012885,-0.00030885
1028.25,0.021690855,0.0010863
1028.5,0.01960878,0.00099045
1028.75,0.020904885,0.000672015
1029,0.0213639,0.000350385
1029.25,0.019130595,0.000831765
1029.5,0.021173265,0.00110547
1029.75,0.0214065,0.00148674
1030,0.02093577,0.00050907
1030.25,0.019782375,4.473e-05
1030.5,0.021678075,0.000616635
1030.75,0.01974084,0.00138876
1031,0.02188149,0.001283325
1031.25,0.020135955,0.00115446
1031.5,0.019882485,0.001449465
1031.75,0.018289245,0.001083105
1032,0.02000922,0.000644325
1032.25,0.022681305,0.000665625
1032.5,0.01745322,0.001340835
1032.75,0.0190635,0.00224076
1033,0.019569375,0.00209805
1033.25,0.018772755,0.000239625
1033.5,0.019286085,0.000324825
1033.75,0.02215626,0.002143845
1034,0.01607085,0.002275905
1034.25,0.017496885,0.001526145
1034.5,0.01953423,0.001270545
1034.75,0.01896552,0.00061983
1035,0.019950645,0.001132095
1035.25,0.019143375,0.000667755
1035.5,0.01847562,0.001790265
1035.75,0.021341535,0.002904255
1036,0.01217082,0.001513365
1036.25,0.018544845,0.00038553
1036.5,0.01647981,0.00066456
1036.75,0.01703574,0.00085839
1037,0.01876104,0.00139515
1037.25,0.01771521,0.001349355
1037.5,0.021394785,0.002022435
1037.75,0.020760045,0.001213035
1038,0.020400075,0.000275835
1038.25,0.01783662,0.000341865
1038.5,0.01947246,0.00213852
1038.75,0.016333905,0.00227058
1039,0.01658844,0.002350455
1039.25,0.013019625,0.00022578
1039.5,0.01425183,1.5975e-05
1039.75,0.014499975,0.000872235
1040,0.01537647,0.00122475
1040.25,0.014231595,0.00086478
1040.5,0.025908255,-0.000326955
1040.75,0.040062105,-0.001583655
1041,0.04618479,-0.001971315
1041.25,0.05194857,-0.002512335
1041.5,0.042603195,-0.000510135
1041.75,0.05398911,-0.00073485
1042,0.05289642,-0.001053285
1042.25,0.05937375,-0.00242394
1042.5,0.05570589,-0.00194682
1042.75,0.05224677,-0.000271575
1043,0.061519725,-0.00186375
1043.25,0.052531125,-0.001905285
1043.5,0.04323474,-0.00160389
1043.75,0.050307405,-0.003061875
1044,0.041910945,-0.00269658
1044.25,0.0484575,-0.002190705
1044.5,0.05441298,-7.3485e-05
1044.75,0.049604505,4.7925e-05
1045,0.04399515,-0.00189357
1045.25,0.03049308,-0.00190635
1045.5,0.03777981,-0.00200007
1045.75,0.04451487,-0.000701835
1046,0.046718355,0.000501615
1046.25,0.057928545,-0.00153573
1046.5,0.076977135,-0.00221733
1046.75,0.064482555,-0.002282295
1047,0.068925735,-0.001055415
1047.25,0.07395786,-0.00276048
1047.5,0.076502145,0.001438815
1047.75,0.074957895,0.004870245
1048,0.083445945,0.00854982
1048.25,0.08597745,0.00718662
1048.5,0.06661362,0.001449465
1048.75,0.060542055,-0.00220455
1049,0.052335165,-0.000260925
1049.25,0.05368026,-0.000497355
1049.5,0.04344561,-0.00050907
1049.75,0.038939595,0.000107565
1050,0.03609072,0.00017679
1050.25,0.03875961,-0.00079236
1050.5,0.01556178,0.000810465
1050.75,0.01167453,0.00217686
1051,0.00625794,0.00185949
1051.25,0.00554439,0.001468635
1051.5,0.006646665,0.000471795
1051.75,0.008708505,-0.00054741
1052,0.008455035,0.00045369
1052.25,0.007142955,0.001061805
1052.5,0.006663705,0.000887145
1052.75,0.00787887,0.00065391
1053,0.0085626,0.000433455
1053.25,0.00674997,0.00028542
1053.5,0.007560435,0.000493095
1053.75,0.007019415,0.00019383
1054,0.005945895,0.000497355
1054.25,0.00708012,0.00084348
1054.5,0.00796194,0.001404735
1054.75,0.007760655,0.00031737
1055,0.00575952,-0.000239625
1055.25,0.006682875,-1.917e-05
1055.5,0.008250555,0.001719975
1055.75,0.008193045,0.002037345
1056,0.00654336,0.00100749
1056.25,0.00686073,-0.000277965
1056.5,0.00721431,5.0055e-05
1056.75,0.006755295,0.00108417
1057,0.007104615,0.00152508
1057.25,0.00782988,0.001234335
1057.5,0.00684156,0.001283325
1057.75,0.007865025,0.00113103
1058,0.007134435,0.00043878
1058.25,0.0073911,0.00020022
1058.5,0.00615996,0.000963825
1058.75,0.008148315,0.00188718
1059,0.00823245,0.001468635
1059.25,0.00580425,-0.00013632
1059.5,0.00612162,-0.000199155
1059.75,0.0073911,0.00036849
1060,0.00778728,0.00165075
1060.25,0.00586176,0.001423905
1060.5,0.006661575,0.000290745
1060.75,0.00597678,-7.668e-05
1061,0.006655185,6.603e-05
1061.25,0.00528027,0.00083496
1061.5,0.006974685,0.00127161
1061.75,0.007798995,0.000853065
1062,0.0064965,0.000674145
1062.25,0.005651955,0.000158685
1062.5,0.0063048,0.000691185
1062.75,0.00485001,0.000695445
1063,0.008812875,0.001072455
1063.25,0.015986715,0.00098832
1063.5,0.00514395,0.000584685
1063.75,0.009264435,0.00058575
1064,0.026199,-0.00060492
1064.25,0.027776265,-0.000254535
1064.5,0.03024387,-0.000797685
1064.75,0.035757375,-0.001051155
1065,0.051146625,-0.002209875
1065.25,0.058833795,-0.00310128
1065.5,0.060186345,-0.003191805
1065.75,0.059315175,-0.002103375
1066,0.060322665,0.000535695
1066.25,0.06005109,-0.000554865
1066.5,0.04959918,-0.00149313
1066.75,0.049357425,-0.00144414
1067,0.04550745,0.000237495
1067.25,0.05038728,0.000633675
1067.5,0.051340455,-0.00032802
1067.75,0.053182905,0.000731655
1068,0.04083636,0.0002769
1068.25,0.033659325,0.00124392
1068.5,0.03373494,0.00023643
1068.75,0.03843585,0.00032802
1069,0.043725705,0.00083496
1069.25,0.043269885,0.000844545
1069.5,0.050073105,0.001208775
1069.75,0.05097729,-0.001070325
1070,0.04333059,-0.002889345
1070.25,0.046462755,-0.002050125
1070.5,0.05673681,0.008633955
1070.75,0.07631151,0.009698955
1071,0.07890159,0.010540305
1071.25,0.077724765,0.008538105
1071.5,0.0637935,-0.00031098
1071.75,0.05342466,-0.002007525
1072,0.04327947,-0.002478255
1072.25,0.03122793,0.00031524
1072.5,0.03109587,0.00048138
1072.75,0.033914925,-0.000539955
1073,0.0348894,-0.00022365
1073.25,0.02211579,-0.00068586
1073.5,0.014589435,-0.00070503
1073.75,0.011494545,-0.000593205
1074,0.0105435,-0.000633675
1074.25,0.011956755,-0.000152295
1074.5,0.011132445,0.001025595
1074.75,0.009639315,-8.946e-05
1075,0.010267665,-0.00155703
1075.25,0.01049877,-0.00150165
1075.5,0.011790615,-0.000748695
1075.75,0.01375767,0.00018957
1076,0.01205793,6.816e-05
1076.25,0.01146579,8.6265e-05
1076.5,0.00554226,0.000288615
1076.75,0.006631755,0.000842415
1077,0.00600234,6.2835e-05
1077.25,0.00686073,0.0006177
1077.5,0.007147215,0.00090099
1077.75,0.00692037,0.00133977
1078,0.00674358,0.000906315
1078.25,0.00580638,-1.917e-05
1078.5,0.005686035,-3.5145e-05
1078.75,0.00576165,0.000184245
1079,0.006665835,0.001323795
1079.25,0.006405975,0.00153147
1079.5,0.00613014,0.000714615
1079.75,0.005766975,-0.00018531
1080,0.005962935,0.00011502
1080.25,0.006316515,0.001249245
1080.5,0.005751,0.000874365
1080.75,0.00585963,0.000827505
1081,0.00577656,0.00076467
1081.25,0.005643435,0.000584685
1081.5,0.00559551,0.000463275
1081.75,0.005515635,0.000307785
1082,0.00586602,0.00117363
1082.25,0.006090735,0.0011715
1082.5,0.00603429,0.00129504
1082.75,0.005888385,0.000339735
1083,0.00512478,1.491e-05
1083.25,0.005781885,0.00084774
1083.5,0.00606411,0.00109908
1083.75,0.006239835,0.00110334
1084,0.00543789,0.00068373
1084.25,0.00485427,-5.4315e-05
1084.5,0.00455394,-6.4965e-05
1084.75,0.00558699,0.00084561
1085,0.0058788,0.001417515
1085.25,0.00520998,0.00075189
1085.5,0.005460255,8.4135e-05
1085.75,0.0050481,-0.000160815
1086,0.005858565,0.000392985
1086.25,0.00532287,0.00141858
1086.5,0.004755225,0.00104157
1086.75,0.00448152,0.000904185
1087,0.004267455,0.00041748
1087.25,0.005466645,0.000322695
1087.5,0.00299265,5.6445e-05
1087.75,0.00441762,0.000623025
1088,0.003242925,0.00108843
1088.25,0.005760585,0.00052611
1088.5,0.009017355,-0.000661365
1088.75,0.007986435,-0.001017075
1089,0.007370865,-0.00119493
1089.25,0.008406045,4.26e-06
1089.5,0.011243205,0.000384465
1089.75,0.006723345,0.00071355
1090,0.0045582,0.00012354
1090.25,0.003306825,3.195e-05
1090.5,0.00324399,0.000765735
1090.75,0.00334197,0.00153147
1091,0.00362952,0.00097341
1091.25,0.00387873,0.00094998
1091.5,0.003764775,0.000878625
1091.75,0.005541195,0.00020661
1092,0.003986295,7.881e-05
1092.25,0.00417693,0.00093507
1092.5,0.004655115,0.00181689
1092.75,0.0047712,0.002488905
1093,0.0034932,0.001683765
1093.25,0.002823315,-0.00013419
1093.5,0.00351876,0
1093.75,0.004899,0.001091625
1094,0.00487983,0.001592175
1094.25,0.00417267,0.00086265
1094.5,0.004224855,0.00112038
1094.75,0.00483723,0.001426035
1095,0.003945825,0.000718875
1095.25,0.004327095,-0.000109695
1095.5,0.003553905,0.001434555
1095.75,0.00388086,0.001815825
1096,0.004139655,0.00236643
1096.25,0.004205685,0.00179133
1096.5,0.00367425,0.00075615
1096.75,0.003592245,8.307e-05
1097,0.00411516,0.000778515
1097.25,0.004497495,0.002018175
1097.5,0.00435798,0.00125031
1097.75,0.0044304,0.00096489
1098,0.004354785,0.00143988
1098.25,0.005377185,0.0011928
1098.5,0.005121585,0.00102027
1098.75,0.003609285,0.00027264
1099,0.00438993,0.001221555
1099.25,0.004889415,0.00105009
1099.5,0.006099255,0.001579395
1099.75,0.005460255,0.000499485
1100,0.00600447,-0.000162945
1100.25,0.005922465,-0.00020022
1100.5,0.00672654,0.00100749
1100.75,0.006964035,0.001803045
1101,0.007013025,0.001475025
1101.25,0.0066882,0.000699705
1101.5,0.005494335,-0.00010863
1101.75,0.006022575,0.000305655
1102,0.007025805,0.000789165
1102.25,0.00634101,0.00082431
1102.5,0.005720115,0.00066456
1102.75,0.00633462,0.00062409
1103,0.00569988,0.00038553
1103.25,0.007076925,0.00049842
1103.5,0.00555717,4.26e-05
1103.75,0.006342075,0.000750825
1104,0.006067305,0.00120771
1104.25,0.006454965,0.001626255
1104.5,0.00488196,3.7275e-05
1104.75,0.005470905,-0.00030246
1105,0.00552309,7.7745e-05
1105.25,0.006495435,0.00177642
1105.5,0.0062835,0.00164649
1105.75,0.005713725,0.000836025
1106,0.005436825,0.000361035
1106.25,0.006405975,8.52e-05
1106.5,0.006303735,0.000635805
1106.75,0.005962935,0.001065
1107,0.00623664,0.000931875
1107.25,0.006680745,0.00113742
1107.5,0.00561468,0.00109908
1107.75,0.00624303,0.000616635
1108,0.00500976,0.000250275
1108.25,0.0052611,0.00047925
1108.5,0.005076855,0.00116937
1108.75,0.00608541,0.001747665
1109,0.005722245,0.001958535
1109.25,0.00482232,-1.5975e-05
1109.5,0.00522702,0.000145905
1109.75,0.0054528,-7.3485e-05
1110,0.00707373,0.002601795
1110.25,0.00611949,0.00153999
1110.5,0.005260035,0.001274805
1110.75,0.004331355,0.000361035
1111,0.004235505,0.000723135
1111.25,0.00437715,0.00075615
1111.5,0.00458589,0.001087365
1111.75,0.004442115,0.0010437
1112,0.0037275,0.00112464
1112.25,0.004082145,0.001370655
1112.5,0.004586955,0.001027725
1112.75,0.00382335,0.000228975
1113,0.005266425,0.00093081
1113.25,0.004812735,0.001530405
1113.5,0.004501755,0.00228762
1113.75,0.004307925,0.001675245
1114,0.00376797,0.00016827
1114.25,0.00372963,0.000207675
1114.5,0.002917035,0.000806205
1114.75,0.00352728,0.00155064
1115,0.00361461,0.001360005
1115.25,0.003916005,0.001215165
1115.5,0.004337745,0.00109908
1115.75,0.004099185,0.00045795
1116,0.005475165,0.0007668
1116.25,0.00369981,0.00028329
1116.5,0.003613545,0.00069438
1116.75,0.004156695,0.00137172
1117,0.00367638,0.001681635
1117.25,0.00362526,0.00161454
1117.5,0.00331641,0.00024708
1117.75,0.0034932,0.00027264
1118,0.0034506,7.881e-05
1118.25,0.00450495,0.001140615
1118.5,0.004037415,0.001102275
1118.75,0.00457311,0.000818985
1119,0.00333345,0.00064326
1119.25,0.004863855,0.00177855
1119.5,0.003078915,0.00063687
1119.75,0.002603925,3.0885e-05
1120,0.003174765,0.000145905
1120.25,0.003871275,0.000729525
1120.5,0.003982035,0.001313145
1120.75,0.003939435,0.001719975
1121,0.003541125,0.000616635
1121.25,0.00380844,0.00013632
1121.5,0.004582695,0.00036849
1121.75,0.00436224,0.00043452
1122,0.006039615,0.00133764
1122.25,0.00575526,0.00081366
1122.5,0.005598705,0.000554865
1122.75,0.00583833,0.000797685
1123,0.006022575,0.000522915
1123.25,0.00559551,9.585e-06
1123.5,0.00605772,4.7925e-05
1123.75,0.007326135,0.00076467
1124,0.00699918,0.00108843
1124.25,0.00735063,0.00123327
1124.5,0.00696084,0.000390855
1124.75,0.006580635,-0.00030885
1125,0.006576375,-0.000207675
1125.25,0.008018385,0.00139089
1125.5,0.00807909,0.00175725
1125.75,0.00774468,0.00139089
1126,0.00728673,0.00034719
1126.25,0.005990625,-0.000162945
1126.5,0.006188715,-0.000205545
1126.75,0.007502925,0.001419645
1127,0.008141925,0.00179772
1127.25,0.00733359,0.000842415
1127.5,0.007021545,0.000286485
1127.75,0.00682239,9.585e-05
1128,0.006936345,0.000642195
1128.25,0.00698427,0.001136355
1128.5,0.00637083,0.000701835
1128.75,0.00669246,0.000891405
1129,0.00652206,0.00064326
1129.25,0.00627285,0.00045369
1129.5,0.0065817,0.000179985
1129.75,0.00814725,0.00039831
1130,0.00731229,0.001104405
1130.25,0.007238805,0.00169122
1130.5,0.007096095,0.00207036
1130.75,0.00703539,0.00090099
1131,0.006048135,-8.733e-05
1131.25,0.005969325,-0.00031311
1131.5,0.007021545,0.001492065
1131.75,0.006929955,0.001762575
1132,0.00674997,0.001506975
1132.25,0.00565941,-0.00014484
1132.5,0.00555504,-0.000263055
1132.75,0.00532713,-0.00010437
1133,0.006953385,0.00138663
1133.25,0.006580635,0.001464375
1133.5,0.006535905,0.000821115
1133.75,0.00583833,0.000165075
1134,0.006286695,8.6265e-05
1134.25,0.00616209,0.00043026
1134.5,0.005752065,0.001319535
1134.75,0.00562533,0.00128652
1135,0.00597039,0.000646455
1135.25,0.008748975,-0.001002165
1135.5,0.004582695,0.00045369
1135.75,0.004139655,0.000669885
1136,0.004474065,0.00051546
1136.25,0.01071603,-0.00081153
1136.5,0.018246645,-0.000885015
1136.75,0.049412805,0.001065
1137,0.061577235,0.003127905
1137.25,0.07031769,0.00374667
1137.5,0.070514715,0.005059815
1137.75,0.069400725,0.0059427
1138,0.06914193,0.003183285
1138.25,0.07521456,0.002976675
1138.5,0.067566795,0.001170435
1138.75,0.06619614,0.00565728
1139,0.0761901,0.00988533
1139.25,0.059724135,0.002271645
1139.5,0.04923495,-0.003064005
1139.75,0.051983715,-0.00361674
1140,0.04301535,-0.002052255
1140.25,0.04726044,-0.00116298
1140.5,0.04357767,0.00027903
1140.75,0.038641395,-0.000648585
1141,0.033997995,-0.00272001
1141.25,0.038198355,-0.00281586
1141.5,0.03859347,-0.000789165
1141.75,0.043815165,-0.00070929
1142,0.043757655,-0.00151443
1142.25,0.04731369,-0.002591145
1142.5,0.043689495,-0.00271788
1142.75,0.046085745,-0.001852035
1143,0.044028165,-0.0004899
1143.25,0.03812274,-0.001886115
1143.5,0.022187145,-0.00179985
1143.75,0.023192505,-0.0034719
1144,0.025177665,-0.00287124
1144.25,0.02758989,-0.00222585
1144.5,0.02773473,-0.001585785
1144.75,0.017484105,0.000682665
1145,0.018864345,0.00021939
1145.25,0.01709751,6.4965e-05
1145.5,0.00981717,0.001419645
1145.75,0.01078845,0.0008733
1146,0.01206858,0.001854165
1146.25,0.007603035,0.00160815
1146.5,0.00601512,0.001204515
1146.75,0.00551883,0.0005325
1147,0.00595974,0.00061983
1147.25,0.005692425,-8.946e-05
1147.5,0.00627711,0.00086691
1147.75,0.006286695,0.000889275
1148,0.006819195,0.001436685
1148.25,0.0062409,0.00062835
1148.5,0.006740385,4.473e-05
1148.75,0.0069438,0.00045582
1149,0.00654123,0.001262025
1149.25,0.00693315,0.001328055
1149.5,0.00831978,0.00167205
1149.75,0.006472005,8.52e-05
1150,0.00618126,0.000150165
1150.25,0.00703113,0.00114807
1150.5,0.006135465,0.001732755
1150.75,0.00637083,0.001455855
1151,0.00633462,0.00061557
1151.25,0.006212145,0.000405765
1151.5,0.00655188,-9.372e-05
1151.75,0.006738255,0.000818985
1152,0.00617487,0.00128013
1152.25,0.007407075,0.002118285
1152.5,0.00591501,0.000388725
1152.75,0.00521211,-0.00031311
1153,0.005419785,5.538e-05
1153.25,0.00610884,0.00123753
1153.5,0.00652419,0.001628385
1153.75,0.00629841,0.001553835
1154,0.006855405,0.000329085
1154.25,0.005683905,-0.000248145
1154.5,0.00632397,-3.834e-05
1154.75,0.006849015,0.00101814
1155,0.006780855,0.0017253
1155.25,0.006344205,0.00090738
1155.5,0.00513543,-5.2185e-05
1155.75,0.00558486,2.769e-05
1156,0.005835135,0.000450495
1156.25,0.005850045,0.00113316
1156.5,0.00546771,0.0018744
1156.75,0.00510987,0.000588945
1157,0.00564024,-0.000190635
1157.25,0.00525897,-0.000329085
1157.5,0.005421915,0.00064326
1157.75,0.006535905,0.00156555
1158,0.00611097,0.00141858
1158.25,0.00498633,2.8755e-05
1158.5,0.005047035,5.112e-05
1158.75,0.00423018,0.000252405
1159,0.00378714,0.00126735
1159.25,0.004512405,0.00227484
1159.5,0.011675595,-0.000252405
1159.75,0.019912305,-0.001621995
1160,0.01912314,-0.00135894
1160.25,0.01945755,-0.001613475
1160.5,0.02349603,-0.00144201
1160.75,0.02865915,-0.00260286
1161,0.042104775,-0.000399375
1161.25,0.047664075,-0.001240725
1161.5,0.05142885,-0.001609215
1161.75,0.0565302,-0.00039831
1162,0.05057046,-0.00034719
1162.25,0.038387925,-5.112e-05
1162.5,0.03425679,2.0235e-05
1162.75,0.03569454,0.000657105
1163,0.048403185,0.00298839
1163.25,0.046394595,0.002689125
1163.5,0.03801198,0.00249849
1163.75,0.03854448,0.00139941
1164,0.04078311,0.00151869
1164.25,0.037947015,0.00183606
1164.5,0.03678936,0.00358479
1164.75,0.039808635,0.003737085
1165,0.036728655,0.002011785
1165.25,0.042931215,0.00064752
1165.5,0.048002745,0.001360005
1165.75,0.066770175,0.000514395
1166,0.05714577,0.000944655
1166.25,0.062375985,0.001049025
1166.5,0.05539278,0.001796655
1166.75,0.06060489,-0.000154425
1167,0.056737875,0.00065604
1167.25,0.05834922,0.00115233
1167.5,0.054974235,0.0006816
1167.75,0.057084,0.001155525
1168,0.06109905,0.00062622
1168.25,0.045061215,0.000761475
1168.5,0.04462563,0.00071568
1168.75,0.045082515,0.00036423
1169,0.05055129,0.001487805
1169.25,0.04483437,-0.000808335
1169.5,0.03019701,-0.00174447
1169.75,0.027603735,-0.00164436
1170,0.024907155,-0.002429265
1170.25,0.029203365,-0.00112251
1170.5,0.01635201,0.001481415
1170.75,0.015631005,0.00152295
1171,0.009353895,0.000723135
1171.25,0.010044015,0.00028968
1171.5,0.01022187,0.00032802
1171.75,0.011541405,0.000654975
1172,0.012746985,0.00111825
1172.25,0.01390038,0.00097767
1172.5,0.01050729,0.000171465
1172.75,0.011709675,-8.2005e-05
1173,0.00867975,0.00042813
1173.25,0.0100536,0.00128439
1173.5,0.009963075,0.00126522
1173.75,0.010063185,0.00079449
1174,0.00737619,7.455e-05
1174.25,0.00844971,-3.5145e-05
1174.5,0.00732933,0.000439845
1174.75,0.00949128,0.00177216
1175,0.007822425,0.001183215
1175.25,0.00696084,0.000213
1175.5,0.007643505,-5.0055e-05
1175.75,0.007309095,0.00017466
1176,0.008316585,0.001813695
1176.25,0.00748269,0.00154212
1176.5,0.00683304,0.00113316
1176.75,0.006065175,-5.112e-05
1177,0.006220665,5.0055e-05
1177.25,0.00723987,0.00143349
1177.5,0.008248425,0.00261351
1177.75,0.007149345,0.001353615
1178,0.005967195,0.000363165
1178.25,0.006603,0.00029181
1178.5,0.006165285,5.4315e-05
1178.75,0.007788345,0.00148248
1179,0.00785757,0.00243246
1179.25,0.006659445,0.001613475
1179.5,0.006018315,1.491e-05
1179.75,0.00638148,-2.343e-05
1180,0.005002305,0.00013419
1180.25,0.006410235,0.002280165
1180.5,0.00692037,0.002128935
1180.75,0.00510561,0.000433455
1181,0.00617274,0.000254535
1181.25,0.005447475,0.000177855
1181.5,0.00590862,0.000522915
1181.75,0.007622205,0.001967055
1182,0.00649863,0.00155703
1182.25,0.00548475,0.000309915
1182.5,0.004633815,3.0885e-05
1182.75,0.00446661,2.13e-05
1183,0.00503745,0.002529375
1183.25,0.004855335,0.00194682
1183.5,0.00410451,0.001059675
1183.75,0.006250485,-5.0055e-05
1184,0.004851075,-0.000544215
1184.25,0.007745745,-0.00013206
1184.5,0.014883375,-0.000111825
1184.75,0.019573635,0.00154425
1185,0.019910175,-0.00053889
1185.25,0.031946805,-0.00098193
1185.5,0.037557225,-0.002222655
1185.75,0.042569115,-0.00151869
1186,0.04666191,0.00086904
1186.25,0.070895985,0.00754872
1186.5,0.060488805,0.00483297
1186.75,0.06030456,0.00351024
1187,0.06420459,0.003174765
1187.25,0.06666687,0.00441762
1187.5,0.053798475,0.00028968
1187.75,0.060024465,-0.00059853
1188,0.05558235,-0.002003265
1188.25,0.05733747,-0.001581525
1188.5,0.054226605,-0.000940395
1188.75,0.05788701,0.00081579
1189,0.05470479,0.000488835
1189.25,0.05587842,-0.000940395
1189.5,0.046036755,-0.001268415
1189.75,0.07062441,-0.00196812
1190,0.065982075,-0.000906315
1190.25,0.07440729,-0.00079236
1190.5,0.07126341,-0.00139728
1190.75,0.0670311,-0.00184458
1191,0.056290575,-0.00191913
1191.25,0.052878315,-0.00130782
1191.5,0.04966095,-0.001159785
1191.75,0.045389235,-0.000910575
1192,0.052022055,-0.00172956
1192.25,0.052085955,-0.00094146
1192.5,0.05015511,-0.001498455
1192.75,0.04620822,-0.002271645
1193,0.04684509,-0.00236643
1193.25,0.05222547,-0.00148248
1193.5,0.04561395,-0.001266285
1193.75,0.03351555,0.000165075
1194,0.03003087,-0.000441975
1194.25,0.027465285,-0.00100323
1194.5,0.02454825,-0.00030672
1194.75,0.01995384,0.001046895
1195,0.022423575,0.001515495
1195.25,0.02079732,0.00096915
1195.5,0.01500159,0
1195.75,0.006216405,-0.000312045
1196,0.006646665,7.5615e-05
1196.25,0.00766374,0.000814725
1196.5,0.006533775,0.000426
1196.75,0.006623235,0.000484575
1197,0.00650076,2.13e-05
1197.25,0.006727605,0.000410025
1197.5,0.00711207,0.000233235
1197.75,0.00680961,0.00055806
1198,0.006929955,0.000735915
1198.25,0.00669672,0.000620895
1198.5,0.005594445,-0.000299265
1198.75,0.00579147,0.000371685
1199,0.00633675,0.00080727
1199.25,0.007341045,0.001259895
1199.5,0.00650076,0.000987255
1199.75,0.006687135,0.000605985
1200,0.00575526,3.0885e-05
1200.25,0.006126945,0.000995775
1200.5,0.00586602,0.00059427
1200.75,0.005745675,0.00072846
1201,0.005971455,0.00104796
1201.25,0.00595548,0.00033654
1201.5,0.00666264,0.000322695
1201.75,0.00633675,0.000682665
1202,0.006572115,0.001063935
1202.25,0.00718236,0.001777485
1202.5,0.00679257,0.001257765
1202.75,0.006346335,0.00022365
1203,0.00605985,0.00086265
1203.25,0.00609606,0.00049842
1203.5,0.00594909,0.00050268
1203.75,0.006380415,0.000797685
1204,0.00593631,0.00079875
1204.25,0.00548049,0.00014697
1204.5,0.005522025,0.000588945
1204.75,0.00532926,0.000233235
1205,0.00577017,0.000787035
1205.25,0.005997015,0.00089673
1205.5,0.00575739,0.00039618
1205.75,0.005634915,-6.39e-05
1206,0.005854305,0.00049203
1206.25,0.00574035,0.000778515
1206.5,0.00556995,0.001147005
1206.75,0.00449856,0.000808335
1207,0.003630585,-0.0003195
1207.25,0.004035285,0.000399375
1207.5,0.020389425,0.000895665
1207.75,0.020270145,0.000859455
1208,0.020845245,-0.000727395
1208.25,0.02744292,-0.00075189
1208.5,0.04010577,-0.00153573
1208.75,0.043678845,-0.001641165
1209,0.047642775,-0.001737015
1209.25,0.04899,-0.001408995
1209.5,0.04700271,-0.00096489
1209.75,0.039661665,-0.001641165
1210,0.04137738,-0.001296105
1210.25,0.059342865,-0.00190209
1210.5,0.054959325,-0.000931875
1210.75,0.06031947,-0.00117363
1211,0.062978775,-0.0012567
1211.25,0.06379563,-0.001370655
1211.5,0.06430044,-0.001594305
1211.75,0.066908625,-0.001536795
1212,0.07223469,-0.0006816
1212.25,0.070461465,0.00067947
1212.5,0.07109727,0.000825375
1212.75,0.069098265,-0.00086265
1213,0.06360606,-0.001852035
1213.25,0.06848376,-0.001786005
1213.5,0.074949375,-0.00067308
1213.75,0.07824768,-0.00060066
1214,0.06010221,-0.000787035
1214.25,0.03860412,-0.002022435
1214.5,0.04146684,-0.00298839
1214.75,0.053962485,-0.002205615
1215,0.06514179,-0.001268415
1215.25,0.072806595,-0.002118285
1215.5,0.064838265,-0.00180198
1215.75,0.06895662,-0.00076893
1216,0.06915684,-0.0018105
1216.25,0.07114626,-0.001575135
1216.5,0.07466928,-0.00194043
1216.75,0.07182999,-0.001468635
1217,0.079490535,-0.001494195
1217.25,0.07567464,-0.00146331
1217.5,0.052392675,-0.00098619
1217.75,0.046773735,-0.001619865
1218,0.01501437,-0.000767865
1218.25,0.013466925,0.000535695
1218.5,0.0107991,0.00043878
1218.75,0.00534843,0.001415385
1219,0.00569349,0.00118854
1219.25,0.004484715,-0.000192765
1219.5,0.00507366,-7.5615e-05
1219.75,0.00609606,0.00030459
1220,0.00701622,0.000767865
1220.25,0.006936345,0.000976605
1220.5,0.0061557,0.000371685
1220.75,0.005483685,-0.000243885
1221,0.00585111,-6.7095e-05
1221.25,0.006359115,0.000314175
1221.5,0.00705669,0.001244985
1221.75,0.00711846,0.00218112
1222,0.005930985,0.0009585
1222.25,0.00575739,-7.455e-05
1222.5,0.005441085,0.000124605
1222.75,0.006105645,0.00072846
1223,0.00672015,0.001602825
1223.25,0.00664347,0.002067165
1223.5,0.006080085,0.00034719
1223.75,0.0056445,-7.3485e-05
1224,0.005888385,0.000750825
1224.25,0.00626859,0.001803045
1224.5,0.006077955,0.00171252
1224.75,0.005766975,0.00116724
1225,0.005021475,-0.0001278
1225.25,0.00534417,-0.000109695
1225.5,0.006005535,0.00063261
1225.75,0.006356985,0.001219425
1226,0.006382545,0.00086904
1226.25,0.00620469,0.0006603
1226.5,0.005645565,0.00016827
1226.75,0.005304765,-0.000128865
1227,0.006344205,0.001193865
1227.25,0.00576804,0.000936135
1227.5,0.005651955,0.000654975
1227.75,0.005581665,0.0003408
1228,0.005434695,0.00020448
1228.25,0.00521211,0.000405765
1228.5,0.005413395,0.001151265
1228.75,0.00518868,0.00074763
1229,0.00527601,0.00067521
1229.25,0.00481806,-1.704e-05
1229.5,0.00526323,-5.8575e-05
1229.75,0.00551457,0.00038766
1230,0.006435795,0.00139515
1230.25,0.005588055,0.001046895
1230.5,0.004531575,0.00055167
1230.75,0.003807375,3.0885e-05
1231,0.004644465,0.00092442
1231.25,0.00439845,0.000695445
1231.5,0.00411942,0.000904185
1231.75,0.004495365,0.000565515
1232,0.004799955,-0.00032802
1232.25,0.026078655,-0.002045865
1232.5,0.031088415,-0.00135042
1232.75,0.04027617,-0.000880755
1233,0.041729895,-0.00119493
1233.25,0.046592685,-0.00152082
1233.5,0.043823685,-0.00184032
1233.75,0.040999305,-0.001142745
1234,0.043421115,-0.000906315
1234.25,0.047436165,-0.00021513
1234.5,0.04495365,-0.001166175
1234.75,0.059615505,-0.001551705
1235,0.04717311,-0.002094855
1235.25,0.043627725,-0.0008733
1235.5,0.04793991,0.000484575
1235.75,0.05010186,0.001438815
1236,0.04797186,0.0009585
1236.25,0.05924595,-5.325e-06
1236.5,0.06652203,-0.001278
1236.75,0.052384155,-0.00040257
1237,0.043327395,2.13e-05
1237.25,0.03899817,0.0006177
1237.5,0.03581382,-0.000177855
1237.75,0.03760302,1.065e-05
1238,0.03902586,0.00033228
1238.25,0.041116455,-0.000143775
1238.5,0.03589476,-0.000324825
1238.75,0.04237209,-0.00046647
1239,0.05019345,-0.001419645
1239.25,0.051003915,-0.000752955
1239.5,0.04517304,-0.000369555
1239.75,0.04469592,-0.001164045
1240,0.05000388,-0.002680605
1240.25,0.052330905,-0.002791365
1240.5,0.04998897,-0.001713585
1240.75,0.05334585,-0.00090951
1241,0.052771815,-0.001066065
1241.25,0.04916679,-0.00096489
1241.5,0.045120855,-0.0018318
1241.75,0.03969042,-0.00060279
1242,0.038081205,0.000337605
1242.25,0.028832745,0.00224289
1242.5,0.019746165,0.00130782
1242.75,0.00544428,0.001213035
1243,0.005208915,0.00048138
1243.25,0.004795695,0.000246015
1243.5,0.00561681,0.000663495
1243.75,0.005717985,0.00026838
1244,0.005881995,0.000563385
1244.25,0.0057723,0.00084774
1244.5,0.00600234,0.00088821
1244.75,0.005306895,0.00023217
1245,0.00605772,5.538e-05
1245.25,0.005758455,-4.26e-06
1245.5,0.00725052,0.00033015
1245.75,0.007360215,0.00092016
1246,0.006895875,0.00145053
1246.25,0.00579573,-0.000207675
1246.5,0.00582768,-6.603e-05
1246.75,0.005264295,9.159e-05
1247,0.00659661,0.001300365
1247.25,0.00665625,0.001590045
1247.5,0.006861795,0.00187014
1247.75,0.005803185,-8.2005e-05
1248,0.005115195,-0.00039618
1248.25,0.005752065,7.455e-06
1248.5,0.00589158,0.00143136
1248.75,0.005877735,0.001747665
1249,0.006273915,0.002128935
1249.25,0.005556105,0.000203415
1249.5,0.00500976,-0.000395115
1249.75,0.005294115,-0.000203415
1250,0.00705669,0.001208775
1250.25,0.00659022,0.002013915
1250.5,0.00686712,0.00180411
1250.75,0.005196135,-8.094e-05
1251,0.005181225,-0.00016614
1251.25,0.00513969,-0.00051546
1251.5,0.00614931,0.001796655
1251.75,0.006853275,0.00236643
1252,0.005871345,0.001509105
1252.25,0.00507153,4.1535e-05
1252.5,0.00470517,-0.000169335
1252.75,0.00450708,-0.00030246
1253,0.00587241,0.001349355
1253.25,0.00587667,0.00186162
1253.5,0.005637045,0.000861585
1253.75,0.00474564,-0.00037488
1254,0.0052185,-0.000120345
1254.25,0.00539316,0.000961695
1254.5,0.005287725,0.00192126
1254.75,0.005200395,0.001264155
1255,0.00493095,0.000703965
1255.25,0.0038553,5.4315e-05
1255.5,0.00457311,-0.00022578
1255.75,0.00510135,0.00106074
1256,0.004062975,0.002082075
1256.25,0.003711525,0.00168696
1256.5,0.00338244,0.00016401
1256.75,0.003357945,-5.538e-05
1257,0.00365508,1.065e-05
1257.25,0.004380345,0.00061557
1257.5,0.005871345,0.00181902
1257.75,0.00564237,0.001475025
1258,0.00495438,0.000333345
1258.25,0.004486845,-0.00028542
1258.5,0.003585855,0.000416415
1258.75,0.00415563,0.00128652
1259,0.00438141,0.00119493
1259.25,0.004393125,0.000827505
1259.5,0.005191875,0.001142745
1259.75,0.00448791,7.5615e-05
1260,0.004633815,0.000203415
1260.25,0.004978875,0.000836025
1260.5,0.005125845,0.001568745
1260.75,0.004616775,0.00083709
1261,0.00412581,0.000902055
1261.25,0.003553905,0.000486705
1261.5,0.003916005,-7.7745e-05
1261.75,0.004491105,0.000490965
1262,0.00480954,0.00102879
1262.25,0.005153535,0.0013419
1262.5,0.00412794,0.00095211
1262.75,0.004580565,0.00113316
1263,0.00418758,0.00049842
1263.25,0.00431325,0.000510135
1263.5,0.00373176,0.00070077
1263.75,0.00355923,0.000548475
1264,0.00432177,0.00113316
1264.25,0.004284495,0.000791295
1264.5,0.004644465,0.00108843
1264.75,0.00489048,0.00101601
1265,0.004354785,0.000205545
1265.25,0.00393198,-8.52e-05
1265.5,0.00460293,0.00027051
1265.75,0.004689195,0.000373815
1266,0.00564024,0.000848805
1266.25,0.005524155,0.001059675
1266.5,0.004380345,0.00024921
1266.75,0.0042813,3.3015e-05
1267,0.004725405,-8.307e-05
1267.25,0.005477295,0.00068373
1267.5,0.006352725,0.00119067
1267.75,0.00733572,0.000985125
1268,0.00660513,0.000288615
1268.25,0.006099255,-3.9405e-05
1268.5,0.005888385,-0.00026412
1268.75,0.00639426,0.000412155
1269,0.007377255,0.0013845
1269.25,0.006761685,0.001027725
1269.5,0.00654123,0.000682665
1269.75,0.00630054,0.000250275
1270,0.00585111,-0.000324825
1270.25,0.00591714,0.0004686
1270.5,0.0070077,0.001747665
1270.75,0.006037485,0.001262025
1271,0.00609606,0.00085626
1271.25,0.006043875,0.000665625
1271.5,0.00542085,-0.00027903
1271.75,0.00549753,-5.6445e-05
1272,0.00685008,0.0017892
1272.25,0.00634314,0.00177003
1272.5,0.005602965,0.00118215
1272.75,0.005673255,0.000674145
1273,0.005279205,-0.000320565
1273.25,0.005549715,-0.00013419
1273.5,0.00688203,0.00144201
1273.75,0.006544425,0.00164862
1274,0.00586176,0.00081792
1274.25,0.00607902,0.000863715
1274.5,0.00540594,-0.00032163
1274.75,0.005764845,0.00023004
1275,0.00627072,0.00131421
1275.25,0.00630693,0.00182115
1275.5,0.005551845,0.000752955
1275.75,0.005952285,0.000292875
1276,0.00513969,0
1276.25,0.00522915,0.000156555
1276.5,0.005943765,0.001457985
1276.75,0.005615745,0.00140367
1277,0.00555504,0.00082218
1277.25,0.00571479,0.00058149
1277.5,0.00571053,0.000211935
1277.75,0.00581277,0.000522915
1278,0.00635592,0.001372785
1278.25,0.00613227,0.001370655
1278.5,0.004978875,0.00094572
1278.75,0.005029995,0.000486705
1279,0.0043665,0.000158685
1279.25,0.005281335,0.00044943
1279.5,0.00473286,0.0013632
1279.75,0.005032125,0.002190705
1280,0.00346764,0.001296105
1280.25,0.00364017,0.0004686
1280.5,0.003564555,-7.3485e-05
1280.75,0.004039545,0.000188505
1281,0.00505449,0.001159785
1281.25,0.005311155,0.00166353
1281.5,0.00584046,0.00129291
1281.75,0.00525471,0.000955305
1282,0.00442614,-0.000171465
1282.25,0.004518795,0.000241755
1282.5,0.00397884,0.001215165
1282.75,0.00402144,0.00161028
1283,0.004710495,0.00158898
1283.25,0.00506088,0.001276935
1283.5,0.00491391,0.00010011
1283.75,0.00481593,-6.39e-06
1284,0.00578295,0.00081579
1284.25,0.005536935,0.001575135
1284.5,0.00524406,0.001766835
1284.75,0.005323935,0.001236465
1285,0.00400227,0.000838155
1285.25,0.003781815,0.000145905
1285.5,0.004503885,0.000158685
1285.75,0.00495651,0.000580425
1286,0.006086475,0.00183819
1286.25,0.00521424,0.001085235
1286.5,0.00473286,0.00065817
1286.75,0.005551845,0.00105222
1287,0.005008695,0.00055806
1287.25,0.00546771,0.00048777
1287.5,0.00456672,0.000708225
1287.75,0.004819125,0.001029855
1288,0.005072595,0.00077532
1288.25,0.00503532,0.0007029
1288.5,0.00480102,0.00047712
1288.75,0.005257905,0.000480315
1289,0.0047925,0.00025773
1289.25,0.00510774,0.00038766
1289.5,0.00566154,0.00072633
1289.75,0.00537825,0.000680535
1290,0.005568885,0.00085626
1290.25,0.00550818,0.00088182
1290.5,0.004880895,0.000525045
1290.75,0.00462849,0.000352515
1291,0.004146045,-0.0001704
1291.25,0.0051546,0.000769995
1291.5,0.00641343,0.00063687
1291.75,0.00707373,0.00119706
1292,0.00739749,0.001447335
1292.25,0.00570627,-0.00020235
1292.5,0.005977845,-0.00011715
1292.75,0.005624265,-3.834e-05
1293,0.006631755,0.00043665
1293.25,0.00712911,0.00133764
1293.5,0.00710355,0.001227945
1293.75,0.006486915,0.00094998
1294,0.006118425,3.3015e-05
1294.25,0.005168445,-0.00033654
1294.5,0.005928855,0.000552735
1294.75,0.00612588,0.000629415
1295,0.00706308,0.001372785
1295.25,0.00692463,0.00141645
1295.5,0.00592992,-0.000418545
1295.75,0.006186585,-0.000243885
1296,0.00593631,0.000250275
1296.25,0.00662217,0.00127587
1296.5,0.006823455,0.00145692
1296.75,0.00597891,0.001091625
1297,0.005313285,0.00018318
1297.25,0.00512904,7.242e-05
1297.5,0.005087505,-0.000371685
1297.75,0.006506085,0.001266285
1298,0.006761685,0.00207675
1298.25,0.00656679,0.001634775
1298.5,0.00640917,0.00098619
1298.75,0.00579573,3.834e-05
1299,0.00489687,-0.00040257
1299.25,0.00556782,0.00037062
1299.5,0.006716955,0.00236217
1299.75,0.006546555,0.00141432
1300,0.00611523,0.00127374
1300.25,0.00508005,5.325e-05
1300.5,0.004983135,0.00010437
1300.75,0.004899,-3.834e-05
1301,0.005766975,0.001144875
1301.25,0.006158895,0.00150378
1301.5,0.00664134,0.001470765
1301.75,0.0054954,0.000220455
1302,0.005458125,-0.000365295
1302.25,0.00482871,-0.000148035
1302.5,0.005313285,0.001206645
1302.75,0.004672155,0.00136107
1303,0.00403635,0.00150804
1303.25,0.00432816,0.000765735
1303.5,0.0205545,-9.9045e-05
1303.75,0.02000709,9.0525e-05
1304,0.02522133,0.000329085
1304.25,0.028947765,0.001106535
1304.5,0.03007134,0.000880755
1304.75,0.03760728,0.00041748
1305,0.035774415,-0.00015123
1305.25,0.03769887,-9.585e-06
1305.5,0.04472574,4.899e-05
1305.75,0.04711347,0.0004686
1306,0.04621461,0.000659235
1306.25,0.0547197,0.00189357
1306.5,0.07249455,0.003852105
1306.75,0.073703325,0.003875535
1307,0.06836235,0.003370725
1307.25,0.069047145,0.003426105
1307.5,0.07507824,0.00430686
1307.75,0.07556175,0.005492205
1308,0.05850684,0.001598565
1308.25,0.06864777,0.001006425
1308.5,0.06965739,0.00050481
1308.75,0.071290035,0.001658205
1309,0.063534705,0.0020874
1309.25,0.05535231,0.003551775
1309.5,0.055129725,0.003151335
1309.75,0.057138315,0.002676345
1310,0.067645605,0.00208314
1310.25,0.071803365,0.00264759
1310.5,0.07313355,0.00284142
1310.75,0.07368096,0.003628455
1311,0.07391952,0.003483615
1311.25,0.073511625,0.004099185
1311.5,0.057381135,0.00352515
1311.75,0.050976225,0.002614575
1312,0.066373995,0.004823385
1312.25,0.054471555,0.00461358
1312.5,0.053468325,0.004437855
1312.75,0.05021049,0.00403848
1313,0.04835952,0.00294153
1313.25,0.0333558,0.002510205
1313.5,0.02344278,0.000467535
1313.75,0.023047665,-0.000426
1314,0.02309559,0.00033441
1314.25,0.021543885,0.001466505
1314.5,0.022802715,0.00146544
1314.75,0.02088891,0.002286555
1315,0.020167905,0.00193617
1315.25,0.019861185,0.00109269
1315.5,0.019831365,-0.0002343
1315.75,0.022165845,0.000312045
1316,0.02320635,0.000846675
1316.25,0.023486445,0.001451595
1316.5,0.022668525,0.00159324
1316.75,0.02271219,0.00114594
1317,0.02156838,0.00028968
1317.25,0.02053533,-0.000214065
1317.5,0.02208597,0.00039405
1317.75,0.023041275,0.00135255
1318,0.022764375,0.00143136
1318.25,0.02287833,0.001634775
1318.5,0.02083566,0.00031098
1318.75,0.020453325,0.00024069
1319,0.020921925,-7.9875e-05
1319.25,0.011006775,0.001200255
1319.5,0.007217505,0.002248215
1319.75,0.00630267,0.00165075
1320,0.00592353,0.001219425
1320.25,0.005070465,-0.000160815
1320.5,0.005217435,3.621e-05
1320.75,0.00557208,0.00113103
1321,0.006303735,0.001619865
1321.25,0.006163155,0.002084205
1321.5,0.005781885,0.0008307
1321.75,0.00542937,0.00062409
1322,0.00545706,-0.000510135
1322.25,0.005500725,0.00074976
1322.5,0.00611736,0.00197451
1322.75,0.006582765,0.002235435
1323,0.005485815,0.001059675
1323.25,0.005366535,0.001166175
1323.5,0.00492243,-0.00020448
1323.75,0.004848945,-0.00014058
1324,0.00517377,0.00041322
1324.25,0.00587667,0.00109269
1324.5,0.00554652,0.001274805
1324.75,0.00540168,0.00101388
1325,0.0045369,8.307e-05
1325.25,0.004914975,0.000107565
1325.5,0.00468813,-0.000148035
1325.75,0.00598743,0.000929745
1326,0.006161025,0.001592175
1326.25,0.00574248,0.001398345
1326.5,0.004874505,0.00124818
1326.75,0.003798855,8.094e-05
1327,0.0028329,-0.000175725
1327.25,0.005815965,0.000586815
1327.5,0.017328615,0.000959565
1327.75,0.018823875,0.00113955
1328,0.01908693,0.001215165
1328.25,0.02856117,0.00060066
1328.5,0.03298944,0.00022578
1328.75,0.047572485,0.00029607
1329,0.049180635,0.000748695
1329.25,0.06305865,0.001869075
1329.5,0.078759945,0.00201924
1329.75,0.0873513,0.001796655
1330,0.09656355,0.002934075
1330.25,0.098368725,0.00290106
1330.5,0.09641019,0.00388299
1330.75,0.09511515,0.004295145
1331,0.097109895,0.00444105
1331.25,0.09784155,0.004865985
1331.5,0.084091335,0.003411195
1331.75,0.08252046,0.003360075
1332,0.083205255,0.005032125
1332.25,0.084076425,0.005969325
1332.5,0.08278245,0.006082215
1332.75,0.08224782,0.005916075
1333,0.077839785,0.00621534
1333.25,0.080791965,0.00624729
1333.5,0.102356085,0.00410451
1333.75,0.106816305,0.00390642
1334,0.10934355,0.00363804
1334.25,0.10578432,0.00264333
1334.5,0.09409488,0.00311406
1334.75,0.07632429,0.000767865
1335,0.03869784,-0.002133195
1335.25,0.000731655,0.00098193
1335.5,-0.00052398,0.001366395
1335.75,-0.00052185,0.001581525
1336,-0.00028116,0.00183819
1336.25,-0.00013632,0.00251553
1336.5,-0.00018957,0.00221307
1336.75,-7.5615e-05,0.000386595
1337,0.00578934,0.000422805
1337.25,0.00513117,0.00071355
1337.5,0.004804215,0.000476055
1337.75,0.012697995,-0.001242855
1338,0.01681422,-2.0235e-05
1338.25,0.02487414,-0.008836305
1338.5,0.023878365,-0.003134295
1338.75,0.014321055,0.00071781
1339,0.013688445,-0.0044304
1339.25,0.027840165,-0.006497565
1339.5,0.03005004,0.00021939
1339.75,0.03514287,-4.5795e-05
1340,0.03134721,-0.000520785
1340.25,0.032628405,-0.000450495
1340.5,0.030272625,-0.001108665
1340.75,0.031642215,-0.001417515
1341,0.034061895,-0.00116511
1341.25,0.034262115,-0.00020235
1341.5,0.033631635,-0.000173595
1341.75,0.03514287,0.000105435
1342,0.03154104,-0.00077532
1342.25,0.034607175,-0.00118641
1342.5,0.032296125,-0.00204906
1342.75,0.03216087,-0.0013632
1343,0.03391386,-0.000218325
1343.25,0.03222477,-0.00010863
1343.5,0.033606075,-0.000727395
1343.75,0.034168395,-0.000997905
1344,0.0322056,-0.00187014
1344.25,0.035529465,-0.000893535
1344.5,0.032281215,0.000220455
1344.75,0.0290745,0.00020235
1345,0.02924064,1.3845e-05
1345.25,0.03163263,-0.00135894
1345.5,0.03427596,-0.00153786
1345.75,0.032617755,-0.00153999
1346,0.033120435,-0.000951045
1346.25,0.035363325,-0.000254535
1346.5,0.03311937,7.1355e-05
1346.75,0.03439311,-0.000533565
1347,0.03182646,-0.001643295
1347.25,0.030990435,-0.00159963
1347.5,0.0329085,-0.00151656
1347.75,0.031763625,-0.000169335
1348,0.031863735,-5.2185e-05
1348.25,0.03273597,-0.000175725
1348.5,0.029282175,-0.000919095
1348.75,0.031899945,-0.00180411
1349,0.02974971,-0.001485675
1349.25,0.031407915,-0.000584685
1349.5,0.03424188,-0.00079449
1349.75,0.031062855,-0.000205545
1350,0.032979855,-0.00107991
1350.25,0.03248676,-0.00185949
1350.5,0.028943505,-0.001494195
1350.75,0.02880825,-0.00052398
1351,0.02301252,-0.00079449
1351.25,0.03031842,0.002062905
1351.5,0.043506315,0.00393411
1351.75,0.04348182,0.003289785
1352,0.04477686,0.00214704
1352.25,0.04696224,0.002163015
1352.5,0.045979245,0.00228762
1352.75,0.055611105,0.00253896
1353,0.0597465,0.002220525
1353.25,0.061434525,0.0027477
1353.5,0.06550389,0.00313323
1353.75,0.07242639,0.00513756
1354,0.069402855,0.004497495
1354.25,0.06925269,0.00410025
1354.5,0.068772375,0.00339096
1354.75,0.071758635,0.003964995
1355,0.072293265,0.003585855
1355.25,0.07502712,0.00392346
1355.5,0.07475022,0.0042813
1355.75,0.07436469,0.00534843
1356,0.072086655,0.005628525
1356.25,0.07385562,0.005323935
1356.5,0.071183535,0.00489687
1356.75,0.07834992,0.005091765
1357,0.0744435,0.004727535
1357.25,0.06233019,0.00505449
1357.5,0.058045695,0.005110935
1357.75,0.05903721,0.003490005
1358,0.060493065,0.00373815
1358.25,0.051003915,0.00318648
1358.5,0.05912454,0.005447475
1358.75,0.05765271,0.00846888
1359,0.059954175,0.01077567
1359.25,0.04763319,0.006408105
1359.5,0.033094875,0.000627285
1359.75,0.03396711,0.001370655
1360,0.03168162,0.00224076
1360.25,0.033058665,0.004052325
1360.5,0.031199175,0.00143988
1360.75,0.02801163,-0.000548475
1361,0.01832652,0.001943625
1361.25,0.01614114,-0.000295005
1361.5,0.01369164,-0.000801945
1361.75,0.00930597,-0.000784905
1362,0.00511413,0.00011928
1362.25,0.005496465,0.000876495
1362.5,0.00580212,0.001232205
1362.75,0.004457025,0.00049842
1363,0.005096025,-0.00082644
1363.25,0.005002305,-0.000852
1363.5,0.00508857,-0.001524015
1363.75,0.005824485,-0.00064752
1364,0.005999145,-6.2835e-05
1364.25,0.005560365,-0.00047073
1364.5,0.005922465,-0.00081792
1364.75,0.006580635,-0.000456885
1365,0.006018315,-0.000914835
1365.25,0.005856435,-0.00055593
1365.5,0.006124815,-0.00014058
1365.75,0.00571053,-0.000384465
1366,0.005441085,-0.00091803
1366.25,0.005735025,-0.000348255
1366.5,0.005551845,-0.000657105
1366.75,0.00565728,-0.000755085
1367,0.005794665,-4.686e-05
1367.25,0.00585537,-0.00037488
1367.5,0.00511839,-0.001112925
1367.75,0.00627711,-0.000401505
1368,0.005632785,-0.00047073
1368.25,0.00557421,-8.946e-05
1368.5,0.006003405,9.159e-05
1368.75,0.005315415,-0.000312045
1369,0.005117325,-0.000904185
1369.25,0.00524193,-0.001121445
1369.5,0.00547623,-0.000778515
1369.75,0.00650076,-5.0055e-05
1370,0.00689055,0.000518655
1370.25,0.00650502,1.491e-05
1370.5,0.00585963,-0.00111399
1370.75,0.005396355,-0.00131208
1371,0.00545706,-0.001012815
1371.25,0.00594696,-0.00034719
1371.5,0.006395325,0.00026412
1371.75,0.00654549,0.00047712
1372,0.00505023,-0.001210905
1372.25,0.005581665,-0.00145266
1372.5,0.005411265,-0.00084774
1372.75,0.00547623,-0.0003195
1373,0.00613866,-2.982e-05
1373.25,0.006199365,0.000388725
1373.5,0.006499695,-0.00030459
1373.75,0.00576378,-0.00098832
1374,0.005620005,-0.00118215
1374.25,0.00541233,-0.000712485
1374.5,0.005338845,-0.00031524
1374.75,0.004865985,3.9405e-05
1375,0.00449643,-0.000197025
1375.25,0.00722496,-0.00041748
1375.5,0.02719158,-0.001768965
1375.75,0.024870945,-0.001366395
1376,0.02796264,-0.0011502
1376.25,0.032287605,-0.00088821
1376.5,0.03874683,-0.00203415
1376.75,0.042988725,-0.002001135
1377,0.046298745,-0.002550675
1377.25,0.04956723,-0.000429195
1377.5,0.050971965,0.000857325
1377.75,0.04842129,-0.002465475
1378,0.051753675,-0.00280947
1378.25,0.049681185,-0.0029394
1378.5,0.036943785,-0.00253896
1378.75,0.039842715,-0.001888245
1379,0.040907715,-0.00207462
1379.25,0.041048295,-0.00148674
1379.5,0.044339145,-0.00209166
1379.75,0.03756894,-0.00250914
1380,0.038115285,-0.001262025
1380.25,0.04175865,-0.001029855
1380.5,0.039825675,-0.000401505
1380.75,0.041146275,-0.0008094
1381,0.037557225,-0.001019205
1381.25,0.04202916,-0.00209166
1381.5,0.041222955,-0.00220242
1381.75,0.046324305,-0.001285455
1382,0.04608681,-0.000706095
1382.25,0.05321592,-0.000437715
1382.5,0.05357376,-0.00067521
1382.75,0.05376546,-0.001915935
1383,0.05435973,-0.001630515
1383.25,0.058000965,-0.00256452
1383.5,0.056101005,-0.000891405
1383.75,0.05779329,0.000390855
1384,0.05719263,-0.000322695
1384.25,0.054301155,-0.00060492
1384.5,0.05826828,-0.001193865
1384.75,0.05377611,-0.0015762
1385,0.050763225,-0.001012815
1385.25,0.04992081,-0.00052398
1385.5,0.04562034,-0.000793425
1385.75,0.046743915,-0.00024708
1386,0.037638165,-0.00067734
1386.25,0.02641413,8.2005e-05
1386.5,0.02526393,0.00093933
1386.75,0.0185949,0.001822215
1387,0.01907415,0.001843515
1387.25,0.01857573,0.001911675
1387.5,0.022506645,0.00083922
1387.75,0.018900555,0.00025986
1388,0.01897404,-5.325e-06
1388.25,0.01780041,0.000380205
1388.5,0.018191265,0.0010863
1388.75,0.017315835,0.000914835
1389,0.018246645,0.00099897
1389.25,0.01881642,1.3845e-05
1389.5,0.01817955,-1.704e-05
1389.75,0.018201915,0.00019809
1390,0.01754694,0.00060492
1390.25,0.01716567,0.000552735
1390.5,0.01738932,0.00069864
1390.75,0.015051645,0.000188505
1391,0.00399801,0.00035784
1391.25,0.003879795,9.585e-05
1391.5,0.005081115,0.001777485
1391.75,0.004655115,0.001140615
1392,0.004693455,0.0015549
1392.25,0.00423657,0.000731655
1392.5,0.00413646,0.000567645
1392.75,0.003973515,0.00027051
1393,0.00473712,0.001562355
1393.25,0.00483936,0.00202989
1393.5,0.00505875,0.00179559
1393.75,0.00490539,0.001123575
1394,0.00478185,0.00069651
1394.25,0.00433242,5.538e-05
1394.5,0.00514395,0.001555965
1394.75,0.00498207,0.00146118
1395,0.004829775,0.00169548
1395.25,0.00487344,0.00169548
1395.5,0.00484149,0.00049842
1395.75,0.004512405,0.000216195
1396,0.005078985,0.00178494
1396.25,0.00480954,0.001406865
1396.5,0.004868115,0.00145905
1396.75,0.003979905,0.000861585
1397,0.00410025,0.00037701
1397.25,0.00417693,0.000224715
1397.5,0.004520925,0.00080088
1397.75,0.00529092,0.001519755
1398,0.00466896,0.000968085
1398.25,0.004998045,0.00117576
1398.5,0.003881925,0.000563385
1398.75,0.003098085,5.751e-05
1399,0.002844615,0.00112038
1399.25,0.010484925,0.000429195
1399.5,0.022187145,-0.000484575
1399.75,0.02290389,-0.000582555
1400,0.02363235,-0.00042174
1400.25,0.030004245,-0.000522915
1400.5,0.03263586,0.000120345
1400.75,0.039274005,0.000714615
1401,0.042226185,0.000640065
1401.25,0.04430187,1.3845e-05
1401.5,0.04625934,0.000309915
1401.75,0.043582995,-0.000143775
1402,0.04628064,0.001230075
1402.25,0.04235931,0.00091803
1402.5,0.028123455,0.000723135
1402.75,0.02922999,0.000369555
1403,0.026911485,0.000776385
1403.25,0.03357519,-0.000203415
1403.5,0.036790425,0.00133125
1403.75,0.048518205,0.002111895
1404,0.051768585,0.00179772
1404.25,0.051336195,0.002173665
1404.5,0.04547763,0.001406865
1404.75,0.047860035,0.000974475
1405,0.04705596,0.00068799
1405.25,0.03855087,0.000135255
1405.5,0.044733195,-0.001302495
1405.75,0.04406331,-0.000784905
1406,0.040407165,-0.001262025
1406.25,0.0435585,-0.001059675
1406.5,0.035927775,-0.00151869
1406.75,0.036475185,0.000248145
1407,0.036079005,0.000740175
1407.25,0.035857485,0.000218325
1407.5,0.028374795,0.00023643
1407.75,0.03238878,0.000184245
1408,0.0258582,0.00042813
1408.25,0.024640905,-0.000959565
1408.5,0.027520665,-0.00114807
1408.75,0.022557765,-0.0014484
1409,0.02534274,-0.000220455
1409.25,0.025855005,-0.0005964
1409.5,0.024681375,0.00043665
1409.75,0.022042305,-0.000141645
1410,0.020536395,-5.964e-05
1410.25,0.01647342,-0.000243885
1410.5,0.016465965,0.000139515
1410.75,0.01791543,0.00068799
1411,0.01291206,0.0010437
1411.25,0.00402783,0.000533565
1411.5,0.00482871,0.000503745
1411.75,0.004118355,-0.00048138
1412,0.004376085,-0.0002556
1412.25,0.0043026,-0.000141645
1412.5,0.005153535,0.000929745
1412.75,0.00464979,0.000441975
1413,0.00520998,0.00065178
1413.25,0.00421527,-0.000369555
1413.5,0.00443679,-0.000214065
1413.75,0.004258935,-0.00012141
1414,0.004612515,0.000486705
1414.25,0.004727535,0.00070716
1414.5,0.004182255,0.00033654
1414.75,0.00387447,-0.000173595
1415,0.00361887,-0.000412155
1415.25,0.004171605,9.585e-05
1415.5,0.004733925,0.000746565
1415.75,0.004614645,0.00077106
1416,0.004439985,0.00090312
1416.25,0.0035145,-0.000516525
1416.5,0.003709395,-0.000186375
1416.75,0.003654015,-0.00020874
1417,0.004474065,0.00097554
1417.25,0.00394902,0.000333345
1417.5,0.00446022,0.00092229
1417.75,0.00354858,-0.000591075
1418,0.003898965,-0.00018105
1418.25,0.003658275,-0.000689055
1418.5,0.004495365,0.00096915
1418.75,0.00448578,0.001117185
1419,0.00406191,0.00063261
1419.25,0.00398097,0.00057723
1419.5,0.00344634,-0.000752955
1419.75,0.003683835,-0.000254535
1420,0.004005465,0.000689055
1420.25,0.004094925,0.000812595
1420.5,0.003975645,0.00097341
1420.75,0.00349533,-0.000143775
1421,0.003553905,-0.000361035
1421.25,0.0035997,-0.00015762
1421.5,0.004109835,0.000518655
1421.75,0.00426852,0.00074763
1422,0.004474065,0.00098406
1422.25,0.00330576,-0.000363165
1422.5,0.00318861,-2.982e-05
1422.75,0.0026625,-0.000614505
1423,0.00362952,0.00147822
1423.25,0.00320778,0.000974475
1423.5,0.00343782,0.00117363
1423.75,0.002612445,-0.00035358
1424,0.002079945,1.3845e-05
1424.25,0.00200646,-0.000316305
1424.5,0.00269871,0.00099258
1424.75,0.00288828,0.00093081
1425,0.003074655,0.000934005
1425.25,0.002571975,-0.000184245
1425.5,0.00282438,-0.000171465
1425.75,0.00295857,-1.704e-05
1426,0.003291915,0.00124818
1426.25,0.00331428,0.000908445
1426.5,0.00254109,0.00103092
1426.75,0.00242607,0.000437715
1427,0.00297135,-4.686e-05
1427.25,0.00278391,-0.000331215
1427.5,0.00341226,0.000887145
1427.75,0.00408534,0.001385565
1428,0.00352302,0.00074337
1428.25,0.004013985,0.001656075
1428.5,0.00294366,-0.000476055
1428.75,0.003724305,0.000239625
1429,0.001786005,-0.00013419
1429.25,0.00235578,0.000695445
1429.5,0.00316944,0.00052611
1429.75,0.003196065,0.000965955
1430,0.00327381,0.00050907
1430.25,0.003193935,-4.26e-05
1430.5,0.00297135,-0.000171465
1430.75,0.00331428,0.00020448
1431,0.00319926,0.000463275
1431.25,0.00368277,0.000938265
1431.5,0.00299904,0.000412155
1431.75,0.003187545,0.000842415
1432,0.002563455,-0.000384465
1432.25,0.003070395,0.000133125
1432.5,0.002629485,0.00013845
1432.75,0.003302565,0.000725265
1433,0.003703005,0.00059214
1433.25,0.003573075,0.0008946
1433.5,0.003570945,0.00046647
1433.75,0.004278105,3.408e-05
1434,0.003406935,-0.000154425
1434.25,0.003747735,0.000239625
1434.5,0.004348395,0.001127835
1434.75,0.00398736,0.001102275
1435,0.003943695,0.0003834
1435.25,0.004770135,0.000130995
1435.5,0.00427278,-0.000546345
1435.75,0.00466257,-0.000186375
1436,0.005123715,0.00032163
1436.25,0.00586815,0.001110795
1436.5,0.00520359,0.00049203
1436.75,0.004638075,0.000633675
1437,0.00391281,-0.00052611
1437.25,0.004686,-0.000150165
1437.5,0.005002305,-0.00011715
1437.75,0.006337815,0.001306755
1438,0.00501615,0.00047286
1438.25,0.004437855,0.000544215
1438.5,0.003933045,-0.000299265
1438.75,0.00421314,-0.000505875
1439,0.00500124,0.000184245
1439.25,0.005417655,0.0007881
1439.5,0.005579535,0.000891405
1439.75,0.00530796,0.00091164
1440,0.00369981,-0.00030672
1440.25,0.004020375,-3.195e-05
1440.5,0.003551775,-0.000569775
1440.75,0.00427065,0.000882885
1441,0.00429621,0.000725265
1441.25,0.00427917,0.000708225
1441.5,0.004390995,0.000214065
1441.75,0.00434307,7.9875e-05
1442,0.00380844,-0.000674145
1442.25,0.004633815,0.000612375
1442.5,0.00464553,0.00071142
1442.75,0.004716885,0.001061805
1443,0.003960735,-2.8755e-05
1443.25,0.004001205,-0.00020022
1443.5,0.00410025,1.3845e-05
1443.75,0.004048065,-0.000126735
1444,0.00446661,0.001242855
1444.25,0.004275975,0.00128013
1444.5,0.00353367,-5.4315e-05
1444.75,0.00351237,-0.000107565
1445,0.00364443,-0.000405765
1445.25,0.00399588,0.00023217
1445.5,0.00419184,0.000446235
1445.75,0.004491105,0.00077745
1446,0.004209945,0.00035145
1446.25,0.00343143,-0.00074337
1446.5,0.003547515,0.00019809
1446.75,0.00346977,0.000542085
1447,0.003081045,0.000582555
1447.25,0.00360183,0.001419645
1447.5,0.003206715,0.000465405
1447.75,0.00296496,-0.00062409
1448,0.002295075,0.00018105
1448.25,0.002414355,0.000222585
1448.5,0.003232275,0.001677375
1448.75,0.00313536,0.001360005
1449,0.00310554,0.000525045
1449.25,0.003108735,0.00021726
1449.5,0.00307359,-0.000484575
1449.75,0.003564555,0.000620895
1450,0.003760515,0.001251375
1450.25,0.010721355,-1.8105e-05
1450.5,0.011015295,-0.000471795
1450.75,0.011545665,-0.00216408
1451,0.013594725,-0.00209805
1451.25,0.01404735,-0.00226419
1451.5,0.014951535,-0.002239695
1451.75,0.016749255,-0.00054741
1452,0.01480776,-0.00039405
1452.25,0.014542575,-0.001402605
1452.5,0.012810885,-0.001722105
1452.75,0.01822641,-0.002065035
1453,0.01044552,-0.002163015
1453.25,0.01152969,-0.00128652
1453.5,0.013809855,-0.000429195
1453.75,0.01419432,-0.001210905
1454,0.015177315,-0.000324825
1454.25,0.017577825,-0.00154212
1454.5,0.014670375,-0.001357875
1454.75,0.016614,-0.002058645
1455,0.01515921,-0.00105648
1455.25,0.01735524,-0.000348255
1455.5,0.01560225,-0.000885015
1455.75,0.01212183,-0.000678405
1456,0.00871383,5.751e-05
1456.25,0.0086904,-0.001357875
1456.5,0.013192155,-0.00097767
1456.75,0.008602005,-0.00103092
1457,0.01430721,-0.000388725
1457.25,0.011852385,-0.000182115
1457.5,0.01311654,-0.000663495
1457.75,0.008983275,0.00035145
1458,0.00893748,-0.00081366
1458.25,0.00746352,-0.000233235
1458.5,0.009143025,-0.000416415
1458.75,0.007398555,0.000205545
1459,0.00972984,0.00024069
1459.25,0.007696755,-2.343e-05
1459.5,0.01080549,-0.000420675
1459.75,0.008278245,-0.000840285
1460,0.010872585,-0.000582555
1460.25,0.0083283,-8.52e-05
1460.5,0.01065639,0.00010437
1460.75,0.00823884,-2.13e-06
1461,0.0106926,-0.000218325
1461.25,0.008080155,-0.000358905
1461.5,0.01005999,-0.0009372
1461.75,0.008665905,1.5975e-05
1462,0.01052007,-0.000286485
1462.25,0.00873513,0.000410025
1462.5,0.009792675,-0.000263055
1462.75,0.00836451,-0.00035145
1463,0.009735165,-0.00067947
1463.25,0.00763392,-0.000620895
1463.5,0.01126557,0.00026625
1463.75,0.008770275,-7.3485e-05
1464,0.01043487,0.000284355
1464.25,0.009471045,0.000194895
1464.5,0.0105861,-0.001040505
1464.75,0.00762753,-0.000476055
1465,0.009824625,-0.0001704
1465.25,0.00771273,1.278e-05
1465.5,0.010065315,0.000422805
1465.75,0.00887145,0.000437715
1466,0.00963186,-0.001153395
1466.25,0.00835599,-0.000333345
1466.5,0.009223965,-0.0011928
1466.75,0.008895945,0.00075189
1467,0.00934644,-0.000243885
1467.25,0.009581805,0.000797685
1467.5,0.009907695,2.982e-05
1467.75,0.007690365,-0.00126522
1468,0.00903972,-0.000689055
1468.25,0.008124885,0.0008094
1468.5,0.008342145,-0.000135255
1468.75,0.00813873,0.000305655
1469,0.00883098,0.000143775
1469.25,0.007453935,-0.00067095
1469.5,0.008557275,-0.001208775
1469.75,0.008463555,0.00013845
1470,0.009709605,0.00033654
1470.25,0.008259075,-8.2005e-05
1470.5,0.00872235,0.00028542
1470.75,0.007372995,-0.000627285
1471,0.00725265,-0.00090525
1471.25,0.007473105,-2.769e-05
1471.5,0.00830274,8.6265e-05
1471.75,0.00823884,0.000295005
1472,0.00625794,0.000258795
1472.25,0.007662675,-0.000601725
1472.5,0.010815075,-0.001366395
1472.75,0.01093968,-0.00150165
1473,0.01339983,-0.00070716
1473.25,0.013645845,-0.00095424
1473.5,0.01391529,-0.001151265
1473.75,0.020449065,-0.000186375
1474,0.0186375,-0.00100323
1474.25,0.024706935,-0.002578365
1474.5,0.020278665,-0.00120771
1474.75,0.01841598,-0.000680535
1475,0.02368773,-0.000305655
1475.25,0.01964286,-0.000510135
1475.5,0.01976427,-0.00148674
1475.75,0.020204115,-0.00226845
1476,0.020506575,-0.00151443
1476.25,0.013477575,-0.00061344
1476.5,0.016570335,0
1476.75,0.01341474,0.000456885
1477,0.01435407,-7.1355e-05
1477.25,0.013158075,-0.000275835
1477.5,0.01193226,-0.000537825
1477.75,0.01530192,-0.00135042
1478,0.015100635,-1.1715e-05
1478.25,0.016542645,3.408e-05
1478.5,0.01608576,0.00011076
1478.75,0.01375554,0.00042813
1479,0.012621315,-0.0001917
1479.25,0.01434555,-0.00094998
1479.5,0.01343178,-0.001102275
1479.75,0.017790825,-0.001926585
1480,0.014235855,-0.000603855
1480.25,0.01531683,-0.00028542
1480.5,0.01469913,-0.000535695
1480.75,0.016604415,-0.000674145
1481,0.01451808,-0.000644325
1481.25,0.013688445,-0.00115446
1481.5,0.013803465,-0.00192978
1481.75,0.01316553,-0.000320565
1482,0.01277361,-0.000499485
1482.25,0.011347575,-0.00018531
1482.5,0.003724305,0.001423905
1482.75,0.004013985,0.001387695
1483,0.003100215,-0.000250275
1483.25,0.004508145,-8.52e-05
1483.5,0.00422166,-0.00011076
1483.75,0.00426639,0.000301395
1484,0.00514182,0.001034115
1484.25,0.00485001,0.000970215
1484.5,0.005775495,0.001138485
1484.75,0.00423018,-1.491e-05
1485,0.00356988,-0.00071568
1485.25,0.004612515,-0.00018744
1485.5,0.00514821,0.00077958
1485.75,0.004904325,0.0005538
1486,0.00444531,0.000337605
1486.25,0.00482019,0.00095211
1486.5,0.00367638,-0.00033015
1486.75,0.003990555,-0.00015336
1487,0.004354785,0.000295005
1487.25,0.004435725,0.000629415
1487.5,0.00470091,0.00113529
1487.75,0.00489048,0.001219425
1488,0.00382761,0.000199155
1488.25,0.003918135,9.585e-06
1488.5,0.00328446,-0.0004473
1488.75,0.003913875,0.00037488
1489,0.004361175,0.00136533
1489.25,0.00392133,0.00064752
1489.5,0.00456672,0.001553835
1489.75,0.00353367,-0.00015336
1490,0.00387873,2.6625e-05
1490.25,0.00368916,-0.00041109
1490.5,0.004235505,0.00032163
1490.75,0.00446235,0.000812595
1491,0.003800985,0.000211935
1491.25,0.004067235,0.000527175
1491.5,0.003187545,-0.00038979
1491.75,0.003609285,-0.000109695
1492,0.003573075,2.13e-05
1492.25,0.00392559,0.00058788
1492.5,0.003783945,0.00065178
1492.75,0.00351024,0.000363165
1493,0.00381909,0.00032163
1493.25,0.003528345,-5.2185e-05
1493.5,0.003300435,-0.00054954
1493.75,0.004169475,0.00102453
1494,0.004022505,0.000995775
1494.25,0.003311085,0.00048138
1494.5,0.00296922,0.00061983
1494.75,0.002789235,0.000224715
1495,0.002341935,-0.000373815
1495.25,0.00256026,0.00023643
1495.5,0.003153465,0.001391955
1495.75,0.00265398,0.000697575
1496,0.002442045,0.001417515
1496.25,0.001922325,-0.000252405
1496.5,0.00176151,-0.000228975
1496.75,0.002207745,0.000410025
1497,0.002827575,0.000893535
1497.25,0.002556,0.00039831
1497.5,0.002966025,0.00071355
1497.75,0.00305868,0.00069864
1498,0.002537895,-0.000459015
1498.25,0.002684865,-3.408e-05
1498.5,0.00284568,0.000303525
1498.75,0.002819055,0.000733785
1499,0.003300435,0.00081153
1499.25,0.003225885,0.00036849
1499.5,0.003679575,0.00037914
1499.75,0.0034506,-3.408e-05
1500,0.002740245,-0.000461145
1500.25,0.004143915,0.00098832
1500.5,0.003658275,0.00091377
1500.75,0.003210975,0.00046434
1501,0.003517695,0.001164045
1501.25,0.006207885,0.000273705
1501.5,0.0153999,-0.00168057
1501.75,0.015692775,-0.001624125
1502,0.017746095,-0.000463275
1502.25,0.01678653,-0.0002769
1502.5,0.01591962,-0.000384465
1502.75,0.01638183,-0.00101388
1503,0.01613901,-0.000446235
1503.25,0.01571727,-0.001031985
1503.5,0.013601115,-0.001436685
1503.75,0.013748085,-0.00136746
1504,0.00917178,0.00167631
1504.25,0.01637544,0.001926585
1504.5,0.015362625,0.00145053
1504.75,0.01559586,0.001839255
1505,0.015264645,0.00148674
1505.25,0.014367915,0.00045795
1505.5,0.01527636,0.000885015
1505.75,0.014450985,0.001095885
1506,0.01540416,0.001564485
1506.25,0.01578969,0.001875465
1506.5,0.014847165,0.000978735
1506.75,0.01483758,0.00128865
1507,0.014657595,0.000776385
1507.25,0.007971525,-0.00028755
1507.5,0.004356915,-8.733e-05
1507.75,0.005217435,0.000778515
1508,0.004393125,0.00029607
1508.25,0.004885155,0.00072207
1508.5,0.004981005,0.000799815
1508.75,0.004031025,-0.000165075
1509,0.00419823,-0.00033228
1509.25,0.004516665,5.2185e-05
1509.5,0.004919235,0.00059427
1509.75,0.004422945,0.00022791
1510,0.00506727,0.00080088
1510.25,0.00488835,0.00074976
1510.5,0.003632715,-0.000369555
1510.75,0.00415563,7.455e-06
1511,0.003952215,-0.00021939
1511.25,0.004661505,0.00060492
1511.5,0.005242995,0.001208775
1511.75,0.0048777,0.00089673
1512,0.004109835,0.00016827
1512.25,0.004148175,9.372e-05
1512.5,0.003739215,-0.00042387
1512.75,0.00416415,0.00024708
1513,0.00480954,0.001255635
1513.25,0.004655115,0.00122262
1513.5,0.00429408,0.000469665
1513.75,0.004195035,0.00011928
1514,0.004473,0.000182115
1514.25,0.00431112,4.473e-05
1514.5,0.004350525,0.00025986
1514.75,0.004686,0.001106535
1515,0.004731795,0.00134616
1515.25,0.0042387,0.00043878
1515.5,0.00414711,5.2185e-05
1515.75,0.00362952,-0.000348255
1516,0.003675315,-7.7745e-05
1516.25,0.00464553,0.001564485
1516.5,0.003926655,0.000578295
1516.75,0.004318575,0.001251375
1517,0.0040257,0.000226845
1517.25,0.003432495,-0.000825375
1517.5,0.004180125,8.6265e-05
1517.75,0.004672155,0.001027725
1518,0.0044517,0.00063261
1518.25,0.00422379,0.0015336
1518.5,0.003132165,0.000213
1518.75,0.002665695,-0.000424935
1519,0.00306081,0.00020022
1519.25,0.008293155,0.00066882
1519.5,0.026802855,0.000642195
1519.75,0.02857608,0.001178955
1520,0.022679175,0.000431325
1520.25,0.023533305,-0.00027477
1520.5,0.02214348,2.769e-05
1520.75,0.023643,-0.00045582
1521,0.02641839,0.000818985
1521.25,0.02689977,0.00123327
1521.5,0.027648465,0.00087117
1521.75,0.02618835,-0.000320565
1522,0.027286365,-5.538e-05
1522.25,0.027674025,0.000505875
1522.5,0.02472291,0.0007242
1522.75,0.025848615,0.001573005
1523,0.025250085,0.001255635
1523.25,0.026234145,0.001034115
1523.5,0.027806085,0.001059675
1523.75,0.02930454,0.00079023
1524,0.01920621,0.000942525
1524.25,0.00522915,0.001920195
1524.5,0.018551235,0.00198516
1524.75,0.043363605,0.003619935
1525,0.04358832,0.002942595
1525.25,0.042368895,0.001434555
1525.5,0.05924169,0.00179346
1525.75,0.066007635,0.002846745
1526,0.07113774,0.00347616
1526.25,0.07307817,0.00356988
1526.5,0.073760835,0.00457098
1526.75,0.077950545,0.004322835
1527,0.069328305,0.002844615
1527.25,0.062835,0.001577265
1527.5,0.053917755,0.001734885
1527.75,0.04392273,0.001164045
1528,0.047736495,0.001276935
1528.25,0.044330625,0.000804075
1528.5,0.046937745,0.00092442
1528.75,0.04675989,0.002382405
1529,0.026312955,0.001066065
1529.25,0.025582365,-0.001106535
1529.5,0.025974285,-0.001076715
1529.75,0.01688238,0.00010437
1530,0.016823805,-1.5975e-05
1530.25,0.015648045,-0.00031311
1530.5,0.005240865,0.001754055
1530.75,0.005168445,0.001242855
1531,0.004256805,5.4315e-05
1531.25,0.005187615,0.000358905
1531.5,0.006535905,0.001259895
1531.75,0.00564876,0.001151265
1532,0.00606198,0.00157407
1532.25,0.006224925,0.002214135
1532.5,0.006026835,0.00155064
1532.75,0.005002305,-0.00055167
1533,0.0064326,0.000789165
1533.25,0.00673932,0.00115233
1533.5,0.00638148,0.00105009
1533.75,0.00626859,0.001202385
1534,0.006842625,0.002090595
1534.25,0.005982105,0.00129078
1534.5,0.00487557,-0.00025134
1534.75,0.00562746,0.000725265
1535,0.005805315,0.00125457
1535.25,0.00620895,0.001000035
1535.5,0.00669459,0.002280165
1535.75,0.00611523,0.001809435
1536,0.00599595,0.000422805
1536.25,0.0055806,0.00044517
1536.5,0.00520359,0.00033015
1536.75,0.005072595,0.00032802
1537,0.005997015,0.00113316
1537.25,0.00604494,0.001317405
1537.5,0.005658345,0.000938265
1537.75,0.00535908,0.00028755
1538,0.00544854,0.0005112
1538.25,0.00514395,-0.00018744
1538.5,0.00622386,0.00206823
1538.75,0.005847915,0.00128652
1539,0.005477295,0.00123327
1539.25,0.006028965,0.00173595
1539.5,0.00495651,-0.000175725
1539.75,0.004968225,0.000312045
1540,0.005811705,0.00121197
1540.25,0.005673255,0.0017466
1540.5,0.005038515,0.000821115
1540.75,0.00544002,0.001694415
1541,0.004987395,0.000595335
1541.25,0.00472221,6.177e-05
1541.5,0.00518016,4.26e-05
1541.75,0.006491175,0.00243459
1542,0.00623025,0.002084205
1542.25,0.005534805,0.00077532
1542.5,0.005008695,0.00068373
1542.75,0.004280235,0.00045582
1543,0.00322482,0.000124605
1543.25,0.021041205,0.002833965
1543.5,0.028487685,0.005620005
1543.75,0.033139605,0.004295145
1544,0.040130265,0.00373602
1544.25,0.049789815,0.0024069
1544.5,0.05366322,0.002141715
1544.75,0.06323757,0.003130035
1545,0.071756505,0.003943695
1545.25,0.07333164,0.00381909
1545.5,0.073307145,0.00295005
1545.75,0.086072235,0.003042705
1546,0.095951175,0.00417906
1546.25,0.095983125,0.00379566
1546.5,0.089886,0.003805245
1546.75,0.09286374,0.004156695
1547,0.093476115,0.00318222
1547.25,0.097131195,0.00361248
1547.5,0.09900879,0.004248285
1547.75,0.101793765,0.00538251
1548,0.099631815,0.004991655
1548.25,0.100211175,0.005579535
1548.5,0.09603318,0.004555005
1548.75,0.10093005,0.004297275
1549,0.09825051,0.00442188
1549.25,0.096933105,0.00472008
1549.5,0.09544956,0.00457737
1549.75,0.09066345,0.00568497
1550,0.089987175,0.00559125
1550.25,0.0860946,0.00773403
1550.5,0.085017885,0.006478395
1550.75,0.090014865,0.006105645
1551,0.090749715,0.007232415
1551.25,0.09529194,0.00819837
1551.5,0.089390775,0.007858635
1551.75,0.10148172,0.00937626
1552,0.099152565,0.00793212
1552.25,0.090170355,0.00560403
1552.5,0.055040265,0.0024708
1552.75,0.036061965,0.00072207
1553,0.02317014,0.00099471
1553.25,0.03087222,0.00129078
1553.5,0.03085305,0.001074585
1553.75,0.02724483,0.00071355
1554,0.01782597,0.001751925
1554.25,0.016331775,0.00202137
1554.5,0.01016436,0.0019809
1554.75,0.018883515,0.002446305
1555,0.019562985,0.00123114
1555.25,0.02371755,0.001321665
1555.5,0.024534405,0.001521885
1555.75,0.00933792,0.00054102
1556,0.006356985,0.00044091
1556.25,0.006056655,0.000480315
1556.5,0.006354855,0.00067308
1556.75,0.00708438,0.00128013
1557,0.00722709,0.000925485
1557.25,0.0076254,0.001106535
1557.5,0.0060066,-0.000633675
1557.75,0.006827715,0.000194895
1558,0.007309095,0.000840285
1558.25,0.00721431,0.0014271
1558.5,0.00608541,0.000459015
1558.75,0.00716958,0.001662465
1559,0.006578505,0.00106926
1559.25,0.00660513,0.000699705
1559.5,0.00592353,-0.00046434
1559.75,0.006606195,0.000848805
1560,0.00648159,0.00150591
1560.25,0.006601935,0.001826475
1560.5,0.005709465,0.000463275
1560.75,0.005890515,0.000516525
1561,0.00605346,0.00032163
1561.25,0.00587241,0.00024282
1561.5,0.00621321,0.000676275
1561.75,0.00719301,0.00189357
1562,0.006883095,0.001521885
1562.25,0.00608115,0.001085235
1562.5,0.00593418,0.000137385
1562.75,0.00604281,0.000459015
1563,0.00531009,-0.00011076
1563.25,0.005726505,0.0004047
1563.5,0.006082215,0.001004295
1563.75,0.005556105,0.0003834
1564,0.005490075,0.000148035
1564.25,0.00517377,9.4785e-05
1564.5,0.004778655,-0.000254535
1564.75,0.005539065,0.00070503
1565,0.00560616,0.000863715
1565.25,0.00535695,0.000584685
1565.5,0.00533778,0.000130995
1565.75,0.005579535,0.000199155
1566,0.00551457,1.491e-05
1566.25,0.005404875,0.0002556
1566.5,0.005487945,0.00164862
1566.75,0.004473,0.001149135
1567,0.004812735,0.00086265
1567.25,0.05110722,0.003168375
1567.5,0.05496039,0.00232596
1567.75,0.056863545,0.00198516
1568,0.056550435,0.00208527
1568.25,0.057200085,0.00314175
1568.5,0.054213825,0.00244737
1568.75,0.05968899,0.00159324
1569,0.065556075,0.001960665
1569.25,0.06598527,0.003245055
1569.5,0.072257055,0.002795625
1569.75,0.08510841,0.00317583
1570,0.08547264,0.00308637
1570.25,0.09669348,0.0035997
1570.5,0.098068395,0.00312897
1570.75,0.08911281,0.00427704
1571,0.087216045,0.00441123
1571.25,0.09207564,0.003967125
1571.5,0.092204505,0.005064075
1571.75,0.089855115,0.004450635
1572,0.085282005,0.003624195
1572.25,0.06011073,0.004031025
1572.5,0.05674533,0.005115195
1572.75,0.059002065,0.004550745
1573,0.05881356,0.00444531
1573.25,0.058955205,0.00498207
1573.5,0.063805215,0.00361674
1573.75,0.06668178,0.003994815
1574,0.076323225,0.00605772
1574.25,0.074090985,0.006052395
1574.5,0.07390674,0.00577656
1574.75,0.076331745,0.00562533
1575,0.0731655,0.004601865
1575.25,0.07651173,0.001937235
1575.5,0.07278423,0.000346125
1575.75,0.06904182,-0.000972345
1576,0.061847745,-0.00172956
1576.25,0.06420885,-0.00130782
1576.5,0.06405123,-0.00141645
1576.75,0.063967095,-0.0008733
1577,0.061939335,7.455e-06
1577.25,0.054494985,-0.00041109
1577.5,0.051992235,0.00070503
1577.75,0.04863642,0.001004295
1578,0.046818465,0.0012354
1578.25,0.046245495,0.00060279
1578.5,0.042641535,0.000723135
1578.75,0.04072986,0.000757215
1579,0.035465565,0.000126735
1579.25,0.022493865,-8.2005e-05
1579.5,0.023367165,0.00053463
1579.75,0.022819755,0.00154425
1580,0.02280804,0.001115055
1580.25,0.023313915,0.00094146
1580.5,0.02322126,0.00175512
1580.75,0.019396845,0.000337605
1581,0.00666051,4.3665e-05
1581.25,0.00675849,0.00014058
1581.5,0.00642834,0.00014058
1581.75,0.007977915,0.001336575
1582,0.00704604,0.000997905
1582.25,0.00644538,7.7745e-05
1582.5,0.006016185,-0.00032802
1582.75,0.006486915,0.00019383
1583,0.0066243,0.000254535
1583.25,0.00700131,0.001191735
1583.5,0.007319745,0.001702935
1583.75,0.007076925,0.001172565
1584,0.005967195,-0.000205545
1584.25,0.005751,-0.00066243
1584.5,0.00605346,0.00028116
1584.75,0.006495435,0.001198125
1585,0.006395325,0.00103731
1585.25,0.006050265,0.00047925
1585.5,0.00667755,0.00086691
1585.75,0.005841525,-0.000295005
1586,0.00587454,-0.0004473
1586.25,0.00661365,0.000616635
1586.5,0.0067521,0.001153395
1586.75,0.006261135,0.000544215
1587,0.00663069,-6.603e-05
1587.25,0.005784015,0.00027477
1587.5,0.005539065,-0.00041535
1587.75,0.005884125,0.00022365
1588,0.006327165,0.00109056
1588.25,0.006599805,0.001270545
1588.5,0.005720115,0.000386595
1588.75,0.00541659,0.000256665
1589,0.005958675,0.00011502
1589.25,0.005511375,-0.00059853
1589.5,0.00643047,0.000556995
1589.75,0.00634527,0.001087365
1590,0.006719085,0.00157833
1590.25,0.00587028,-0.000122475
1590.5,0.005360145,8.52e-06
1590.75,0.005006565,0.000295005
1591,0.004831905,0.00020448
1591.25,0.00535695,0.001257765
1591.5,0.005632785,0.001436685
1591.75,0.00580638,0.00132912
1592,0.004190775,-0.00040896
1592.25,0.0043665,0.00029394
1592.5,0.02050977,0.00500124
1592.75,0.03147075,0.00582768
1593,0.033416505,0.005624265
1593.25,0.043580865,0.00482232
1593.5,0.04578435,0.00348681
1593.75,0.045689565,0.00251979
1594,0.043974915,0.00374241
1594.25,0.024971055,0.0028755
1594.5,0.01894209,0.00165075
1594.75,0.020491665,0.001715715
1595,0.022265955,0.002171535
1595.25,0.023294745,0.00091377
1595.5,0.02451204,-0.000182115
1595.75,0.034487895,0.000248145
1596,0.039998205,4.899e-05
1596.25,0.043144215,-0.00098619
1596.5,0.04136886,-0.001012815
1596.75,0.042890745,-0.000748695
1597,0.03655506,-0.001406865
1597.25,0.03515991,-0.00199581
1597.5,0.03946251,-0.001193865
1597.75,0.040579695,-0.000403635
1598,0.041604225,-0.00085413
1598.25,0.040705365,-0.001820085
1598.5,0.041480685,-0.00083922
1598.75,0.040324095,-0.001330185
1599,0.038439045,-0.001445205
1599.25,0.03934323,-0.001890375
1599.5,0.033900015,-0.000853065
1599.75,0.03604812,-0.000497355
1600,0.03106392,0.00114381
1600.25,0.030824295,0.00094359
1600.5,0.03109161,0.000233235
1600.75,0.02894883,-0.000784905
1601,0.0313749,-6.0705e-05
1601.25,0.03175617,0.00058575
1601.5,0.03230571,0.000431325
1601.75,0.03193083,6.177e-05
1602,0.032990505,0.000576165
1602.25,0.02067591,0.000870105
1602.5,0.00473073,0.000437715
1602.75,0.004744575,-7.9875e-05
1603,0.00526323,0.000158685
1603.25,0.007372995,0.00141219
1603.5,0.00705243,0.001191735
1603.75,0.006900135,0.000646455
1604,0.008018385,0.00113103
1604.25,0.007324005,0.00044091
1604.5,0.006802155,-2.13e-06
1604.75,0.00651141,-0.000216195
1605,0.010729875,0.001253505
1605.25,0.01429656,0.001149135
1605.5,0.007954485,0.00072207
1605.75,0.008195175,0.001183215
1606,0.0076467,0.000531435
1606.25,0.007251585,-3.3015e-05
1606.5,0.006817065,-5.0055e-05
1606.75,0.007882065,0.00159537
1607,0.0080088,0.001705065
1607.25,0.007696755,0.00093507
1607.5,0.008046075,0.00143775
1607.75,0.00792999,0.00070503
1608,0.006795765,5.112e-05
1608.25,0.00695232,0.000118215
1608.5,0.007692495,0.00175725
1608.75,0.007724445,0.002241825
1609,0.007309095,0.00143136
1609.25,0.007064145,0.000804075
1609.5,0.00741027,0.000582555
1609.75,0.007036455,0.000148035
1610,0.007113135,0.00011289
1610.25,0.00775107,0.001330185
1610.5,0.00804714,0.001278
1610.75,0.00761475,0.000482445
1611,0.006787245,0.000352515
1611.25,0.006946995,0.00032589
1611.5,0.00687777,0.000386595
1611.75,0.00711633,0.000697575
1612,0.00731229,0.00137385
1612.25,0.00765948,0.00182967
1612.5,0.006738255,0.000861585
1612.75,0.00614292,-0.000299265
1613,0.00679683,0.000565515
1613.25,0.006608325,0.000603855
1613.5,0.007119525,0.00092442
1613.75,0.007430505,0.00171678
1614,0.008237775,0.002237565
1614.25,0.007272885,-0.00031311
1614.5,0.006814935,0.000105435
1614.75,0.00676062,0.00084135
1615,0.007053495,0.00137598
1615.25,0.007136565,0.00120771
1615.5,0.008340015,0.0013632
1615.75,0.007562565,0.000426
1616,0.005311155,-0.000552735
1616.25,0.00545067,0.00047925
1616.5,0.00605346,0.001634775
1616.75,0.006286695,0.00111612
1617,0.006908655,0.00087117
1617.25,0.00750612,0.000887145
1617.5,0.007185555,-0.000299265
1617.75,0.00766374,0.00018744
1618,0.008167485,0.001607085
1618.25,0.007711665,0.001992615
1618.5,0.00505023,0.000748695
1618.75,0.00435798,-0.00056871
1619,0.006054525,0.000456885
1619.25,0.00558486,0.000226845
1619.5,0.006719085,0.00064326
1619.75,0.00688629,0.001268415
1620,0.018267945,-0.000148035
1620.25,0.01873548,-0.0001491
1620.5,0.016787595,-5.964e-05
1620.75,0.01765131,0.001072455
1621,0.01650111,0.00040257
1621.25,0.015256125,0.00041109
1621.5,0.01686747,0.00043878
1621.75,0.018523545,-6.7095e-05
1622,0.01669281,0.00012141
1622.25,0.01621356,0.000701835
1622.5,0.01798359,0.001311015
1622.75,0.015430785,0.00025773
1623,0.00649437,-0.000650715
1623.25,0.006452835,-0.00022152
1623.5,0.00534204,-0.00053037
1623.75,0.00662217,0.00034506
1624,0.006212145,0.00065178
1624.25,0.00612375,-0.0001065
1624.5,0.005206785,-0.00071355
1624.75,0.00535482,-0.00025347
1625,0.010853415,0.000207675
1625.25,0.015462735,0.00058362
1625.5,0.01668429,0.000465405
1625.75,0.017111355,0.00047499
1626,0.016721565,-0.000267315
1626.25,0.006158895,-0.000546345
1626.5,0.00575739,4.5795e-05
1626.75,0.00582768,0.000113955
1627,0.008216475,2.13e-05
1627.25,0.01853739,-1.8105e-05
1627.5,0.01968759,-0.00010224
1627.75,0.019373415,-0.000748695
1628,0.014010075,0.00018105
1628.25,0.008254815,0.0005112
1628.5,0.0071355,0.000497355
1628.75,0.0060705,-0.000784905
1629,0.00612801,-0.00070929
1629.25,0.007030065,2.769e-05
1629.5,0.00689481,0.000363165
1629.75,0.006723345,7.7745e-05
1630,0.006486915,-6.0705e-05
1630.25,0.006693525,1.917e-05
1630.5,0.00558486,-0.000827505
1630.75,0.006069435,-0.000461145
1631,0.006273915,0.000885015
1631.25,0.006278175,0.00131208
1631.5,0.005649825,-0.000192765
1631.75,0.005298375,-0.0006177
1632,0.005202525,-8.733e-05
1632.25,0.005826615,0.000810465
1632.5,0.00540594,0.00053889
1632.75,0.0053889,0.00058788
1633,0.005309025,8.6265e-05
1633.25,0.00474351,-0.000527175
1633.5,0.00516312,-0.00044304
1633.75,0.006512475,0.00153999
1634,0.005837265,0.000554865
1634.25,0.00549114,-5.325e-06
1634.5,0.005375055,-5.538e-05
1634.75,0.005338845,2.2365e-05
1635,0.004672155,-0.00024282
1635.25,0.00523767,0.000689055
1635.5,0.00568071,0.00131208
1635.75,0.00486492,-0.000252405
1636,0.00447513,-0.00049203
1636.25,0.00492669,4.7925e-05
1636.5,0.00492243,0.000667755
1636.75,0.004580565,0.00053889
1637,0.0049416,0.00027477
1637.25,0.004993785,-0.000295005
1637.5,0.00495225,-7.3485e-05
1637.75,0.00463275,-0.00025347
1638,0.00567432,0.000844545
1638.25,0.0056232,0.00117363
1638.5,0.004316445,1.5975e-05
1638.75,0.003428235,-0.000480315
1639,0.005752065,-9.372e-05
1639.25,0.006408105,-8.946e-05
1639.5,0.006410235,0.000152295
1639.75,0.010244235,-0.000897795
1640,0.010365645,-0.001698675
1640.25,0.01085448,-0.00179772
1640.5,0.016608675,-0.0025986
1640.75,0.016753515,-0.00175512
1641,0.02106783,-0.001200255
1641.25,0.02087826,-0.00313749
1641.5,0.023183985,-0.00318861
1641.75,0.02281017,-0.002802015
1642,0.02703822,-0.003941565
1642.25,0.025403445,-0.003319605
1642.5,0.02528949,-0.001240725
1642.75,0.02404983,-0.002982
1643,0.026204325,-0.00384891
1643.25,0.027544095,-0.00292449
1643.5,0.0325251,-0.001596435
1643.75,0.03323013,-0.0020661
1644,0.03189888,-0.00216195
1644.25,0.040189905,-0.00177003
1644.5,0.044763015,-0.001536795
1644.75,0.04095138,-0.001964925
1645,0.04315806,-0.001153395
1645.25,0.04566294,-0.002853135
1645.5,0.047798265,-0.00408747
1645.75,0.05183355,-0.0047925
1646,0.04685148,-0.003558165
1646.25,0.04683231,-0.00491817
1646.5,0.05024883,-0.004244025
1646.75,0.04797825,-0.00352941
1647,0.04546059,-0.00391707
1647.25,0.045010095,-0.00567006
1647.5,0.040716015,-0.005012955
1647.75,0.04348182,-0.00531222
1648,0.04244664,-0.004497495
1648.25,0.03892149,-0.004031025
1648.5,0.036962955,-0.00288189
1648.75,0.03033972,-0.001543185
1649,0.023463015,-0.001242855
1649.25,0.024530145,-0.00096276
1649.5,0.022210575,-0.000821115
1649.75,0.02320848,-0.000878625
1650,0.0236856,-0.000627285
1650.25,0.02730021,-0.00029607
1650.5,0.01828818,0.000105435
1650.75,0.01184706,-0.000721005
1651,0.01075437,-0.00046008
1651.25,0.011402955,-0.00013419
1651.5,0.0130569,-2.4495e-05
1651.75,0.014039895,0.000280095
1652,0.01482693,-5.538e-05
1652.25,0.012977025,-0.00089247
1652.5,0.00941886,-0.00031311
1652.75,0.00710355,0.00071568
1653,0.00642834,0.000490965
1653.25,0.00681387,0.000429195
1653.5,0.00675849,0.000437715
1653.75,0.005811705,8.52e-05
1654,0.00560403,-0.000109695
1654.25,0.006271785,0.00064752
1654.5,0.007047105,0.001059675
1654.75,0.00592992,0.000584685
1655,0.00603429,-4.5795e-05
1655.25,0.00606198,0.00019596
1655.5,0.006520995,0.00067947
1655.75,0.00697149,0.000878625
1656,0.00653697,0.00075189
1656.25,0.005990625,0.00064539
1656.5,0.00614505,0.0005964
1656.75,0.0056658,-8.52e-05
1657,0.00592353,0.000171465
1657.25,0.006601935,0.001939365
1657.5,0.00716745,0.001600695
1657.75,0.00564024,0.000260925
1658,0.00604281,-5.751e-05
1658.25,0.006584895,0.000657105
1658.5,0.006836235,0.001519755
1658.75,0.006410235,0.001170435
1659,0.005871345,0.001098015
1659.25,0.005803185,0.00031737
1659.5,0.00593205,0.00035145
1659.75,0.005588055,-0.00010863
1660,0.005541195,0.001034115
1660.25,0.00627072,0.002403705
1660.5,0.00611736,0.000946785
1660.75,0.00535056,-0.00018531
1661,0.005705205,3.195e-05
1661.25,0.00616848,0.00088182
1661.5,0.006929955,0.000827505
1661.75,0.00612588,0.00111612
1662,0.006974685,0.00089034
1662.25,0.00646668,0.00107352
1662.5,0.005012955,0.00032589
1662.75,0.004182255,0.000275835
1663,0.004612515,0.00111612
1663.25,0.00460506,0.001730625
1663.5,0.02026056,0.00038553
1663.75,0.02692107,-0.000290745
1664,0.025537635,-0.000752955
1664.25,0.027541965,0.00032376
1664.5,0.028059555,-0.000844545
1664.75,0.0335262,-0.001771095
1665,0.03717702,-0.002056515
1665.25,0.037972575,-0.002329155
1665.5,0.04037415,-0.003950085
1665.75,0.04237422,-0.00281373
1666,0.04330716,-0.00406191
1666.25,0.04245729,-0.003741345
1666.5,0.036059835,-0.00524619
1666.75,0.038117415,-0.00542937
1667,0.05081328,-0.005875605
1667.25,0.05023818,-0.004207815
1667.5,0.04937127,-0.00367638
1667.75,0.050379825,-0.00335262
1668,0.048345675,-0.005809575
1668.25,0.04604847,-0.004454895
1668.5,0.053547135,-0.00466257
1668.75,0.054742065,-0.00456459
1669,0.04834674,-0.003528345
1669.25,0.047457465,-0.00432603
1669.5,0.04739037,-0.005066205
1669.75,0.056554695,-0.005909685
1670,0.06162729,-0.002765805
1670.25,0.085228755,0.00077745
1670.5,0.086163825,0.002047995
1670.75,0.08320632,0.003100215
1671,0.0832191,0.002158755
1671.25,0.07808154,0.002065035
1671.5,0.068384715,0.000177855
1671.75,0.060497325,-7.455e-05
1672,0.059745435,-0.000510135
1672.25,0.059589945,0.000145905
1672.5,0.05077068,-0.000301395
1672.75,0.05198265,-0.00160176
1673,0.045868485,-0.000367425
1673.25,0.03394155,0.000689055
1673.5,0.027846555,-0.001000035
1673.75,0.01871631,-0.00140154
1674,0.017946315,-0.00164223
1674.25,0.015539415,-0.001651815
1674.5,0.01099506,-0.001692285
1674.75,0.01223685,-0.000727395
1675,0.01497177,-0.000874365
1675.25,0.01652454,-0.00139089
1675.5,0.017471325,-0.00146118
1675.75,0.016734345,-0.001351485
1676,0.0121197,-0.001251375
1676.25,0.00811956,-0.000329085
1676.5,0.006633885,0.000410025
1676.75,0.005905425,0.00030885
1677,0.006024705,-0.00067095
1677.25,0.00581277,-0.000548475
1677.5,0.006636015,0.000471795
1677.75,0.006482655,0.000375945
1678,0.00565089,-5.964e-05
1678.25,0.00558912,-0.00072633
1678.5,0.006427275,-4.1535e-05
1678.75,0.00618339,0.000133125
1679,0.006587025,0.000267315
1679.25,0.00615144,0.000182115
1679.5,0.006895875,-6.9225e-05
1679.75,0.006190845,-0.000476055
1680,0.00570627,-0.00051972
1680.25,0.00565302,0.000209805
1680.5,0.00674571,0.0009159
1680.75,0.0052611,-0.00015549
1681,0.0054741,-0.000814725
1681.25,0.00536334,-0.000618765
1681.5,0.006450705,0.00090951
1681.75,0.006094995,0.000537825
1682,0.007096095,0.000145905
1682.25,0.006003405,-0.000399375
1682.5,0.005626395,-6.9225e-05
1682.75,0.006252615,-0.000497355
1683,0.00579999,0.000216195
1683.25,0.00619404,0.000706095
1683.5,0.00570414,-5.112e-05
1683.75,0.005513505,-0.00090099
1684,0.00524193,-0.000674145
1684.25,0.006014055,0.001142745
1684.5,0.005515635,0.00070929
1684.75,0.005654085,-0.000444105
1685,0.00497994,-0.00099897
1685.25,0.005641305,-0.0003195
1685.5,0.006120555,0.00069438
1685.75,0.00630906,-0.000152295
1686,0.006612585,0.000179985
1686.25,0.006152505,-0.000322695
1686.5,0.00580851,0.000326955
1686.75,0.00470943,-0.000220455
1687,0.003996945,0.00032163
1687.25,0.015588405,0.00051759
1687.5,0.01922751,-0.00074124
1687.75,0.022770765,-0.0014271
1688,0.019452225,-0.000880755
1688.25,0.02245659,-0.00058575
1688.5,0.030479235,-0.00076467
1688.75,0.0369981,-0.00172317
1689,0.043163385,-0.00439206
1689.25,0.04073838,-0.00293514
1689.5,0.044262465,-0.002203485
1689.75,0.04957575,-0.00122901
1690,0.05539065,-0.00026625
1690.25,0.05787849,-0.00019383
1690.5,0.05293902,-0.00056232
1690.75,0.054490725,-0.00192126
1691,0.05985087,-0.00188505
1691.25,0.05931837,-0.0028968
1691.5,0.05411265,-0.00527601
1691.75,0.056703795,-0.00536334
1692,0.06209376,-0.00329298
1692.25,0.074638395,-0.002199225
1692.5,0.069136605,-0.00233235
1692.75,0.064697685,-0.00134829
1693,0.052761165,-0.000774255
1693.25,0.04431252,-0.00149313
1693.5,0.052056135,-0.003153465
1693.75,0.059402505,-0.00294366
1694,0.05979975,-0.00101388
1694.25,0.05884125,-0.000446235
1694.5,0.048021915,-0.00440271
1694.75,0.04796334,-0.00415776
1695,0.04946073,-0.00576591
1695.25,0.047872815,-0.00490965
1695.5,0.04599522,-0.004763745
1695.75,0.045774765,-0.00366573
1696,0.04601013,-0.00259647
1696.25,0.04361814,-0.00333984
1696.5,0.039082305,-0.00379353
1696.75,0.03677019,-0.003739215
1697,0.03431643,-0.000867975
1697.25,0.028749675,-0.00076893
1697.5,0.019903785,0.000772125
1697.75,0.02222442,0.0009585
1698,0.019345725,-0.00015762
1698.25,0.018745065,-0.000150165
1698.5,0.02028612,0.00125457
1698.75,0.01924029,0.00172956
1699,0.01567254,0.000748695
1699.25,0.007294185,-0.000450495
1699.5,0.005473035,-0.000290745
1699.75,0.00585537,-0.000450495
1700,0.00582768,-0.000171465
1700.25,0.00605559,0.00045156
1700.5,0.006276045,0.00056019
1700.75,0.005649825,-0.000424935
1701,0.00538677,-0.00087117
1701.25,0.00609606,-9.2655e-05
1701.5,0.00625368,0.00031524
1701.75,0.005920335,0.00024495
1702,0.00628776,0.00079662
1702.25,0.00603216,3.834e-05
1702.5,0.00482019,-0.000776385
1702.75,0.00503958,-0.00090099
1703,0.00656892,0.001185345
1703.25,0.006131205,0.00146118
1703.5,0.006425145,0.000571905
1703.75,0.005698815,-0.00085413
1704,0.004946925,-0.000552735
1704.25,0.00586389,-7.881e-05
1704.5,0.00566367,0.00052611
1704.75,0.005142885,0.00036849
1705,0.005620005,0.000452625
1705.25,0.005673255,7.1355e-05
1705.5,0.005093895,-0.00079023
1705.75,0.00532287,-0.000842415
1706,0.005992755,0.00036636
1706.25,0.00608754,0.001308885
1706.5,0.00593418,5.8575e-05
1706.75,0.00539742,-0.001008555
1707,0.00548475,-0.000354645
1707.25,0.005515635,0.0002343
1707.5,0.00556569,0.00030885
1707.75,0.00572544,0.00043026
1708,0.005089635,-4.1535e-05
1708.25,0.00521211,-7.7745e-05
1708.5,0.00457098,-0.000684795
1708.75,0.00449004,-0.00026199
1709,0.00500976,0.00028116
1709.25,0.005784015,0.00112677
1709.5,0.005268555,-3.408e-05
1709.75,0.00483084,-0.00096702
1710,0.005253645,-0.001138485
1710.25,0.005628525,0.00020235
1710.5,0.00622599,0.00116937
1710.75,0.004691325,9.798e-05
1711,0.003783945,-0.000529305
1711.25,0.005142885,-0.00030246
1711.5,0.01380879,-0.000122475
1711.75,0.01170435,0.00022578
1712,0.016035705,7.1355e-05
1712.25,0.01742766,-0.00185949
1712.5,0.021245685,-0.003134295
1712.75,0.02570484,-0.00343356
1713,0.024960405,-0.00273066
1713.25,0.02853774,-0.002171535
1713.5,0.027486585,-0.00310767
1713.75,0.028568625,-0.00485853
1714,0.02741949,-0.005038515
1714.25,0.03071034,-0.00388299
1714.5,0.02968155,-0.00309063
1714.75,0.02892966,-0.00350172
1715,0.034513455,-0.003777555
1715.25,0.0349107,-0.003095955
1715.5,0.025220265,-0.0029607
1715.75,0.034709415,-0.002126805
1716,0.04274697,-0.00230679
1716.25,0.040477455,-0.00313749
1716.5,0.03237174,-0.003558165
1716.75,0.03427809,-0.0049629
1717,0.03464871,-0.00380205
1717.25,0.0360822,-0.004154565
1717.5,0.03141324,-0.00394902
1717.75,0.039088695,-0.00641556
1718,0.04005891,-0.00499059
1718.25,0.038879955,-0.00617061
1718.5,0.04045296,-0.007992825
1718.75,0.040174995,-0.00772551
1719,0.038979,-0.005157795
1719.25,0.04483224,-0.004851075
1719.5,0.041817225,-0.004082145
1719.75,0.037137615,-0.003464445
1720,0.0301608,-0.00378501
1720.25,0.02346834,-0.003308955
1720.5,0.02323617,-0.002158755
1720.75,0.024293715,-0.00166353
1721,0.02223507,-0.001313145
1721.25,0.021910245,-0.002716815
1721.5,0.0187866,-0.002422875
1721.75,0.016906875,-0.00181263
1722,0.015873825,-0.001268415
1722.25,0.01502928,-0.00094572
1722.5,0.01371081,-0.00101814
1722.75,0.008810745,-0.000571905
1723,0.009701085,-0.001149135
1723.25,0.01023465,-0.001123575
1723.5,0.010627635,-0.00053037
1723.75,0.011134575,3.408e-05
1724,0.012284775,-0.0005325
1724.25,0.005502855,-0.00054954
1724.5,0.005398485,-0.000378075
1724.75,0.00547197,-3.195e-05
1725,0.00593844,0.00037488
1725.25,0.00564663,0.00030672
1725.5,0.005362275,-9.4785e-05
1725.75,0.00571266,-0.00014058
1726,0.00539316,-0.00018744
1726.25,0.00537399,-0.000260925
1726.5,0.00563172,0.000473925
1726.75,0.00596613,0.000644325
1727,0.006177,-1.491e-05
1727.25,0.005098155,-0.000872235
1727.5,0.0056658,-0.00071142
1727.75,0.006480525,0.001044765
1728,0.006205755,0.001338705
1728.25,0.005558235,0.000150165
1728.5,0.00470091,-0.001004295
1728.75,0.00552096,-1.278e-05
1729,0.00529731,-0.00032163
1729.25,0.00576378,0.00034506
1729.5,0.006222795,0.000695445
1729.75,0.005700945,2.769e-05
1730,0.005234475,-0.000810465
1730.25,0.005191875,-0.00071781
1730.5,0.00582768,0.0003834
1730.75,0.006533775,0.00147609
1731,0.005496465,6.4965e-05
1731.25,0.004831905,-0.000865845
1731.5,0.004927755,-0.000678405
1731.75,0.005383575,-0.00010863
1732,0.006131205,0.001383435
1732.25,0.005509245,0.00060066
1732.5,0.00449217,-0.000563385
1732.75,0.0047073,-0.00068373
1733,0.004846815,-0.00048564
1733.25,0.00550605,0.00057084
1733.5,0.005696685,0.00024921
1733.75,0.005530545,-2.769e-05
1734,0.00537399,-0.000870105
1734.25,0.00564237,9.9045e-05
1734.5,0.00451773,-0.000970215
1734.75,0.004401645,0.00059001
1735,0.004503885,0.000793425
1735.25,0.00409386,0.000335475
1735.5,0.009432705,-0.00062835
1735.75,0.00947424,-0.00097128
1736,0.01008768,-0.0004686
1736.25,0.011871555,0.00012354
1736.5,0.012721425,-0.00031737
1736.75,0.01051794,-0.000840285
1737,0.01387908,-0.00176151
1737.25,0.01477794,-0.001977705
1737.5,0.01688451,-0.001704
1737.75,0.016776945,-0.00205758
1738,0.01641378,-0.002145975
1738.25,0.016027185,-0.002603925
1738.5,0.01889097,-0.003553905
1738.75,0.018419175,-0.003538995
1739,0.01928715,-0.00336327
1739.25,0.0229401,-0.00312897
1739.5,0.02418189,-0.004158825
1739.75,0.02757285,-0.004872375
1740,0.02958783,-0.004740315
1740.25,0.0287124,-0.00345273
1740.5,0.029652795,-0.00436437
1740.75,0.034296195,-0.00256239
1741,0.039444405,-0.001988355
1741.25,0.039727695,-0.00275196
1741.5,0.039186675,-0.0033867
1741.75,0.04397598,-0.002612445
1742,0.040709625,-0.00102879
1742.25,0.03882351,-0.0018957
1742.5,0.042341205,-0.00299052
1742.75,0.04259361,-0.00318222
1743,0.04078098,-0.00305442
1743.25,0.042145245,-0.00263481
1743.5,0.038255865,-0.00277326
1743.75,0.03862116,-0.001886115
1744,0.034581615,-0.00351876
1744.25,0.028632525,-0.00408108
1744.5,0.02719584,-0.004209945
1744.75,0.020613075,-0.00135255
1745,0.022042305,-0.000895665
1745.25,0.01882068,-0.00128865
1745.5,0.015697035,-0.002005395
1745.75,0.0158685,-0.00191487
1746,0.014208165,-0.00248571
1746.25,0.01362561,-0.001485675
1746.5,0.00917817,-0.000569775
1746.75,0.007660545,-0.000235365
1747,0.00723348,-0.001941495
1747.25,0.007428375,-0.00169122
1747.5,0.007013025,-0.000450495
1747.75,0.006919305,0.000326955
1748,0.00702687,-0.000199155
1748.25,0.00653697,-0.000539955
1748.5,0.00727395,-0.00033654
1748.75,0.007023675,-0.000663495
1749,0.00699066,-0.00077319
1749.25,0.007349565,-0.000188505
1749.5,0.007643505,0.000503745
1749.75,0.007215375,-0.000420675
1750,0.006431535,-0.00104583
1750.25,0.00667329,-0.00113316
1750.5,0.00671802,-0.00015549
1750.75,0.00737832,0.000550605
1751,0.007219635,-0.00029607
1751.25,0.00643047,-0.001115055
1751.5,0.00704391,-0.000776385
1751.75,0.007059885,-0.00084987
1752,0.007394295,-6.4965e-05
1752.25,0.00719514,0.000190635
1752.5,0.00684369,-0.000139515
1752.75,0.00631545,-0.00044304
1753,0.006214275,-0.001600695
1753.25,0.00680535,-0.000435585
1753.5,0.007999215,0.000416415
1753.75,0.00739536,0.00024495
1754,0.006572115,-0.00114381
1754.25,0.006425145,-0.001232205
1754.5,0.00661365,-0.000797685
1754.75,0.00756363,0.00050055
1755,0.006640275,-3.3015e-05
1755.25,0.006501825,-0.000665625
1755.5,0.006190845,-0.001230075
1755.75,0.006687135,-0.000444105
1756,0.00619191,-0.00065391
1756.25,0.006567855,-7.881e-05
1756.5,0.006195105,8.094e-05
1756.75,0.00598956,-0.00034719
1757,0.0059427,-0.00115659
1757.25,0.005615745,-0.00114168
1757.5,0.00641556,-0.000414285
1757.75,0.007253715,0.00058149
1758,0.006659445,-0.00051972
1758.25,0.00626433,-0.001223685
1758.5,0.005362275,-0.00096063
1758.75,0.005850045,-0.00014484
1759,0.0059001,0.000186375
1759.25,0.005006565,-0.000271575
1759.5,0.005194005,-0.00107991
1759.75,0.005530545,-0.000301395
1760,0.00284355,-0.00051972
1760.25,0.00341439,0.00021939
1760.5,0.003671055,6.603e-05
1760.75,0.00444105,-0.000141645
1761,0.00416841,-0.000718875
1761.25,0.00439845,-0.00103305
1761.5,0.00514395,-0.00063474
1761.75,0.00617274,0.001061805
1762,0.00509922,0.00015549
1762.25,0.00469239,-0.000989385
1762.5,0.00289041,-0.001038375
1762.75,0.003225885,-0.00020235
1763,0.004701975,-9.0525e-05
1763.25,0.004271715,0.00010011
1763.5,0.005051295,-8.307e-05
1763.75,0.00527175,-0.00035571
1764,0.00477333,-0.00039618
1764.25,0.004812735,-0.00104796
1764.5,0.004757355,6.4965e-05
1764.75,0.005085375,0.000203415
1765,0.003982035,0.00066669
1765.25,0.002991585,-0.001264155
1765.5,0.004363305,-0.001072455
1765.75,0.005006565,-0.000167205
1766,0.0050694,0.000401505
1766.25,0.005421915,6.603e-05
1766.5,0.00520359,0.00027264
1766.75,0.005136495,-6.0705e-05
1767,0.00415563,-0.00089247
1767.25,0.00391281,-0.001215165
1767.5,0.00393837,0.00024921
1767.75,0.007355955,0
1768,0.01079484,-0.001481415
1768.25,0.010137735,-0.00277752
1768.5,0.00369981,-0.00104157
1768.75,0.004518795,-0.000490965
1769,0.00519933,0.000699705
1769.25,0.004565655,-2.6625e-05
1769.5,0.00494373,-0.000197025
1769.75,0.00469452,-0.000680535
1770,0.0050268,-0.00011502
1770.25,0.004361175,-0.00053037
1770.5,0.00434946,-4.047e-05
1770.75,0.00549966,0.00047499
1771,0.005564625,3.834e-05
1771.25,0.006280305,-0.00093294
1771.5,0.00606411,-0.00101601
1771.75,0.007081185,-7.3485e-05
1772,0.007304835,0.000301395
1772.25,0.007490145,-3.5145e-05
1772.5,0.006440055,-0.00113103
1772.75,0.006919305,-0.000678405
1773,0.00689907,-0.00092868
1773.25,0.00748269,-0.00010224
1773.5,0.007830945,0.00011715
1773.75,0.00805353,0.000299265
1774,0.006604065,-0.001127835
1774.25,0.00682878,-0.001628385
1774.5,0.00655401,-0.00078384
1774.75,0.00756789,0.00082857
1775,0.007332525,0.000145905
1775.25,0.00644751,-0.001080975
1775.5,0.006827715,-0.001236465
1775.75,0.00729951,-0.00050481
1776,0.006546555,-0.000301395
1776.25,0.00693102,1.065e-05
1776.5,0.006704175,8.946e-05
1776.75,0.006286695,-0.00035145
1777,0.00598956,-0.001206645
1777.25,0.0058149,-0.001172565
1777.5,0.007019415,0.000292875
1777.75,0.007762785,0.00086904
1778,0.0067095,-0.00094998
1778.25,0.006474135,-0.001208775
1778.5,0.00631545,-0.00108843
1778.75,0.007029,0.000216195
1779,0.00703752,0.00035358
1779.25,0.006576375,-0.00033015
1779.5,0.00580212,-0.00125883
1779.75,0.006139725,-0.000846675
1780,0.006508215,-0.000224715
1780.25,0.006482655,7.9875e-05
1780.5,0.005737155,-0.000139515
1780.75,0.00550179,-0.00094146
1781,0.00619404,-0.000488835
1781.25,0.005871345,-0.00072207
1781.5,0.006653055,-0.00056871
1781.75,0.00618978,-9.9045e-05
1782,0.00767439,0.000216195
1782.25,0.006205755,-0.000757215
1782.5,0.00544854,-0.001213035
1782.75,0.005108805,-0.001287585
1783,0.00557634,0.000661365
1783.25,0.005449605,0.00090525
1783.5,0.005145015,-0.000859455
1783.75,0.00478398,-0.001368525
1784,0.003668925,-0.00112251
1784.25,0.004188645,0.00060279
1784.5,0.004186515,0.00043665
1784.75,0.004235505,-0.00040044
1785,0.00468387,-0.00076254
1785.25,0.00459441,-0.00049842
1785.5,0.00586176,-0.000216195
1785.75,0.00654336,9.372e-05
1786,0.006512475,0.000395115
1786.25,0.00554439,0.00035571
1786.5,0.003858495,-0.000363165
1786.75,0.00383613,-0.000484575
1787,0.00422379,-0.00126735
1787.25,0.005042775,0.000201285
1787.5,0.005713725,0.00043026
1787.75,0.0058149,0.00072207
1788,0.004893675,-0.00093081
1788.25,0.00483723,-0.001262025
1788.5,0.00477759,-0.000488835
1788.75,0.00565941,0.001227945
1789,0.004148175,0.000597465
1789.25,0.004307925,-0.00043878
1789.5,0.004280235,-0.001115055
1789.75,0.004312185,-0.0005751
1790,0.00509496,0.00017466
1790.25,0.005249385,0.00022152
1790.5,0.004998045,0.000233235
1790.75,0.005611485,0.000738045
1791,0.00469665,-0.00037701
1791.25,0.00451134,-0.0012993
1791.5,0.003896835,-0.00081153
1791.75,0.00461358,0.00075189
1792,0.00494373,0.000991515
1792.25,0.004652985,6.2835e-05
1792.5,0.00397884,-0.00089247
1792.75,0.00461784,-0.00057084
1793,0.004529445,-0.00013845
1793.25,0.00554652,0.00018957
1793.5,0.005707335,0.000116085
1793.75,0.00539529,7.668e-05
1794,0.005151405,-0.000156555
1794.25,0.004921365,-0.00048351
1794.5,0.00498207,-0.000429195
1794.75,0.00530796,0.000356775
1795,0.00615144,0.000450495
1795.25,0.00588519,-0.000459015
1795.5,0.0061557,-0.001046895
1795.75,0.00618552,-0.000842415
1796,0.00677766,0.000343995
1796.25,0.00653271,-7.668e-05
1796.5,0.00692889,0.00011715
1796.75,0.00741879,8.4135e-05
1797,0.00725265,-0.000761475
1797.25,0.006655185,-0.00141006
1797.5,0.00687138,-0.00047286
1797.75,0.008041815,0.000818985
1798,0.007690365,0.00043878
1798.25,0.00619617,-0.00138024
1798.5,0.006058785,-0.001306755
1798.75,0.006665835,-0.000190635
1799,0.007400685,0.0005112
1799.25,0.00710142,-5.6445e-05
1799.5,0.006616845,-0.000936135
1799.75,0.006895875,-0.000480315
1800,0.006582765,-0.000565515
1800.25,0.006278175,-0.00075615
1800.5,0.006412365,-0.000111825
1800.75,0.00663708,0.000605985
1801,0.00639213,-0.00093933
1801.25,0.006073695,-0.00112677
1801.5,0.006094995,-0.00124605
1801.75,0.00759984,0.00055806
1802,0.007038585,0.0007455
1802.25,0.007076925,7.1355e-05
1802.5,0.006282435,-0.00132699
1802.75,0.00641769,-0.00124605
1803,0.00641982,-0.000537825
1803.25,0.00660087,-0.00016827
1803.5,0.00641343,-4.7925e-05
1803.75,0.006259005,-0.000627285
1804,0.00608754,-0.00053676
1804.25,0.00582768,-0.000968085
1804.5,0.005502855,-0.000695445
1804.75,0.0057084,4.26e-05
1805,0.006378285,0.00059853
1805.25,0.005654085,-0.00070929
1805.5,0.00566367,-0.001134225
1805.75,0.005820225,-0.001023465
1806,0.00712911,-8.733e-05
1806.25,0.007204725,0.000433455
1806.5,0.006821325,-0.00029607
1806.75,0.005127975,-0.00089886
1807,0.004133265,-0.00067734
1807.25,0.009183495,-2.769e-05
1807.5,0.033401595,0.00052185
1807.75,0.03408639,0.000286485
1808,0.03670203,-0.00055806
1808.25,0.02906172,-0.001400475
1808.5,0.03835704,-0.00220455
1808.75,0.04269372,-0.002463345
1809,0.04559052,-0.002995845
1809.25,0.04997193,-0.0029394
1809.5,0.054805965,-0.002885085
1809.75,0.056198985,-0.00362313
1810,0.048550155,-0.003779685
1810.25,0.05233836,-0.0036636
1810.5,0.04273206,-0.00226206
1810.75,0.03812061,-0.00190635
1811,0.03792678,-0.003066135
1811.25,0.03811422,-0.00294366
1811.5,0.03963291,-0.0018531
1811.75,0.04033155,-0.00142284
1812,0.04690047,-0.00058788
1812.25,0.031804095,-0.00077106
1812.5,0.029665575,-0.001707195
1812.75,0.034996965,-0.002278035
1813,0.040038675,-0.00539955
1813.25,0.038076945,-0.004028895
1813.5,0.04746492,-0.003875535
1813.75,0.064239735,-0.00463488
1814,0.066011895,-0.00509709
1814.25,0.06327804,-0.00558912
1814.5,0.06477756,-0.005751
1814.75,0.06497139,-0.004160955
1815,0.06784689,-0.0039618
1815.25,0.06603852,-0.00424296
1815.5,0.06483294,-0.003660405
1815.75,0.062412195,-0.003366465
1816,0.06133122,-0.003232275
1816.25,0.05155239,-0.00181902
1816.5,0.049717395,-0.001210905
1816.75,0.046119825,-0.001272675
1817,0.02846106,-0.000848805
1817.25,0.02471013,-0.00041535
1817.5,0.028494075,-0.000870105
1817.75,0.02823102,0.0005538
1818,0.028604835,0.00065391
1818.25,0.024907155,0.000111825
1818.5,0.02250771,-9.798e-05
1818.75,0.019292475,0.000569775
1819,0.015735375,0.00040257
1819.25,0.008733,0.000145905
1819.5,0.00603642,0.00030672
1819.75,0.00551031,0.00029181
1820,0.005347365,-0.00056232
1820.25,0.00546132,-0.00061344
1820.5,0.006450705,0.0009159
1820.75,0.00677766,0.001453725
1821,0.006156765,0.000876495
1821.25,0.005930985,-0.000605985
1821.5,0.00620682,-0.000669885
1821.75,0.006180195,0.00018318
1822,0.00605985,0.000122475
1822.25,0.005924595,0.000275835
1822.5,0.00590223,0.000842415
1822.75,0.00608754,0.00018105
1823,0.00556143,-0.00030885
1823.25,0.005475165,-0.00085413
1823.5,0.00618765,0.00050694
1823.75,0.00680535,0.001421775
1824,0.005809575,0.00037914
1824.25,0.00528879,-0.000767865
1824.5,0.004699845,-0.00046434
1824.75,0.00493308,-0.000152295
1825,0.00611949,0.000593205
1825.25,0.005398485,0.000265185
1825.5,0.0053889,-0.00040683
1825.75,0.00513543,-0.000721005
1826,0.00576165,-0.00012354
1826.25,0.00639,0.000497355
1826.5,0.005845785,0.00017892
1826.75,0.005796795,0.00011289
1827,0.00492243,-0.000608115
1827.25,0.00552735,-3.0885e-05
1827.5,0.00496077,-0.00037275
1827.75,0.00524832,-2.8755e-05
1828,0.005066205,0.00011502
1828.25,0.005600835,0.00049629
1828.5,0.004691325,-8.733e-05
1828.75,0.004482585,-0.0004473
1829,0.00473286,-0.00053676
1829.25,0.005047035,-1.065e-06
1829.5,0.005937375,0.00063687
1829.75,0.00574887,0.00034932
1830,0.00547836,-0.000838155
1830.25,0.005458125,-0.00063687
1830.5,0.005417655,8.4135e-05
1830.75,0.00488835,0.00090312
1831,0.004084275,0.000222585
1831.25,0.00535269,-0.00032163
1831.5,0.00652845,-0.00020874
1831.75,0.00496929,-0.00026838
1832,0.011526495,-0.00121197
1832.25,0.016314735,-0.00139089
1832.5,0.018570405,-0.00159324
1832.75,0.02169192,-0.002203485
1833,0.018046425,-0.002324895
1833.25,0.020240325,-0.0027477
1833.5,0.02934501,-0.001800915
1833.75,0.03428661,-0.00116511
1834,0.03085518,-0.001502715
1834.25,0.0466257,-0.00305868
1834.5,0.05105397,-0.00336966
1834.75,0.04536048,-0.00285633
1835,0.05066205,-0.0029394
1835.25,0.05439381,-0.00358692
1835.5,0.05570163,-0.003264225
1835.75,0.05654724,-0.004062975
1836,0.05354607,-0.00401718
1836.25,0.04056585,-0.00183393
1836.5,0.036901185,-0.00128439
1836.75,0.04297062,-0.00105861
1837,0.03418863,-0.002361105
1837.25,0.029169285,-0.00251127
1837.5,0.05398485,-0.003769035
1837.75,0.05939718,-0.003671055
1838,0.056656935,-0.00385956
1838.25,0.07314633,-0.000375945
1838.5,0.07852458,0.001023465
1838.75,0.078242355,0.000203415
1839,0.076838685,0.000324825
1839.25,0.07890159,0.001189605
1839.5,0.073023855,0.002341935
1839.75,0.078655575,0.00267741
1840,0.07984944,0.00191487
1840.25,0.07299084,0.000610245
1840.5,0.067494375,0.00142284
1840.75,0.067330365,0.00289893
1841,0.06665409,0.002116155
1841.25,0.045348765,-0.001017075
1841.5,0.03786714,-0.001445205
1841.75,0.035887305,-0.001187475
1842,0.035267475,-0.001822215
1842.25,0.0306294,-0.001210905
1842.5,0.027294885,-0.001002165
1842.75,0.02770704,-0.00082431
1843,0.01857999,-0.00024495
1843.25,0.010425285,-0.000769995
1843.5,0.00459228,-0.00086478
1843.75,0.005624265,0.000516525
1844,0.006595545,0.00081792
1844.25,0.005654085,0.000265185
1844.5,0.00503319,-0.000757215
1844.75,0.005298375,-0.001014945
1845,0.0057084,-0.00053889
1845.25,0.006844755,0.001457985
1845.5,0.00629202,0.000567645
1845.75,0.005862825,-0.00036423
1846,0.005794665,-0.00110121
1846.25,0.0063261,-0.000199155
1846.5,0.006254745,0.000418545
1846.75,0.00639852,0.000586815
1847,0.00601299,0.000490965
1847.25,0.00510135,-0.00096276
1847.5,0.00545706,-0.00131208
1847.75,0.006058785,5.538e-05
1848,0.00608754,0.00069438
1848.25,0.00565728,4.3665e-05
1848.5,0.00526536,-0.000365295
1848.75,0.00508857,-0.000784905
1849,0.00525045,-0.00051759
1849.25,0.00584685,0.000205545
1849.5,0.005709465,0.000284355
1849.75,0.00574674,0.000314175
1850,0.00507153,-0.00134616
1850.25,0.005573145,-0.000520785
1850.5,0.005432565,-0.00033867
1850.75,0.005700945,0.00020235
1851,0.005319675,0.00014271
1851.25,0.00515886,-7.455e-06
1851.5,0.00538251,8.6265e-05
1851.75,0.004936275,-0.000825375
1852,0.004606125,-0.00116724
1852.25,0.00541872,0.0002982
1852.5,0.00533139,0.00074976
1852.75,0.005223825,0.00071355
1853,0.004740315,-0.000880755
1853.25,0.004998045,-0.00119067
1853.5,0.0054315,-0.00047925
1853.75,0.00570627,0.00046221
1854,0.0067521,0.00103092
1854.25,0.005494335,-0.00082644
1854.5,0.00471582,-0.000821115
1854.75,0.003996945,-0.000727395
1855,0.00427065,0.0001065
1855.25,0.00384891,0.00097341
1855.5,0.006946995,-0.000755085
1855.75,0.00804927,-0.00159111
1856,0.012600015,-0.00181689
1856.25,0.021454425,-0.001257765
1856.5,0.01576626,-5.751e-05
1856.75,0.01698888,-0.000533565
1857,0.018728025,-0.00230466
1857.25,0.02350029,-0.0017466
1857.5,0.02117859,-0.003602895
1857.75,0.03019488,-0.00512265
1858,0.023682405,-0.00245589
1858.25,0.02419041,-0.003590115
1858.5,0.01963434,-0.00367425
1858.75,0.02106783,-0.003994815
1859,0.029103255,-0.00294366
1859.25,0.03294897,-0.00154851
1859.5,0.037550835,-0.002571975
1859.75,0.04050834,-0.002620965
1860,0.04296636,-0.003187545
1860.25,0.048171015,-0.00318435
1860.5,0.04385244,-0.002580495
1860.75,0.04541373,-0.00168696
1861,0.045289125,-0.003313215
1861.25,0.0461145,-0.00351024
1861.5,0.06550815,-0.00297135
1861.75,0.073884375,-0.003040575
1862,0.074908905,-0.00346977
1862.25,0.080010255,-0.002914905
1862.5,0.079910145,-0.00227058
1862.75,0.078110295,-0.0031098
1863,0.07838826,-0.00425787
1863.25,0.0769995,-0.004303665
1863.5,0.068480565,-0.002787105
1863.75,0.0695019,-0.003217365
1864,0.063854205,-0.00311193
1864.25,0.06137808,-0.00264546
1864.5,0.06225777,-0.00292236
1864.75,0.05809149,-0.003856365
1865,0.045440355,-0.003984165
1865.25,0.04208028,-0.0033228
1865.5,0.029288565,-0.001017075
1865.75,0.023509875,-0.000661365
1866,0.024393825,-0.00159324
1866.25,0.023269185,-0.001645425
1866.5,0.022459785,-0.00106074
1866.75,0.021535365,-0.001796655
1867,0.020926185,-0.00218538
1867.25,0.01902942,-0.00202989
1867.5,0.022717515,-0.003225885
1867.75,0.0200433,-0.00240477
1868,0.01830522,-0.002769
1868.25,0.02284212,-0.002755155
1868.5,0.015505335,-0.000305655
1868.75,0.011807655,-0.00022578
1869,0.01436472,-0.002271645
1869.25,0.01077567,-0.00115446
1869.5,0.00990876,-0.00040044
1869.75,0.00596826,0.000497355
1870,0.00567432,0.00041535
1870.25,0.00608541,0.00036636
1870.5,0.005632785,0.000309915
1870.75,0.00475629,-0.000239625
1871,0.00516951,-0.000190635
1871.25,0.00564024,0.000972345
1871.5,0.00629628,0.001741275
1871.75,0.005600835,0.00035784
1872,0.00460719,-0.00034293
1872.25,0.00492456,-0.00047925
1872.5,0.00476055,5.325e-05
1872.75,0.0054528,0.001722105
1873,0.00583194,0.00145692
1873.25,0.0045795,-0.00044517
1873.5,0.004480455,-0.0006603
1873.75,0.00500337,-7.5615e-05
1874,0.005809575,0.001668855
1874.25,0.00516951,0.000784905
1874.5,0.004821255,-0.00013206
1874.75,0.0047712,-0.00070929
1875,0.00492669,-7.668e-05
1875.25,0.005164185,0.000997905
1875.5,0.005087505,0.001059675
1875.75,0.004802085,0.00054954
1876,0.004380345,-0.00048138
1876.25,0.00437502,-0.00044517
1876.5,0.00425361,0.00023643
1876.75,0.004983135,0.00103731
1877,0.00458163,0.000629415
1877.25,0.004616775,0.000160815
1877.5,0.00418758,-0.000576165
1877.75,0.00513756,0.00027051
1878,0.005215305,0.000301395
1878.25,0.005573145,0.00069651
1878.5,0.004770135,0.00059853
1878.75,0.003477225,-0.000510135
1879,0.003579465,0.000250275
1879.25,0.005426175,-0.00063687
1879.5,0.00730803,-0.00014271
1879.75,0.006593415,-0.000133125
1880,0.008048205,-0.001308885
1880.25,0.01453299,-0.0035145
1880.5,0.011622345,-0.00227697
1880.75,0.0143775,-0.00302034
1881,0.017737575,-0.00250062
1881.25,0.022753725,-0.001688025
1881.5,0.0203202,-0.003649755
1881.75,0.028291725,-0.004152435
1882,0.03002874,-0.00476268
1882.25,0.030666675,-0.00255387
1882.5,0.029818935,-0.003245055
1882.75,0.02851644,-0.003170505
1883,0.03619083,-0.004514535
1883.25,0.041580795,-0.00407682
1883.5,0.030577215,-0.003193935
1883.75,0.03515778,-0.004201425
1884,0.036562515,-0.003830805
1884.25,0.04942878,-0.00359544
1884.5,0.054978495,-0.00430899
1884.75,0.055741035,-0.005074725
1885,0.056914665,-0.00399801
1885.25,0.05743971,-0.003564555
1885.5,0.06146754,-0.001688025
1885.75,0.068224965,-0.000503745
1886,0.07128897,-0.000870105
1886.25,0.080152965,-0.00188718
1886.5,0.07865451,-0.00064752
1886.75,0.080295675,-0.0005112
1887,0.06870741,-0.002725335
1887.25,0.0667329,-0.00402357
1887.5,0.05955906,-0.003630585
1887.75,0.062316345,-0.003149205
1888,0.06087327,-0.0026199
1888.25,0.056663325,-0.002957505
1888.5,0.046688535,-0.001558095
1888.75,0.04878978,-0.00200433
1889,0.045306165,-0.00273279
1889.25,0.037672245,-0.002343
1889.5,0.037293105,-0.00087543
1889.75,0.02557704,-0.000237495
1890,0.0105222,-0.001108665
1890.25,0.00497994,-0.00062409
1890.5,0.00537825,-5.6445e-05
1890.75,0.012110115,0.0001491
1891,0.01778124,0.000367425
1891.25,0.019200885,0.00047925
1891.5,0.00665838,0.00088395
1891.75,0.00549327,-0.000252405
1892,0.005396355,-0.000426
1892.25,0.005066205,-0.000356775
1892.5,0.006399585,0.001127835
1892.75,0.006137595,0.001021335
1893,0.005526285,0.00046221
1893.25,0.004932015,-0.00055593
1893.5,0.005323935,-0.000588945
1893.75,0.006495435,0.000597465
1894,0.006489045,0.0012141
1894.25,0.00575526,0.00047712
1894.5,0.005353755,-0.00014058
1894.75,0.00572757,0.00013419
1895,0.006073695,0.000158685
1895.25,0.0056232,-0.00031737
1895.5,0.006246225,0.00093507
1895.75,0.00654762,0.00153147
1896,0.00548901,0.00054741
1896.25,0.004851075,-0.000642195
1896.5,0.00504597,-0.00037701
1896.75,0.00558912,0.00064752
1897,0.005945895,0.001854165
1897.25,0.005470905,0.000701835
1897.5,0.00525471,-0.00047499
1897.75,0.00531861,-0.00053889
1898,0.00575526,0.000243885
1898.25,0.00579147,0.00013845
1898.5,0.00571266,0.00071355
1898.75,0.00569349,0.000765735
1899,0.005602965,0.000243885
1899.25,0.005279205,-0.000205545
1899.5,0.004859595,-0.00050268
1899.75,0.004929885,0.00045795
1900,0.00532926,0.00076041
1900.25,0.005809575,0.001059675
1900.5,0.00501402,0.00030459
1900.75,0.00481167,-0.00055593
1901,0.005053425,-0.000433455
1901.25,0.00539316,0.000563385
1901.5,0.00598104,0.00111612
1901.75,0.005398485,0.000407895
1902,0.00528666,-0.00056658
1902.25,0.005483685,-0.000597465
1902.5,0.004959705,6.7095e-05
1902.75,0.004446375,0.001070325
1903,0.00422805,0.000963825
1903.25,0.00562959,-0.000435585
1903.5,0.0207036,-0.00046647
1903.75,0.022289385,-0.000801945
1904,0.02373672,0.000467535
1904.25,0.03400971,2.6625e-05
1904.5,0.03076998,-0.001805175
1904.75,0.032185365,-0.002299335
1905,0.03586707,-0.001967055
1905.25,0.042140985,-0.00189783
1905.5,0.034928805,-0.00225567
1905.75,0.036400635,-0.003279135
1906,0.035785065,-0.0043665
1906.25,0.036926745,-0.003734955
1906.5,0.03330255,-0.0028116
1906.75,0.03511305,-0.002567715
1907,0.03730269,-0.00297987
1907.25,0.023722875,-0.00325038
1907.5,0.021053985,-0.00322056
1907.75,0.02374524,-0.003630585
1908,0.040549875,-0.00390003
1908.25,0.050697195,-0.00242394
1908.5,0.051670605,-0.001760445
1908.75,0.04915827,-0.00160176
1909,0.051121065,-0.00373176
1909.25,0.05978058,-0.004048065
1909.5,0.05945895,-0.003127905
1909.75,0.06273702,-0.00255387
1910,0.054865605,-0.00167631
1910.25,0.054443865,-0.00140793
1910.5,0.05268981,-0.001072455
1910.75,0.053689845,-0.00135042
1911,0.053768655,-0.001381305
1911.25,0.05730126,-0.00216834
1911.5,0.0543576,-0.002275905
1911.75,0.046650195,-0.00197451
1912,0.042315645,-0.00231318
1912.25,0.0210231,-0.00057084
1912.5,0.01722957,0.000401505
1912.75,0.013415805,0.000972345
1913,0.012521205,0.001125705
1913.25,0.011520105,0.000919095
1913.5,0.00957222,0.00102453
1913.75,0.004825515,0.00057936
1914,0.00458589,0.00069864
1914.25,0.004401645,0.00010224
1914.5,0.004633815,0.000842415
1914.75,0.004806345,0.001191735
1915,0.006180195,0.00164436
1915.25,0.005594445,-0.00022152
1915.5,0.00577656,-0.00020022
1915.75,0.005922465,0.000512265
1916,0.006535905,0.001381305
1916.25,0.006152505,0.000806205
1916.5,0.005924595,0.00101175
1916.75,0.005997015,0.00055167
1917,0.005899035,0.0001917
1917.25,0.00611523,0.000258795
1917.5,0.006457095,0.001208775
1917.75,0.00668394,0.00183819
1918,0.00601512,0.00084348
1918.25,0.005534805,7.5615e-05
1918.5,0.005008695,-0.000160815
1918.75,0.00602577,0.00105009
1919,0.00656679,0.001954275
1919.25,0.006280305,0.00113955
1919.5,0.005585925,0.000171465
1919.75,0.005438955,0.00019383
1920,0.00617913,0.00122262
1920.25,0.005856435,0.000676275
1920.5,0.00582555,0.001142745
1920.75,0.00589371,0.001690155
1921,0.00643686,0.00118428
1921.25,0.00552096,0.000544215
1921.5,0.005747805,0.00020661
1921.75,0.00628989,0.00143562
1922,0.006472005,0.001739145
1922.25,0.006508215,0.002086335
1922.5,0.006246225,5.112e-05
1922.75,0.005592315,2.769e-05
1923,0.005443215,3.834e-05
1923.25,0.00605133,0.00169761
1923.5,0.0057297,0.00133977
1923.75,0.005620005,0.000546345
1924,0.00480741,-0.00018105
1924.25,0.00539955,0.00011502
1924.5,0.00532287,0.00118854
1924.75,0.00532074,0.00128226
1925,0.005279205,0.000976605
1925.25,0.00525471,5.2185e-05
1925.5,0.00527601,0.000107565
1925.75,0.005952285,0.00076467
1926,0.006195105,0.00141645
1926.25,0.006069435,0.001219425
1926.5,0.0054315,0.00103092
1926.75,0.004772265,-1.5975e-05
1927,0.00541446,0.00052824
1927.25,0.005513505,0.000780645
1927.5,0.0054102,0.001575135
1927.75,0.00503319,0.00153573
1928,0.00395115,0.00039192
1928.25,0.003104475,0.00030885
1928.5,0.00324186,0.00063687
1928.75,0.0034932,0.00063261
1929,0.003815895,0.000931875
1929.25,0.004686,0.00120345
1929.5,0.0037062,0.0001917
1929.75,0.00478185,0.000718875
1930,0.00444105,0.0006603
1930.25,0.005061945,0.001012815
1930.5,0.003230145,0.0009585
1930.75,0.00367212,0.00081579
1931,0.00410451,0.000559125
1931.25,0.0034293,0.000565515
1931.5,0.00430899,-0.00011715
1931.75,0.0050268,0.00073485
1932,0.00490326,0.0012354
1932.25,0.00495225,0.001583655
1932.5,0.004333485,0.00079662
1932.75,0.00418758,0.000582555
1933,0.002991585,0.000113955
1933.25,0.00359331,0.00065391
1933.5,0.004229115,0.001006425
1933.75,0.00502893,0.00167631
1934,0.004109835,0.00033867
1934.25,0.003886185,-0.00011502
1934.5,0.00439632,0.000171465
1934.75,0.00496716,0.00139941
1935,0.00445383,0.001321665
1935.25,0.0047286,0.00095424
1935.5,0.003475095,6.7095e-05
1935.75,0.003411195,-9.585e-05
1936,0.00375093,0.00040044
1936.25,0.0049203,0.001232205
1936.5,0.004109835,0.00065604
1936.75,0.00421314,0.000742305
1937,0.00471582,0.000339735
1937.25,0.00437289,0.00043665
1937.5,0.004471935,0.000397245
1937.75,0.00452199,0.00086265
1938,0.005012955,0.000674145
1938.25,0.00462849,0.000399375
1938.5,0.004859595,0.000672015
1938.75,0.00401505,-1.278e-05
1939,0.00519507,-0.000111825
1939.25,0.00641343,0.00099471
1939.5,0.006478395,0.00125457
1939.75,0.0061131,0.00054741
1940,0.005119455,-4.26e-05
1940.25,0.00534417,6.39e-06
1940.5,0.005924595,0.000508005
1940.75,0.006469875,0.00172317
1941,0.006531645,0.00148887
1941.25,0.006122685,0.000729525
1941.5,0.00592566,0.000239625
1941.75,0.006731865,0.00119493
1942,0.00627711,0.00096489
1942.25,0.00601938,0.00126948
1942.5,0.006088605,0.001568745
1942.75,0.00548475,0.00098193
1943,0.006007665,0.00098193
1943.25,0.005720115,0.000578295
1943.5,0.006199365,0.000614505
1943.75,0.006214275,0.001051155
1944,0.0059214,0.001234335
1944.25,0.0058788,0.00129717
1944.5,0.00522063,0.000246015
1944.75,0.00466896,-0.000207675
1945,0.004961835,0.00030246
1945.25,0.005786145,0.00119919
1945.5,0.00684156,0.00204906
1945.75,0.006322905,0.0009372
1946,0.00530583,2.2365e-05
1946.25,0.005813835,0.000105435
1946.5,0.00569775,0.000710355
1946.75,0.006122685,0.00143988
1947,0.006644535,0.002382405
1947.25,0.00562533,0.000787035
1947.5,0.00522063,-0.00023643
1947.75,0.00504597,-5.538e-05
1948,0.0057297,0.00155916
1948.25,0.006486915,0.00248784
1948.5,0.0054741,0.001653945
1948.75,0.00492669,-0.000128865
1949,0.004895805,0.000213
1949.25,0.005247255,0.00020022
1949.5,0.005894775,0.00194256
1949.75,0.00584898,0.00239412
1950,0.00591927,0.000735915
1950.25,0.005713725,-8.8395e-05
1950.5,0.00502893,-0.000556995
1950.75,0.004955445,0.00099684
1951,0.005419785,0.002699775
1951.25,0.00525258,0.002116155
1951.5,0.00457524,0.000948915
1951.75,0.003964995,3.621e-05
1952,0.002938335,-4.26e-05
1952.25,0.00348468,0.00134616
1952.5,0.00424935,0.00285633
1952.75,0.004086405,0.00163371
1953,0.00441549,0.000801945
1953.25,0.00438354,0.00032802
1953.5,0.00482445,0.000301395
1953.75,0.004966095,0.001325925
1954,0.00498633,0.002427135
1954.25,0.00437928,0.00164223
1954.5,0.00296283,0.00066243
1954.75,0.002701905,0
1955,0.003871275,0.00073698
1955.25,0.00439632,0.001515495
1955.5,0.00482019,0.00120771
1955.75,0.00497568,0.00132486
1956,0.00450495,0.001308885
1956.25,0.00451986,0.00107139
1956.5,0.00444744,0.00043239
1956.75,0.004318575,0.0005964
1957,0.00431751,0.00137598
1957.25,0.00390429,0.001641165
1957.5,0.004821255,0.002354715
1957.75,0.00449217,0.00016614
1958,0.004454895,0
1958.25,0.004616775,0.000712485
1958.5,0.005302635,0.002450565
1958.75,0.00496077,0.00139728
1959,0.00491817,0.00149739
1959.25,0.004022505,0.000290745
1959.5,0.003888315,0.000650715
1959.75,0.003834,0.000588945
1960,0.003698745,0.00049203
1960.25,0.003641235,0.00096063
1960.5,0.00496929,0.00143988
1960.75,0.004508145,0.001159785
1961,0.00435372,0.00023643
1961.25,0.00427917,-2.2365e-05
1961.5,0.00468387,0.0001065
1961.75,0.005620005,0.00149526
1962,0.00555504,0.00141006
1962.25,0.00488835,0.00094572
1962.5,0.00431538,6.9225e-05
1962.75,0.004412295,-0.000143775
1963,0.005847915,0.000484575
1963.25,0.006604065,0.000938265
1963.5,0.00617274,0.000522915
1963.75,0.00659235,0.00077958
1964,0.00617061,-0.000173595
1964.25,0.00602577,0.00029394
1964.5,0.005611485,0.000271575
1964.75,0.005730765,0.00054954
1965,0.00601725,0.000801945
1965.25,0.00653697,0.001093755
1965.5,0.006135465,0.0003408
1965.75,0.005726505,0.00024069
1966,0.005541195,-0.000101175
1966.25,0.0059427,0.00061983
1966.5,0.006529515,0.0009798
1966.75,0.006540165,0.00133977
1967,0.00524406,-0.000201285
1967.25,0.00557208,1.5975e-05
1967.5,0.006352725,0.00026625
1967.75,0.007108875,0.00155277
1968,0.00624303,0.00147822
1968.25,0.00603216,0.00053037
1968.5,0.004961835,-0.000182115
1968.75,0.00571266,0.00060492
1969,0.006084345,0.00116298
1969.25,0.005967195,0.001334445
1969.5,0.00639,0.001613475
1969.75,0.00548901,0.000791295
1970,0.005660475,0.00031737
1970.25,0.00587667,0.00122901
1970.5,0.005526285,0.000527175
1970.75,0.00610032,0.001347225
1971,0.005760585,0.00170187
1971.25,0.006514605,0.002403705
1971.5,0.005654085,0.000912705
1971.75,0.005191875,-3.621e-05
1972,0.004974615,0.00026412
1972.25,0.00588732,0.001057545
1972.5,0.005336715,0.001036245
1972.75,0.005575275,0.00146544
1973,0.005728635,0.000233235
1973.25,0.0052185,4.26e-05
1973.5,0.0057084,0.00065817
1973.75,0.00626433,0.00153573
1974,0.006608325,0.001057545
1974.25,0.007019415,0.00114168
1974.5,0.00608541,0.000744435
1974.75,0.004071495,-0.00018531
1975,0.00483084,0.00040257
1975.25,0.00870105,0.00094572
1975.5,0.01237956,0.00134829
1975.75,0.019954905,-0.00022791
1976,0.020736615,-0.00150591
1976.25,0.027017985,-0.001920195
1976.5,0.03560721,-0.00123114
1976.75,0.036662625,-0.00107139
1977,0.041516895,-0.001973445
1977.25,0.047148615,-0.003370725
1977.5,0.05738433,-0.004248285
1977.75,0.058991415,-0.004261065
1978,0.05964639,-0.003575205
1978.25,0.063127875,-0.00408747
1978.5,0.0509922,-0.004163085
1978.75,0.053366085,-0.00546558
1979,0.060060675,-0.00590649
1979.25,0.062778555,-0.00499059
1979.5,0.0745713,-0.00405339
1979.75,0.076776915,-0.003941565
1980,0.075673575,-0.004746705
1980.25,0.08065245,-0.0059853
1980.5,0.078071955,-0.005502855
1980.75,0.090864735,-0.00503958
1981,0.083260635,-0.00339309
1981.25,0.081288255,-0.003123645
1981.5,0.0755511,-0.003266355
1981.75,0.080570445,-0.00454542
1982,0.0776385,-0.00348894
1982.25,0.08297628,-0.003626325
1982.5,0.082777125,-0.00306294
1982.75,0.085797465,-0.003106605
1983,0.08657598,-0.003458055
1983.25,0.09044406,-0.0029181
1983.5,0.08069505,-0.003524085
1983.75,0.08578788,-0.004763745
1984,0.084131805,-0.00340161
1984.25,0.07652664,-0.0023856
1984.5,0.07183425,-0.002620965
1984.75,0.069775605,-0.002077815
1985,0.07351482,-0.002635875
1985.25,0.063994785,-0.00157407
1985.5,0.053457675,-0.001325925
1985.75,0.05520747,-0.001426035
1986,0.06008091,-0.000912705
1986.25,0.04934145,-0.001240725
1986.5,0.043367865,-0.002050125
1986.75,0.04247007,-0.001958535
1987,0.03814404,0.000706095
1987.25,0.03438033,0.001436685
1987.5,0.03316197,0.001372785
1987.75,0.03561147,0.0011502
1988,0.037001295,0.000237495
1988.25,0.037043895,0.00068799
1988.5,0.039587115,0.002143845
1988.75,0.02060136,0.001952145
1989,0.021047595,0.00173382
1989.25,0.012248565,0.00195108
1989.5,0.00826866,0.00204054
1989.75,0.009583935,0.00106926
1990,0.00811104,0.00096702
1990.25,0.00838155,0.001300365
1990.5,0.00795981,0.001845645
1990.75,0.007860765,0.0012141
1991,0.006729735,0.001159785
1991.25,0.00739962,0.00066243
1991.5,0.007692495,0.00166566
1991.75,0.009059955,0.002156625
1992,0.006727605,0.001074585
1992.25,0.007543395,0.000795555
1992.5,0.0060705,0.00054528
1992.75,0.007458195,0.00111186
1993,0.00700983,0.001221555
1993.25,0.007398555,0.001238595
1993.5,0.006680745,0.00096063
1993.75,0.00701409,0.00093507
1994,0.007394295,0.00078384
1994.25,0.00719514,0.00140793
1994.5,0.007794735,0.002003265
1994.75,0.006748905,0.001070325
1995,0.00688416,0.000676275
1995.25,0.006814935,0.00090099
1995.5,0.007590255,0.00148035
1995.75,0.00738897,0.00201924
1996,0.007247325,0.00079875
1996.25,0.00641556,0.00110547
1996.5,0.006802155,0.001025595
1996.75,0.005948025,0.001080975
1997,0.007543395,0.00150165
1997.25,0.00620895,0.001600695
1997.5,0.00727182,0.00114381
1997.75,0.006853275,0.000829635
1998,0.00755511,0.000686925
1998.25,0.008286765,0.00098832
1998.5,0.00802584,0.001803045
1998.75,0.00603003,0.00144414
1999,0.004727535,0.00063687
1999.25,0.00527175,0.000337605
1999.5,0.008193045,0.000297135
1999.75,0.01450743,0.00062835
2000,0.017354175,0.0012141
2000.25,0.023656845,-0.002341935
2000.5,0.026660145,-0.004293015
2000.75,0.028193745,-0.004003335
2001,0.030547395,-0.003937305
2001.25,0.0358266,-0.004118355
2001.5,0.043401945,-0.00529944
2001.75,0.048390405,-0.00554439
2002,0.051331935,-0.00588093
2002.25,0.05556744,-0.00504384
2002.5,0.048496905,-0.003566685
2002.75,0.05086227,-0.00437289
2003,0.051792015,-0.004629555
2003.25,0.05145228,-0.0050268
2003.5,0.05326278,-0.0056871
2003.75,0.053455545,-0.00538464
2004,0.06016611,-0.00429195
2004.25,0.053095575,-0.0041322
2004.5,0.055594065,-0.002938335
2004.75,0.06012564,-0.003475095
2005,0.055572765,-0.002989455
2005.25,0.05280057,-0.003858495
2005.5,0.052090215,-0.00418332
2005.75,0.05997228,-0.004661505
2006,0.058128765,-0.0028542
2006.25,0.05907768,-0.00377223
2006.5,0.054880515,-0.003999075
2006.75,0.0544854,-0.004135395
2007,0.05151831,-0.00398523
2007.25,0.0476481,-0.002976675
2007.5,0.04588233,-0.00202137
2007.75,0.04737546,-0.001901025
2008,0.050188125,-0.00237708
2008.25,0.048535245,-0.00203202
2008.5,0.05560578,-0.001649685
2008.75,0.046978215,-0.000993645
2009,0.043787475,-0.00155064
2009.25,0.03958818,-1.917e-05
2009.5,0.03118533,-0.0008733
2009.75,0.03121089,1.491e-05
2010,0.02859951,-0.00010863
2010.25,0.01440732,-0.00092868
2010.5,0.01000674,-0.00111612
2010.75,0.008887425,-0.000201285
2011,0.00925059,0.00071355
2011.25,0.0089247,0.0004047
2011.5,0.008293155,-0.000128865
2011.75,0.008199435,-0.000586815
2012,0.00982569,-0.000297135
2012.25,0.008996055,0.00022578
2012.5,0.01010472,0.00028542
2012.75,0.009624405,0.000175725
2013,0.009232485,4.3665e-05
2013.25,0.00930597,-0.00018531
2013.5,0.008863995,-0.00011076
2013.75,0.00872661,-0.000399375
2014,0.010218675,0.000463275
2014.25,0.008876775,0.000384465
2014.5,0.00832191,7.242e-05
2014.75,0.009675525,2.4495e-05
2015,0.008448645,7.668e-05
2015.25,0.00920799,-0.00028542
2015.5,0.011062155,0.00051333
2015.75,0.008776665,0.000654975
2016,0.009324075,0.00024495
2016.25,0.00916539,0.000171465
2016.5,0.0080514,-0.00060066
2016.75,0.00785544,-0.000190635
2017,0.00887571,0.000537825
2017.25,0.009343245,0.00114168
2017.5,0.008949195,1.491e-05
2017.75,0.00847314,-0.00085626
2018,0.0077532,-0.00070716
2018.25,0.00907806,0.00063474
2018.5,0.00863715,0.000946785
2018.75,0.01020909,0.0011715
2019,0.008201565,-0.000718875
2019.25,0.00805353,-0.001142745
2019.5,0.00830061,-0.000239625
2019.75,0.00864567,0.00124179
2020,0.00880755,0.001632645
2020.25,0.008699985,0.0011502
2020.5,0.007513575,-0.00074124
2020.75,0.007492275,-0.000955305
2021,0.00785757,-0.00046221
2021.25,0.00835386,0.00090099
2021.5,0.008740455,0.001922325
2021.75,0.00893535,0.000290745
2022,0.00771699,-0.00099258
2022.25,0.009558375,-0.001074585
2022.5,0.01004721,0.000263055
2022.75,0.007010895,0.0009372
2023,0.017006985,0.004016115
2023.25,0.041585055,0.007036455
2023.5,0.05043627,0.00530157
2023.75,0.047325405,0.004495365
2024,0.038860785,0.00465192
2024.25,0.0387873,0.00295857
2024.5,0.035111985,0.002361105
2024.75,0.04172883,0.001083105
2025,0.054132885,-0.0025986
2025.25,0.05173983,-0.00228336
2025.5,0.04973763,-0.00096489
2025.75,0.054597225,-0.00171678
2026,0.05620218,-0.00319074
2026.25,0.05412117,-0.003010755
2026.5,0.053415075,-0.001728495
2026.75,0.0586602,-0.000703965
2027,0.06150375,-0.0003408
2027.25,0.071543505,-0.001046895
2027.5,0.076419075,-0.002197095
2027.75,0.08163438,-0.001400475
2028,0.08653551,0.00158046
2028.25,0.083324535,0.00333558
2028.5,0.08061837,0.00245163
2028.75,0.08539383,0.001918065
2029,0.082006065,0.000961695
2029.25,0.07994955,0.0004899
2029.5,0.09022254,0.001144875
2029.75,0.09303414,0.00092442
2030,0.09238662,0.00074763
2030.25,0.09210972,-0.000218325
2030.5,0.08782842,-0.000836025
2030.75,0.08931303,-0.00057936
2031,0.08707866,0.001279065
2031.25,0.08866551,0.00163584
2031.5,0.082510875,0.00127161
2031.75,0.08199861,0.00090525
2032,0.08845677,0.00014697
2032.25,0.08812023,0.000765735
2032.5,0.074798145,-0.000812595
2032.75,0.06339093,-0.00292023
2033,0.06315024,-0.00353154
2033.25,0.04934997,-0.00359118
2033.5,0.042992985,-0.003098085
2033.75,0.041259165,-0.00083496
2034,0.036415545,3.195e-05
2034.25,0.03343674,-0.00083496
2034.5,0.01721892,-0.001756185
2034.75,0.02032872,-0.001334445
2035,0.0213213,-0.0008094
2035.25,0.022231875,0.000190635
2035.5,0.0238773,0.000241755
2035.75,0.021637605,-0.001281195
2036,0.023433195,-0.001432425
2036.25,0.02432034,-0.001176825
2036.5,0.02436081,0.0007881
2036.75,0.024534405,0.000620895
2037,0.02415633,-0.000669885
2037.25,0.023927355,-0.00174234
2037.5,0.023886885,-0.001347225
2037.75,0.02581986,0.00030885
2038,0.0246654,0.00083283
2038.25,0.024451335,0.00057084
2038.5,0.016189065,-0.002356845
2038.75,0.009454005,-0.001119315
2039,0.00578295,-0.000469665
2039.25,0.006393195,0.001127835
2039.5,0.007051365,0.001747665
2039.75,0.006772335,0.001183215
2040,0.005651955,-0.00032802
2040.25,0.005345235,-0.000552735
2040.5,0.00557421,-0.0001278
2040.75,0.00577656,0.00048777
2041,0.006399585,0.00148461
2041.25,0.006050265,0.00057723
2041.5,0.005700945,-0.00011076
2041.75,0.005504985,-0.000895665
2042,0.00624303,0.00036849
2042.25,0.006067305,0.000784905
2042.5,0.00657105,0.00099258
2042.75,0.006116295,0.0001065
2043,0.00569349,-0.00127587
2043.25,0.005611485,-0.000169335
2043.5,0.006137595,0.0007242
2043.75,0.006359115,0.00138663
2044,0.00569349,0.000124605
2044.25,0.005362275,-0.00019596
2044.5,0.00489474,-0.00076254
2044.75,0.00537186,0.00029394
2045,0.005749935,0.00049842
2045.25,0.005585925,0.00019596
2045.5,0.005715855,2.343e-05
2045.75,0.005958675,-0.000222585
2046,0.0060279,-0.000433455
2046.25,0.00675849,0.000574035
2046.5,0.006561465,0.00037488
2046.75,0.011892855,-0.00074124
2047,0.00587667,-0.000612375
2047.25,0.006235575,-0.00077958
2047.5,0.014610735,0.000211935
2047.75,0.02258652,0.002995845
2048,0.02492313,0.002033085
2048.25,0.033344085,-0.000767865
2048.5,0.033776475,-0.001063935
2048.75,0.03688521,-0.00135681
2049,0.04207389,-0.00175299
2049.25,0.048545895,-0.00241968
2049.5,0.04649577,-0.00182541
2049.75,0.04216548,-0.001164045
2050,0.0442401,-0.001300365
2050.25,0.046464885,-0.000510135
2050.5,0.039966255,-0.0008946
2050.75,0.0400014,-0.00148887
2051,0.04561608,-0.001600695
2051.25,0.04731795,-0.000929745
2051.5,0.048765285,3.3015e-05
2051.75,0.05065992,0.00026838
2052,0.04479177,-0.00122262
2052.25,0.04735416,-0.0019383
2052.5,0.0416628,-0.00063687
2052.75,0.04070643,0.000369555
2053,0.042262395,-0.00018957
2053.25,0.043621335,-0.00167631
2053.5,0.03881499,-0.002020305
2053.75,0.04481094,-0.00284142
2054,0.046224195,-0.001888245
2054.25,0.059483445,-0.000921225
2054.5,0.056844375,-0.000305655
2054.75,0.05700945,-0.00213852
2055,0.049647105,-0.00205332
2055.25,0.04587594,-0.00205545
2055.5,0.036070485,-0.00086478
2055.75,0.03342822,-1.917e-05
2056,0.04215057,-0.001138485
2056.25,0.04274271,-0.00208314
2056.5,0.03652524,-0.006035355
2056.75,0.039815025,-0.005366535
2057,0.034894725,-0.00539955
2057.25,0.02841207,-0.005502855
2057.5,0.027748575,-0.00552096
2057.75,0.025533375,-0.005764845
2058,0.02158968,-0.00375732
2058.25,0.01756824,-0.002252475
2058.5,0.01640313,-0.002039475
2058.75,0.016787595,-0.003155595
2059,0.0149952,-0.00213852
2059.25,0.01275657,-0.00125244
2059.5,0.01208349,-0.00034506
2059.75,0.01182576,-0.000706095
2060,0.01292058,-0.00166353
2060.25,0.011458335,-0.001847775
2060.5,0.011138835,-0.00151869
2060.75,0.012510555,-8.52e-05
2061,0.014800305,0.000403635
2061.25,0.013762995,-0.001236465
2061.5,0.01298661,-0.00212574
2061.75,0.01313784,-0.00211296
2062,0.013562775,-0.001647555
2062.25,0.012438135,0.00074337
2062.5,0.00670524,0.001221555
2062.75,0.00612375,-3.3015e-05
2063,0.00609606,-0.000795555
2063.25,0.005809575,-0.000846675
2063.5,0.00710142,0.000584685
2063.75,0.00707586,0.00094572
2064,0.00682452,0.00123327
2064.25,0.006129075,0.000101175
2064.5,0.005500725,-0.000838155
2064.75,0.00561894,-0.00044943
2065,0.00643899,0.000482445
2065.25,0.00601086,0.0004686
2065.5,0.00581703,-0.000629415
2065.75,0.00646881,2.4495e-05
2066,0.00644538,4.26e-05
2066.25,0.006714825,0.000699705
2066.5,0.00626646,0.00046434
2066.75,0.00608328,-0.00031524
2067,0.005553975,-0.000561255
2067.25,0.00588732,-6.4965e-05
2067.5,0.00639213,0.00077319
2067.75,0.00564876,0.00045582
2068,0.00596613,-0.0001704
2068.25,0.005560365,-0.00085839
2068.5,0.00540381,-0.00027264
2068.75,0.005803185,0.00053037
2069,0.006465615,0.001249245
2069.25,0.00598317,0.000714615
2069.5,0.00550818,-0.00077106
2069.75,0.005368665,-0.00063048
2070,0.0062196,-0.000614505
2070.25,0.00667329,0.00035145
2070.5,0.007081185,0.0009798
2070.75,0.005784015,0.00026412
2071,0.004435725,-0.000237495
2071.25,0.005404875,-0.000618765
2071.5,0.030306705,-0.000135255
2071.75,0.02686782,0.0001065
2072,0.03146436,-0.002241825
2072.25,0.040988655,-0.002278035
2072.5,0.0398736,-0.001590045
2072.75,0.04071069,-0.00172317
2073,0.046567125,-0.00126309
2073.25,0.04973976,-0.00190422
2073.5,0.050058195,-0.004286625
2073.75,0.05705631,-0.004088535
2074,0.057379005,-0.004250415
2074.25,0.055174455,-0.003027795
2074.5,0.0445383,-0.0027051
2074.75,0.04636158,-0.002746635
2075,0.05105397,-0.003000105
2075.25,0.053029545,-0.0034932
2075.5,0.059643195,-0.002987325
2075.75,0.05095173,-0.00181263
2076,0.05248746,-0.00218964
2076.25,0.03386061,-0.00411516
2076.5,0.03658701,-0.0046434
2076.75,0.033248235,-0.004028895
2077,0.042737385,-0.002980935
2077.25,0.0474138,-0.00246867
2077.5,0.050117835,-0.003901095
2077.75,0.039476355,-0.00417054
2078,0.03914088,-0.00360183
2078.25,0.04342431,-0.003396285
2078.5,0.04800381,-0.00247719
2078.75,0.050070975,-0.00223224
2079,0.041913075,-0.003168375
2079.25,0.041580795,-0.00347616
2079.5,0.03576909,-0.002912775
2079.75,0.034291935,-0.00172743
2080,0.034385655,-0.00120345
2080.25,0.02379636,-0.00218538
2080.5,0.023209545,-0.00233235
2080.75,0.023782515,-0.00285846
2081,0.025825185,-0.002399445
2081.25,0.02657175,-0.002011785
2081.5,0.016052745,-0.000765735
2081.75,0.00988107,-0.000218325
2082,0.00607263,0.0005751
2082.25,0.00567006,0.000305655
2082.5,0.00626859,0.00090312
2082.75,0.00667116,0.000738045
2083,0.00683091,0.00015762
2083.25,0.0080088,0.00031311
2083.5,0.007456065,0.00040257
2083.75,0.00778728,0.000942525
2084,0.00754233,0.00089247
2084.25,0.00746352,0.0003834
2084.5,0.006827715,-0.00025986
2084.75,0.00689055,0.0003408
2085,0.00766587,0.001065
2085.25,0.00743796,0.00095637
2085.5,0.00698214,0.000865845
2085.75,0.00674571,-4.899e-05
2086,0.00686286,1.3845e-05
2086.25,0.00733998,0.0007455
2086.5,0.006944865,0.001715715
2086.75,0.0072846,0.00144201
2087,0.00681813,0.000288615
2087.25,0.00642834,-8.307e-05
2087.5,0.0070716,-0.00016401
2087.75,0.007779825,0.001200255
2088,0.007532745,0.00171678
2088.25,0.00752316,0.0011502
2088.5,0.00617487,-2.556e-05
2088.75,0.00647307,-0.000143775
2089,0.006542295,0.00010224
2089.25,0.00700983,0.00116085
2089.5,0.007777695,0.00205971
2089.75,0.00716319,0.000752955
2090,0.00669672,-0.000152295
2090.25,0.006510345,-0.000197025
2090.5,0.00696723,0.000738045
2090.75,0.006989595,0.00089886
2091,0.00682239,0.000906315
2091.25,0.0064965,0.00047286
2091.5,0.00623451,-0.000214065
2091.75,0.00667542,0.000384465
2092,0.00674571,0.000891405
2092.25,0.00655401,0.00054954
2092.5,0.00610884,0.000143775
2092.75,0.006077955,0.00048351
2093,0.00626646,0.000380205
2093.25,0.0063687,0.000801945
2093.5,0.00674784,0.00096915
2093.75,0.00622386,6.39e-06
2094,0.00668607,-0.000708225
2094.25,0.007008765,0.00043026
2094.5,0.007010895,0.00163584
2094.75,0.006371895,0.00160815
2095,0.005387835,0.00043239
2095.25,0.005319675,-4.899e-05
2095.5,0.00512052,-1.917e-05
2095.75,0.00532287,0.000254535
2096,0.00403635,0.001221555
2096.25,0.00391494,0.00105435
2096.5,0.003558165,0.0001491
2096.75,0.00355284,-0.00012141
2097,0.003274875,4.473e-05
2097.25,0.003803115,0.001025595
2097.5,0.005051295,0.00129504
2097.75,0.005283465,0.0010224
2098,0.004946925,0.00070716
2098.25,0.003956475,0.000182115
2098.5,0.00345486,0.000686925
2098.75,0.00295218,0.00103944
2099,0.00368277,0.000774255
2099.25,0.004109835,0.000527175
2099.5,0.005061945,0.000808335
2099.75,0.00507579,0.001066065
2100,0.00482232,0.001085235
2100.25,0.005168445,0.0013845
2100.5,0.004567785,0.00039618
2100.75,0.00453903,0.00025347
2101,0.003988425,0.000527175
2101.25,0.004738185,0.001438815
2101.5,0.00480528,0.0012141
2101.75,0.004131135,0.000987255
2102,0.0047286,6.0705e-05
2102.25,0.005010825,-4.3665e-05
2102.5,0.005901165,0.000341865
2102.75,0.01499094,-0.000145905
2103,0.013443495,-0.000520785
2103.25,0.01125279,-0.000356775
2103.5,0.0036423,-5.6445e-05
2103.75,0.00396819,0.00021939
2104,0.00458589,0.00077319
2104.25,0.004663635,0.00085626
2104.5,0.0047499,0.00085626
2104.75,0.00461145,0.000363165
2105,0.00480315,0.000184245
2105.25,0.005012955,0.00060492
2105.5,0.00526962,0.00082005
2105.75,0.005306895,0.000689055
2106,0.00541446,0.000608115
2106.25,0.004774395,0.000167205
2106.5,0.005413395,0.00060279
2106.75,0.00537825,0.000224715
2107,0.00656892,0.0005751
2107.25,0.006405975,0.000652845
2107.5,0.00662004,0.000623025
2107.75,0.007062015,0.000710355
2108,0.00667542,0.00062622
2108.25,0.006503955,0.00059427
2108.5,0.00659235,0.00084135
2108.75,0.00692889,0.00107352
2109,0.007279275,0.000350385
2109.25,0.00714828,0.00043665
2109.5,0.007345305,0.00060492
2109.75,0.007645635,0.00116937
2110,0.00765735,0.00136959
2110.25,0.007336785,0.00125244
2110.5,0.00646881,-0.000173595
2110.75,0.00648585,-0.00013206
2111,0.007532745,0.001110795
2111.25,0.007903365,0.002329155
2111.5,0.008052465,0.001800915
2111.75,0.007243065,0.000478185
2112,0.00699492,-4.473e-05
2112.25,0.00669246,-0.000111825
2112.5,0.00708012,0.000912705
2112.75,0.007583865,0.00203841
2113,0.007628595,0.0020661
2113.25,0.00683091,0.000422805
2113.5,0.00674145,-2.556e-05
2113.75,0.00666903,7.1355e-05
2114,0.007458195,0.00113316
2114.25,0.00695019,0.001004295
2114.5,0.00780858,0.001223685
2114.75,0.007119525,0.000546345
2115,0.006448575,-4.26e-05
2115.25,0.006706305,0.000593205
2115.5,0.00678618,0.001029855
2115.75,0.007228155,0.00156981
2116,0.00664986,0.000614505
2116.25,0.00644112,0.00014484
2116.5,0.005994885,-4.3665e-05
2116.75,0.006333555,0.00101388
2117,0.00650715,0.001002165
2117.25,0.00664986,0.000974475
2117.5,0.00712485,0.00073698
2117.75,0.006925695,0.000427065
2118,0.007347435,0.00085839
2118.25,0.00740814,0.0011076
2118.5,0.007055625,0.00061557
2118.75,0.006120555,0.00032376
2119,0.00585537,0.000706095
2119.25,0.005709465,0.00103092
2119.5,0.00639,0.002090595
2119.75,0.005651955,0.00126735
2120,0.003600765,0.00011289
2120.25,0.00353367,-5.325e-05
2120.5,0.00378927,0
2120.75,0.004437855,0.00116085
2121,0.00602577,0.00230892
2121.25,0.005247255,0.001108665
2121.5,0.00512052,-2.2365e-05
2121.75,0.005238735,0
2122,0.005532675,0.0008307
2122.25,0.006610455,0.002352585
2122.5,0.004199295,0.00131847
2122.75,0.004137525,0.00030885
2123,0.004629555,-7.5615e-05
2123.25,0.005089635,-4.3665e-05
2123.5,0.0065178,0.001837125
2123.75,0.006448575,0.00238773
2124,0.00623238,0.00213426
2124.25,0.00553161,0.000239625
2124.5,0.005551845,3.0885e-05
2124.75,0.00555078,0.00020235
2125,0.00461358,0.001219425
2125.25,0.005168445,0.00193191
2125.5,0.00576378,0.002122545
2125.75,0.00538677,0.00037488
2126,0.00543789,0.000267315
2126.25,0.005598705,0.00010863
2126.5,0.0063048,0.00135042
2126.75,0.00665838,0.00173169
2127,0.0065178,0.0015762
2127.25,0.00526962,-3.5145e-05
2127.5,0.004706235,1.704e-05
2127.75,0.004961835,0.00041748
2128,0.005888385,0.0019596
2128.25,0.006231315,0.001945755
2128.5,0.00561255,0.00116724
2128.75,0.0053463,0.00017892
2129,0.005935245,8.094e-05
2129.25,0.00607476,0.00047073
2129.5,0.006887355,0.00156342
2129.75,0.006921435,0.00165714
2130,0.006618975,0.001174695
2130.25,0.006060915,-1.3845e-05
2130.5,0.005711595,0.000135255
2130.75,0.006052395,0.000326955
2131,0.007628595,0.001259895
2131.25,0.00782775,0.000987255
2131.5,0.007460325,0.000537825
2131.75,0.007328265,-5.8575e-05
2132,0.00721644,-0.000150165
2132.25,0.00733785,0.00056871
2132.5,0.008359185,0.00146757
2132.75,0.007285665,0.001460115
2133,0.00708012,0.00022578
2133.25,0.00689481,-0.00011502
2133.5,0.00723348,6.2835e-05
2133.75,0.008007735,0.00110334
2134,0.008067375,0.001509105
2134.25,0.00811317,0.00169335
2134.5,0.00696723,0.000171465
2134.75,0.00659022,-0.000175725
2135,0.006559335,-9.2655e-05
2135.25,0.00723561,0.00122688
2135.5,0.008393265,0.002525115
2135.75,0.00785331,0.001749795
2136,0.00617061,-0.000205545
2136.25,0.00618765,-8.52e-05
2136.5,0.00621534,0.000286485
2136.75,0.00669033,0.001472895
2137,0.00723561,0.001860555
2137.25,0.00670311,0.001142745
2137.5,0.006201495,0.000122475
2137.75,0.006461355,-6.39e-05
2138,0.00652419,0.00065604
2138.25,0.00719301,0.00140367
2138.5,0.007526355,0.002569845
2138.75,0.007010895,0.000944655
2139,0.00585963,0.0001278
2139.25,0.0057084,-0.00012567
2139.5,0.00674997,0.00098406
2139.75,0.006736125,0.00105861
2140,0.00613653,0.00046647
2140.25,0.006350595,0.00038766
2140.5,0.00568284,0.00037488
2140.75,0.0058149,0.000567645
2141,0.006056655,0.00064965
2141.25,0.006086475,0.000401505
2141.5,0.00620682,-0.000133125
2141.75,0.006410235,0.00011289
2142,0.007223895,0.00052611
2142.25,0.007266495,0.00074763
2142.5,0.00698853,0.00087117
2142.75,0.00554865,0.000339735
2143,0.006331425,-8.2005e-05
2143.25,0.0253257,0.000476055
2143.5,0.03704283,0.0012567
2143.75,0.044929155,-0.00049416
2144,0.04523907,-0.00149952
2144.25,0.04864494,-0.00219177
2144.5,0.05656002,-0.001988355
2144.75,0.06175935,-0.002175795
2145,0.066516705,-0.001517625
2145.25,0.087967935,-0.002363235
2145.5,0.088038225,-0.002352585
2145.75,0.087933855,-0.00258795
2146,0.083558835,-0.00281586
2146.25,0.09547086,-0.00212148
2146.5,0.08384106,-0.002744505
2146.75,0.086766615,-0.00306507
2147,0.090189525,-0.003357945
2147.25,0.089407815,-0.003219495
2147.5,0.095923485,-0.00345486
2147.75,0.09735804,-0.00324186
2148,0.09130884,-0.00339948
2148.25,0.079501185,-0.004120485
2148.5,0.088587765,-0.00401718
2148.75,0.067924635,-0.003905355
2149,0.059244885,-0.00358479
2149.25,0.05596149,-0.003381375
2149.5,0.05794239,-0.004143915
2149.75,0.05008482,-0.00562959
2150,0.050128485,-0.006180195
2150.25,0.05296884,-0.00541872
2150.5,0.054156315,-0.00408108
2150.75,0.05368452,-0.004731795
2151,0.05325213,-0.005752065
2151.25,0.05518617,-0.006891615
2151.5,0.04330716,-0.005624265
2151.75,0.044004735,-0.005260035
2152,0.045229485,-0.004987395
2152.25,0.04974615,-0.00527601
2152.5,0.032937255,-0.00569775
2152.75,0.039399675,-0.004122615
2153,0.035555025,-0.003179025
2153.25,0.043299705,-0.002437785
2153.5,0.032366415,-0.00252831
2153.75,0.027152175,-0.003756255
2154,0.026223495,-0.00435372
2154.25,0.023820855,-0.00241329
2154.5,0.021801615,-0.00079875
2154.75,0.019213665,-0.000782775
2155,0.011709675,-0.00054528
2155.25,0.010495575,-0.000473925
2155.5,0.011432775,-0.000686925
2155.75,0.013490355,0.00034506
2156,0.013645845,0.00074976
2156.25,0.013818375,0.000520785
2156.5,0.013762995,-0.00047925
2156.75,0.010878975,-0.000437715
2157,0.00636231,0.00072207
2157.25,0.00753381,0.00165075
2157.5,0.007997085,0.002263125
2157.75,0.007905495,0.001489935
2158,0.00729525,0.0011715
2158.25,0.0066882,0.000597465
2158.5,0.007417725,0.00157833
2158.75,0.00694593,0.001176825
2159,0.006604065,0.000693315
2159.25,0.00640278,0.000936135
2159.5,0.007300575,0.000876495
2159.75,0.00715254,0.001223685
2160,0.00697149,0.001164045
2160.25,0.00644112,0.000525045
2160.5,0.0061131,0.00037488
2160.75,0.00578508,0.00021513
2161,0.007006635,0.001034115
2161.25,0.00693102,0.00116511
2161.5,0.00776172,0.000801945
2161.75,0.007360215,0.00014697
2162,0.007302705,0.000235365
2162.25,0.008046075,0.000761475
2162.5,0.007701015,0.000995775
2162.75,0.007620075,0.001076715
2163,0.00769143,0.00074124
2163.25,0.00762753,0.000574035
2163.5,0.007952355,0.00062622
2163.75,0.007943835,0.001189605
2164,0.007306965,0.00081579
2164.25,0.00670737,9.2655e-05
2164.5,0.006721215,0.0001278
2164.75,0.00762753,0.00099258
2165,0.00843906,0.001639035
2165.25,0.007673325,0.001115055
2165.5,0.00719727,0.00018957
2165.75,0.00714402,0.00021939
2166,0.007841595,0.00022152
2166.25,0.00825375,0.000985125
2166.5,0.009398625,0.00110121
2166.75,0.00717597,0.00062196
2167,0.00488622,0.0004047
2167.25,0.004655115,0.000231105
2167.5,0.00976605,0.00073698
2167.75,0.020423505,0.000405765
2168,0.014810955,1.278e-05
2168.25,0.01521033,-5.751e-05
2168.5,0.015539415,-0.00071355
2168.75,0.015524505,-0.000414285
2169,0.018368055,-0.000642195
2169.25,0.02532996,-0.00170826
2169.5,0.020495925,-0.001585785
2169.75,0.023256405,-0.00125457
2170,0.025156365,-0.00105648
2170.25,0.043915275,-0.00130995
2170.5,0.03592245,-0.00160602
2170.75,0.03796725,-0.001775355
2171,0.0495012,-0.00248145
2171.25,0.04338171,-0.0019383
2171.5,0.044607525,-0.002079945
2171.75,0.04383966,-0.002442045
2172,0.04131135,-0.00323121
2172.25,0.03897687,-0.00358266
2172.5,0.03652311,-0.002454825
2172.75,0.039218625,-0.00324186
2173,0.03916644,-0.00437289
2173.25,0.048714165,-0.005066205
2173.5,0.047178435,-0.004925625
2173.75,0.04480455,-0.00539316
2174,0.042343335,-0.004109835
2174.25,0.0364017,-0.00382548
2174.5,0.03709821,-0.00331215
2174.75,0.0309276,-0.00502254
2175,0.03325356,-0.003892575
2175.25,0.04281513,-0.00386382
2175.5,0.043059015,-0.00308211
2175.75,0.046863195,-0.00389577
2176,0.043898235,-0.00356562
2176.25,0.04934145,-0.00533565
2176.5,0.04999749,-0.002853135
2176.75,0.046326435,-0.002897865
2177,0.040958835,-0.001615605
2177.25,0.04445736,-0.00302247
2177.5,0.038202615,-0.002812665
2177.75,0.036136515,-0.001903155
2178,0.03729417,-0.001225815
2178.25,0.02118711,-0.00115233
2178.5,0.01696971,-0.001213035
2178.75,0.017034675,-0.00113955
2179,0.017782305,-0.0010437
2179.25,0.01760658,-0.00037062
2179.5,0.018779145,-0.000642195
2179.75,0.01845006,-0.00110973
2180,0.015249735,-0.001402605
2180.25,0.012697995,-0.00088608
2180.5,0.01414107,-0.00024708
2180.75,0.012770415,0.000748695
2181,0.011552055,0.000459015
2181.25,0.009935385,-0.000135255
2181.5,0.007886325,-5.325e-05
2181.75,0.010740525,0.00026412
2182,0.008367705,0.00156555
2182.25,0.008120625,0.00152508
2182.5,0.007556175,0.00011076
2182.75,0.00605559,2.6625e-05
2183,0.007328265,4.473e-05
2183.25,0.00776598,0.000605985
2183.5,0.007660545,0.00118641
2183.75,0.008393265,0.001164045
2184,0.006612585,0.000759345
2184.25,0.00701622,0.00053676
2184.5,0.007455,1.5975e-05
2184.75,0.006327165,0.00125244
2185,0.008327235,0.001189605
2185.25,0.006099255,3.3015e-05
2185.5,0.00737406,0.000267315
2185.75,0.00857325,0.000891405
2186,0.00710568,0.001394085
2186.25,0.0079449,0.001262025
2186.5,0.0082218,0.00048351
2186.75,0.00697149,-7.668e-05
2187,0.00832617,-0.00010437
2187.25,0.00629628,0.000231105
2187.5,0.00851361,0.00269871
2187.75,0.00821754,0.002471865
2188,0.006636015,0.000190635
2188.25,0.00752103,-9.798e-05
2188.5,0.005905425,-3.5145e-05
2188.75,0.006452835,0.00119493
2189,0.008665905,0.001383435
2189.25,0.006821325,0.00110334
2189.5,0.008024775,0.000887145
2189.75,0.00746352,-5.8575e-05
2190,0.00674145,0.000358905
2190.25,0.009223965,0.00077958
2190.5,0.010276185,-0.000339735
2190.75,0.00812808,-0.000597465
2191,0.01003443,-0.000133125
2191.25,0.00693102,0.000101175
2191.5,0.014649075,-6.2835e-05
2191.75,0.01312293,-0.000488835
2192,0.013765125,-0.001843515
2192.25,0.019548075,-0.00168696
2192.5,0.01927437,-0.002554935
2192.75,0.02176434,-0.00194043
2193,0.028091505,-0.002288685
2193.25,0.02473569,-0.00216195
2193.5,0.03227589,-0.00294792
2193.75,0.03747096,-0.00321204
2194,0.042765075,-0.00372963
2194.25,0.040328355,-0.002767935
2194.5,0.04094073,-0.002001135
2194.75,0.04231245,-0.002158755
2195,0.041736285,-0.002831835
2195.25,0.03850614,-0.003095955
2195.5,0.03844011,-0.00197238
2195.75,0.050379825,-0.001783875
2196,0.043380645,-0.00361887
2196.25,0.042140985,-0.003064005
2196.5,0.045802455,6.39e-05
2196.75,0.05240865,-0.000791295
2197,0.03482763,-0.00335688
2197.25,0.03347295,-0.004966095
2197.5,0.03450174,-0.003509175
2197.75,0.04678758,0.001664595
2198,0.03877239,-0.00262416
2198.25,0.03252936,-0.002631615
2198.5,0.036162075,-0.002467605
2198.75,0.031910595,-0.003010755
2199,0.03256344,-0.003059745
2199.25,0.04327734,-0.0027903
2199.5,0.048015525,-0.00134403
2199.75,0.03961161,-0.002131065
2200,0.046290225,-0.00305442
2200.25,0.047857905,-0.004921365
2200.5,0.04604847,-0.005274945
2200.75,0.04316019,-0.004067235
2201,0.042089865,-0.003794595
2201.25,0.03979905,-0.0030459
2201.5,0.042801285,-0.003622065
2201.75,0.025294815,-0.00177642
2202,0.02130852,-0.002122545
2202.25,0.02531931,-0.00139089
2202.5,0.030596385,-0.001321665
2202.75,0.02667186,-0.001419645
2203,0.02653767,-0.001345095
2203.25,0.02746209,-0.00074124
2203.5,0.02940252,-0.00107778
2203.75,0.03590328,-1.278e-05
2204,0.021081675,-0.00120984
2204.25,0.011400825,-0.00072207
2204.5,0.014862075,-0.000938265
2204.75,0.01356597,0.000686925
2205,0.01400049,0.000972345
2205.25,0.012303945,0.000388725
2205.5,0.01214739,-0.000902055
2205.75,0.011950365,-0.000842415
2206,0.012061125,-0.00064326
2206.25,0.010122825,0.00100962
2206.5,0.00975327,0.00142497
2206.75,0.009641445,0.000467535
2207,0.00927189,-0.00037914
2207.25,0.00970641,-0.000497355
2207.5,0.009575415,0.000659235
2207.75,0.01023252,0.00084348
2208,0.01055841,-0.000160815
2208.25,0.01125918,0.00020022
2208.5,0.010957785,0.000228975
2208.75,0.01228158,0.000150165
2209,0.01073733,0.000542085
2209.25,0.01095033,-0.00032163
2209.5,0.010205895,-0.000614505
2209.75,0.010399725,-0.00096489
2210,0.01180233,0.00058788
2210.25,0.012808755,0.0013206
2210.5,0.01044765,0.0009372
2210.75,0.012135675,-0.000889275
2211,0.009841665,-0.000561255
2211.25,0.01157868,-0.001012815
2211.5,0.011066415,0.000612375
2211.75,0.01170009,0.000197025
2212,0.01062231,0.00030885
2212.25,0.011647905,-4.899e-05
2212.5,0.009792675,0.00024495
2212.75,0.011730975,-0.000126735
2213,0.01012389,0.000490965
2213.25,0.01133586,-0.000605985
2213.5,0.010282575,-0.000510135
2213.75,0.011202735,-0.000940395
2214,0.009756465,0.00011715
2214.25,0.01440093,0.000654975
2214.5,0.01716993,-4.7925e-05
2214.75,0.011982315,-0.00118215
2215,0.010721355,-0.0012993
2215.25,0.01086939,-0.00105861
2215.5,0.01574283,-0.000567645
2215.75,0.01443927,-0.00085413
2216,0.013356165,-0.0010011
2216.25,0.018928245,-0.00171891
2216.5,0.01617096,-0.00116085
2216.75,0.02211366,-0.001864815
2217,0.02482941,-0.000297135
2217.25,0.021004995,-0.002657175
2217.5,0.036443235,-0.002410095
2217.75,0.03985869,0.00139728
2218,0.031478205,-0.001719975
2218.25,0.02776881,-0.00256665
2218.5,0.029752905,-0.003408
2218.75,0.02361957,-0.00297774
2219,0.023117955,-0.00283077
2219.25,0.025970025,-0.00274131
2219.5,0.0366147,-0.00292875
2219.75,0.042334815,-0.00258369
2220,0.03450387,-0.003392025
2220.25,0.04101954,-0.003534735
2220.5,0.045201795,-0.002774325
2220.75,0.04872588,-0.002163015
2221,0.041291115,-0.00398949
2221.25,0.037904415,-0.00440697
2221.5,0.044458425,-0.00129078
2221.75,0.05579322,-0.00261138
2222,0.05485602,-0.002806275
2222.25,0.055191495,-0.00349959
2222.5,0.079609815,-0.00134829
2222.75,0.087326805,0.000650715
2223,0.049408545,-0.00347829
2223.25,0.04179912,-0.00248145
2223.5,0.043041975,-0.00486705
2223.75,0.035422965,-0.002908515
2224,0.034849995,-0.00376584
2224.25,0.02946642,-0.003281265
2224.5,0.029113905,-0.00204906
2224.75,0.023007195,-0.002079945
2225,0.02911284,-0.002327025
2225.25,0.025503555,-0.00181476
2225.5,0.02524689,-0.002456955
2225.75,0.01905711,-0.001647555
2226,0.01692498,-0.00107352
2226.25,0.019281825,-0.00168483
2226.5,0.02041605,-0.00214278
2226.75,0.0179772,-0.00163158
2227,0.01573005,-0.000522915
2227.25,0.013104825,0.000295005
2227.5,0.008184525,0.000280095
2227.75,0.006506085,-0.00042813
2228,0.006708435,-0.000510135
2228.25,0.0060279,-0.000365295
2228.5,0.006158895,0.000446235
2228.75,0.006584895,0.00118641
2229,0.006237705,0.0006177
2229.25,0.00558273,3.7275e-05
2229.5,0.00533565,-9.4785e-05
2229.75,0.00593844,0.00037488
2230,0.006192975,0.00067521
2230.25,0.005372925,0.00016188
2230.5,0.00546984,0.00016827
2230.75,0.0053889,0.0004047
2231,0.00602364,0.000686925
2231.25,0.005607225,0.00078597
2231.5,0.00618552,0.000718875
2231.75,0.00531222,-0.00015336
2232,0.00524832,-0.000162945
2232.25,0.00546984,-0.000169335
2232.5,0.00574035,0.00094146
2232.75,0.005907555,0.001479285
2233,0.00548688,0.00078171
2233.25,0.00528666,-6.0705e-05
2233.5,0.005451735,-5.6445e-05
2233.75,0.005854305,0.000669885
2234,0.006167415,0.00110334
2234.25,0.00559764,0.00021939
2234.5,0.00593418,0.000322695
2234.75,0.00610671,0.00070929
2235,0.0059214,0.000727395
2235.25,0.006205755,0.00105009
2235.5,0.00598104,0.00066669
2235.75,0.005372925,-0.00015123
2236,0.005298375,-0.000179985
2236.25,0.005407005,-7.029e-05
2236.5,0.005728635,0.00088182
2236.75,0.005752065,0.001268415
2237,0.005639175,0.000657105
2237.25,0.005850045,0.00042387
2237.5,0.005404875,-0.00024495
2237.75,0.006022575,0.000503745
2238,0.006580635,0.00108417
2238.25,0.005539065,0.00010863
2238.5,0.005464515,-9.798e-05
2238.75,0.004812735,-0.00017253
2239,0.00710781,-0.000597465
2239.25,0.010913055,0.00072207
2239.5,0.00871596,0.000111825
2239.75,0.00663069,-0.00077745
2240,0.012915255,-0.000985125
2240.25,0.01534452,-0.001189605
2240.5,0.017313705,-0.00061557
2240.75,0.01778124,-0.000695445
2241,0.01868436,-0.001577265
2241.25,0.019675875,-0.002054385
2241.5,0.019562985,-0.001988355
2241.75,0.02034363,-0.001460115
2242,0.019957035,-0.001306755
2242.25,0.021626955,-0.001858425
2242.5,0.01767687,-0.002118285
2242.75,0.016789725,-0.001879725
2243,0.01653519,-0.001990485
2243.25,0.018941025,-0.001351485
2243.5,0.022764375,-0.00171678
2243.75,0.01879938,-0.00178068
2244,0.021501285,-0.00099258
2244.25,0.022553505,-0.001462245
2244.5,0.01818381,-0.0013419
2244.75,0.01824984,-0.00107565
2245,0.01836486,-0.001498455
2245.25,0.015087855,-0.00154212
2245.5,0.017575695,-0.00126522
2245.75,0.022755855,-0.001068195
2246,0.018293505,3.9405e-05
2246.25,0.01810074,-0.00012141
2246.5,0.020176425,-0.00208527
2246.75,0.01717632,-0.001915935
2247,0.01578969,-0.002020305
2247.25,0.02168979,-0.00154851
2247.5,0.01761084,-0.001219425
2247.75,0.013230495,-0.001153395
2248,0.01774929,-0.00110547
2248.25,0.015692775,-0.000642195
2248.5,0.012627705,-0.000361035
2248.75,0.018638565,-0.00098619
2249,0.014755575,-0.0009159
2249.25,0.01108665,-0.000473925
2249.5,0.00994071,-0.00052611
2249.75,0.00718875,-0.0003408
2250,0.00678831,0.000220455
2250.25,0.010250625,0.000563385
2250.5,0.009004575,0.00029181
2250.75,0.006840495,5.4315e-05
2251,0.005081115,-9.9045e-05
2251.25,0.0049842,2.4495e-05
2251.5,0.005935245,0.000654975
2251.75,0.005245125,0.000533565
2252,0.00541659,0
2252.25,0.00564237,0.00019383
2252.5,0.00587667,0.000708225
2252.75,0.006178065,0.00125883
2253,0.00620043,0.00116085
2253.25,0.005622135,0.00026838
2253.5,0.005622135,8.8395e-05
2253.75,0.00509922,-7.5615e-05
2254,0.00548262,0.00016401
2254.25,0.00609606,0.0010863
2254.5,0.00541233,0.000556995
2254.75,0.005860695,0.000797685
2255,0.005696685,0.0009585
2255.25,0.005451735,0.000320565
2255.5,0.00639,0.00081153
2255.75,0.00601512,0.0010011
2256,0.00525258,0.00016188
2256.25,0.005436825,1.704e-05
2256.5,0.00501615,-3.834e-05
2256.75,0.005117325,0.000211935
2257,0.005545455,0.001051155
2257.25,0.00630267,0.001400475
2257.5,0.00580212,0.000648585
2257.75,0.005196135,6.0705e-05
2258,0.00547836,0.00017253
2258.25,0.00588945,0.00086265
2258.5,0.00633036,0.00146118
2258.75,0.00546132,-1.3845e-05
2259,0.00536973,7.668e-05
2259.25,0.005274945,3.408e-05
2259.5,0.005549715,0.00052185
2259.75,0.006957645,0.002497425
2260,0.00561468,0.00113742
2260.25,0.005436825,0.000231105
2260.5,0.004951185,6.7095e-05
2260.75,0.003986295,0.000182115
2261,0.00591501,0.00093933
2261.25,0.005485815,0.001242855
2261.5,0.005626395,0.000105435
2261.75,0.00512691,-3.3015e-05
2262,0.0057297,0.000397245
2262.25,0.00572544,0.000816855
2262.5,0.006156765,0.001790265
2262.75,0.004848945,0.000829635
2263,0.004648725,0.000363165
2263.25,0.00414711,0.00017253
2263.5,0.004378215,0.00033867
2263.75,0.004582695,0.000625155
2264,0.003311085,0.00102027
2264.25,0.002795625,0.000467535
2264.5,0.00284355,0.00024069
2264.75,0.004041675,0.00097554
2265,0.00392346,0.00077745
2265.25,0.00411516,0.001021335
2265.5,0.004171605,0.001400475
2265.75,0.003766905,0.000488835
2266,0.00346338,0.000263055
2266.25,0.003515565,0.000267315
2266.5,0.002439915,0.00027477
2266.75,0.00261138,0.00120771
2267,0.0037914,0.00151017
2267.25,0.00347403,0.00101175
2267.5,0.003945825,0.00112464
2267.75,0.00335475,0.000343995
2268,0.00357627,0.000789165
2268.25,0.00414072,0.00168057
2268.5,0.003720045,0.001038375
2268.75,0.003573075,0.000256665
2269,0.002565585,0.000318435
2269.25,0.002480385,0.000246015
2269.5,0.00394263,0.002169405
2269.75,0.0043665,0.002859525
2270,0.003624195,0.001136355
2270.25,0.00357627,0.000322695
2270.5,0.00369555,0.00041322
2270.75,0.003832935,0.000135255
2271,0.00471156,0.002069295
2271.25,0.00465618,0.00188931
2271.5,0.0034719,0.0004047
2271.75,0.004016115,0.000838155
2272,0.00413433,0.0009159
2272.25,0.00446874,0.00130143
2272.5,0.004171605,0.001281195
2272.75,0.003822285,0.00048138
2273,0.00391707,0.000148035
2273.25,0.004026765,0.000137385
2273.5,0.003926655,0.000137385
2273.75,0.00526323,0.000912705
2274,0.005458125,0.000784905
2274.25,0.004908585,0.000241755
2274.5,0.003888315,-5.325e-06
2274.75,0.005106675,3.195e-06
2275,0.00628563,0.000295005
2275.25,0.00603855,0.000503745
2275.5,0.00619191,0.00018744
2275.75,0.00520146,-5.538e-05
2276,0.00556782,0.000113955
2276.25,0.00640917,0.000978735
2276.5,0.00661578,0.00182328
2276.75,0.00627498,0.00088182
2277,0.0053463,9.585e-05
2277.25,0.00535269,0.000113955
2277.5,0.00614718,0.000201285
2277.75,0.006354855,0.00089673
2278,0.006627495,0.001466505
2278.25,0.00620682,0.00072207
2278.5,0.005751,0.000755085
2278.75,0.006239835,0.00113316
2279,0.005498595,0.000316305
2279.25,0.006020445,0.00103518
2279.5,0.006397455,0.00109056
2279.75,0.00570414,0
2280,0.0056019,3.834e-05
2280.25,0.005745675,6.9225e-05
2280.5,0.005522025,0.000456885
2280.75,0.006512475,0.00126096
2281,0.00576165,0.00060492
2281.25,0.00533352,0.000103305
2281.5,0.005769105,-1.8105e-05
2281.75,0.005415525,3.3015e-05
2282,0.00646029,0.001065
2282.25,0.00571692,0.000499485
2282.5,0.00566793,6.4965e-05
2282.75,0.005526285,-3.0885e-05
2283,0.00627924,0.000750825
2283.25,0.00669033,0.00155277
2283.5,0.00629202,0.00109056
2283.75,0.005764845,6.177e-05
2284,0.005179095,-0.000116085
2284.25,0.00571479,1.278e-05
2284.5,0.005108805,0.00018744
2284.75,0.00587667,0.00108204
2285,0.00584685,0.00065604
2285.25,0.005174835,-1.8105e-05
2285.5,0.006395325,0.00094359
2285.75,0.006120555,0.0008094
2286,0.006063045,0.000767865
2286.25,0.006489045,0.001104405
2286.5,0.006037485,0.00019809
2286.75,0.00463914,9.2655e-05
2287,0.00448152,0.000346125
2287.25,0.004567785,0.0003408
2287.5,0.00454542,0.001334445
2287.75,0.00454116,0.001502715
2288,0.00302247,0.00105648
2288.25,0.00303099,0.000533565
2288.5,0.00264972,9.798e-05
2288.75,0.003615675,0.0006603
2289,0.00419397,0.00133764
2289.25,0.00379566,0.000550605
2289.5,0.003905355,0.0003621
2289.75,0.00396393,0.000269445
2290,0.004224855,0.000880755
2290.25,0.00525684,0.0023004
2290.5,0.002674215,0.001653945
2290.75,0.002608185,0.00029394
2291,0.00295857,0.00024282
2291.25,0.00344421,0.0002343
2291.5,0.004171605,0.000610245
2291.75,0.004857465,0.001524015
2292,0.00410025,0.00104157
2292.25,0.00461358,0.000951045
2292.5,0.00420462,0.001198125
2292.75,0.00409812,0.000669885
2293,0.00327381,0.00121197
2293.25,0.0034506,0.001464375
2293.5,0.00369981,0.00064113
2293.75,0.003421845,0.000190635
2294,0.00358266,0.000280095
2294.25,0.003822285,0.00063048
2294.5,0.0048351,0.00228336
2294.75,0.00462636,0.00203628
2295,0.00426213,0.000642195
2295.25,0.003679575,0.00034293
2295.5,0.00329724,0.00033228
2295.75,0.00351237,0.000963825
2296,0.003756255,0.001247115
2296.25,0.00407469,0.0007029
2296.5,0.00406191,0.000721005
2296.75,0.004056585,0.00054102
2297,0.00450708,0.0003834
2297.25,0.004914975,0.0008307
2297.5,0.004765875,0.00057936
2297.75,0.00456459,-6.0705e-05
2298,0.004356915,0.0004899
2298.25,0.004708365,0.001040505
2298.5,0.005477295,0.00135894
2298.75,0.005630655,0.000733785
2299,0.00569136,0.000184245
2299.25,0.005010825,-9.585e-06
2299.5,0.00505023,1.8105e-05
2299.75,0.00586602,0.00043026
2300,0.00607902,0.001087365
2300.25,0.00612375,0.00126522
2300.5,0.00601512,0.000618765
2300.75,0.0054741,2.982e-05
2301,0.0051546,-5.325e-05
2301.25,0.006009795,0.0010863
2301.5,0.00574887,0.001266285
2301.75,0.0053676,0.000141645
2302,0.00514608,0.00021939
2302.25,0.00585111,0.000708225
2302.5,0.00613014,0.00159963
2302.75,0.005801055,0.002165145
2303,0.005511375,0.000706095
2303.25,0.00500124,5.325e-06
2303.5,0.00554226,-2.8755e-05
2303.75,0.005588055,0.000150165
2304,0.006201495,0.001475025
2304.25,0.005779755,0.00130995
2304.5,0.00520785,0.000473925
2304.75,0.005698815,0.001066065
2305,0.005377185,0.000525045
2305.25,0.00548475,0.000603855
2305.5,0.00588093,0.001470765
2305.75,0.005837265,0.000642195
2306,0.005560365,8.4135e-05
2306.25,0.005515635,0.000130995
2306.5,0.00632823,0.001102275
2306.75,0.006857535,0.002919165
2307,0.006120555,0.00175299
2307.25,0.00555078,0.00012993
2307.5,0.00548049,7.029e-05
2307.75,0.005370795,-0.000143775
2308,0.005852175,0.000927615
2308.25,0.005843655,0.001645425
2308.5,0.00506088,0.00064965
2308.75,0.005592315,0.001102275
2309,0.00574887,0.001340835
2309.25,0.00552096,0.00057723
2309.5,0.00636444,0.00160176
2309.75,0.00611523,0.001227945
2310,0.005228085,-9.0525e-05
2310.25,0.005372925,-7.5615e-05
2310.5,0.00622173,-0.000175725
2310.75,0.00616422,-0.000182115
2311,0.00621747,0.000710355
2311.25,0.01090986,7.1355e-05
2311.5,0.025254345,-0.000970215
2311.75,0.031646475,-0.000991515
2312,0.02701692,-0.000867975
2312.25,0.03221625,-0.000529305
2312.5,0.030166125,-0.000484575
2312.75,0.03096381,-0.00135255
2313,0.03314919,-0.00122262
2313.25,0.034353705,-0.00098406
2313.5,0.03660405,-0.00093081
2313.75,0.036852195,-0.000893535
2314,0.039408195,-0.00154212
2314.25,0.03902586,-0.001777485
2314.5,0.037039635,-0.001219425
2314.75,0.03941565,-0.001566615
2315,0.039853365,-0.000848805
2315.25,0.04213779,-0.0007242
2315.5,0.044692725,-0.001332315
2315.75,0.04753521,-0.001600695
2316,0.03361566,-0.002273775
2316.25,0.022890045,-0.002028825
2316.5,0.0242607,-0.001730625
2316.75,0.024973185,-0.00289254
2317,0.022436355,-0.002079945
2317.25,0.021303195,-0.00184671
2317.5,0.024587655,-0.00192552
2317.75,0.026508915,-0.00156129
2318,0.02474421,-0.00158685
2318.25,0.0239199,-0.002073555
2318.5,0.02380701,-0.001613475
2318.75,0.022625925,-0.001879725
2319,0.025808145,-0.00128013
2319.25,0.023814465,-0.00079023
2319.5,0.02294223,-0.00202989
2319.75,0.023117955,-0.002620965
2320,0.025115895,-0.002373885
2320.25,0.026879535,-0.00267528
2320.5,0.02890836,-0.00195747
2320.75,0.03039297,-0.00178281
2321,0.02755368,-0.002544285
2321.25,0.023927355,-0.00234087
2321.5,0.024023205,-0.0030672
2321.75,0.024125445,-0.002148105
2322,0.02084205,-0.00183606
2322.25,0.01690794,-0.002039475
2322.5,0.015658695,-0.00201285
2322.75,0.01456068,-0.00121836
2323,0.01496538,-0.00102027
2323.25,0.011688375,8.733e-05
2323.5,0.01165749,-0.00023004
2323.75,0.009907695,-0.000976605
2324,0.011588265,-0.0009372
2324.25,0.011556315,-0.001227945
2324.5,0.00892683,-0.000141645
2324.75,0.01113138,9.798e-05
2325,0.01047108,-3.5145e-05
2325.25,0.011313495,9.585e-06
2325.5,0.006382545,-0.00022791
2325.75,0.006544425,8.8395e-05
2326,0.007185555,0.000936135
2326.25,0.00661152,0.0007029
2326.5,0.005754195,3.5145e-05
2326.75,0.00646455,0.0002556
2327,0.00692463,0.000620895
2327.25,0.007421985,0.00155064
2327.5,0.007756395,0.00139515
2327.75,0.007236675,0.00043239
2328,0.006440055,3.9405e-05
2328.25,0.006520995,0.00011502
2328.5,0.00651141,8.733e-05
2328.75,0.006627495,0.00127374
2329,0.00788313,0.002689125
2329.25,0.00683517,0.00073485
2329.5,0.00637083,7.242e-05
2329.75,0.006420885,-0.00010011
2330,0.00677979,0.000292875
2330.25,0.007000245,0.00100962
2330.5,0.0067308,0.000578295
2330.75,0.00659448,4.047e-05
2331,0.00620043,-8.4135e-05
2331.25,0.007206855,0.000601725
2331.5,0.00797685,0.00169335
2331.75,0.007833075,0.001751925
2332,0.006382545,-2.2365e-05
2332.25,0.00600873,-0.00010437
2332.5,0.00589584,-0.00011502
2332.75,0.005813835,-4.1535e-05
2333,0.006870315,0.001213035
2333.25,0.006655185,0.00104157
2333.5,0.006561465,0.00079236
2333.75,0.0063261,0.00087969
2334,0.00565089,0.000228975
2334.25,0.006075825,0.000418545
2334.5,0.00636231,0.00074124
2334.75,0.007762785,-0.000414285
2335,0.007664805,-0.00066669
2335.25,0.008365575,-0.000508005
2335.5,0.02036706,-0.00034932
2335.75,0.029424885,0.00060066
2336,0.02167488,0.000612375
2336.25,0.027880635,-0.000407895
2336.5,0.02687208,-0.00050481
2336.75,0.02643969,-0.000533565
2337,0.033763695,-0.00035784
2337.25,0.03653163,-7.5615e-05
2337.5,0.042682005,-0.00195108
2337.75,0.043005765,-0.001630515
2338,0.0441123,-0.00116724
2338.25,0.04354785,-0.00205971
2338.5,0.03862542,-0.000989385
2338.75,0.042136725,-0.000789165
2339,0.04424436,-0.0017466
2339.25,0.04472574,-0.00162519
2339.5,0.040543485,-0.00256239
2339.75,0.042990855,-0.002595405
2340,0.03410982,-0.002589015
2340.25,0.02570058,-0.00385104
2340.5,0.020930445,-0.003587985
2340.75,0.02485284,-0.00350811
2341,0.02948772,-0.00425574
2341.25,0.034304715,-0.00328233
2341.5,0.0439632,-0.00509709
2341.75,0.049099695,-0.006386805
2342,0.04943517,-0.00706734
2342.25,0.04944795,-0.00628989
2342.5,0.050611995,-0.00634953
2342.75,0.04494513,-0.0042387
2343,0.050767485,-0.005781885
2343.25,0.04887072,-0.00527388
2343.5,0.0406404,-0.00503106
2343.75,0.043493535,-0.00421527
2344,0.046577775,-0.00392133
2344.25,0.048688605,-0.00343782
2344.5,0.049191285,-0.00437502
2344.75,0.04669599,-0.003287655
2345,0.04514322,-0.00279456
2345.25,0.04354785,-0.002676345
2345.5,0.03016506,-0.00229188
2345.75,0.021158355,-0.001517625
2346,0.01874826,-0.00190848
2346.25,0.015914295,-0.00157407
2346.5,0.0164649,-0.001336575
2346.75,0.01334658,-0.00041322
2347,0.00931449,5.538e-05
2347.25,0.008361315,-0.000218325
2347.5,0.008429475,-0.000424935
2347.75,0.00992154,-0.00020235
2348,0.009799065,0.000118215
2348.25,0.010597815,0.00021087
2348.5,0.00893748,-0.000160815
2348.75,0.0100749,-0.000640065
2349,0.00809187,-0.00022791
2349.25,0.006878835,-0.000205545
2349.5,0.007579605,0.00050055
2349.75,0.00838155,0.00129717
2350,0.00744648,0.000441975
2350.25,0.00771912,8.733e-05
2350.5,0.006540165,-0.0001704
2350.75,0.00781071,0.000380205
2351,0.00784692,0.00090525
2351.25,0.00749334,0.000427065
2351.5,0.006603,-5.6445e-05
2351.75,0.007860765,-0.00056445
2352,0.007211115,0.000388725
2352.25,0.00910149,0.00269019
2352.5,0.00762327,0.00232383
2352.75,0.00683517,0.000179985
2353,0.00697788,-9.585e-05
2353.25,0.00686073,-0.00030246
2353.5,0.006936345,0.00025134
2353.75,0.00822606,0.001014945
2354,0.007634985,0.000429195
2354.25,0.007735095,0.000459015
2354.5,0.008727675,0.000865845
2354.75,0.007070535,0.00055806
2355,0.00844758,0.000925485
2355.25,0.00825801,0.001053285
2355.5,0.00823884,-0.000207675
2355.75,0.00783627,-0.00034506
2356,0.006693525,-0.00028755
2356.25,0.007477365,0.00054102
2356.5,0.008395395,0.00183819
2356.75,0.007411335,0.0011502
2357,0.00674571,-0.00010437
2357.25,0.00723348,-0.000120345
2357.5,0.00778728,-0.000331215
2357.75,0.008437995,0.0007668
2358,0.007905495,0.000644325
2358.25,0.006834105,-0.00036636
2358.5,0.007847985,-0.00022791
2358.75,0.012729945,-0.00020022
2359,0.009677655,6.7095e-05
2359.25,0.00929958,-0.000218325
2359.5,0.011511585,-0.000865845
2359.75,0.01409421,-0.00097341
2360,0.0156342,-0.00160815
2360.25,0.019332945,-0.001389825
2360.5,0.01805814,-0.000731655
2360.75,0.023120085,-0.00077106
2361,0.02269089,-0.001338705
2361.25,0.024168045,-0.001166175
2361.5,0.02655471,-0.000729525
2361.75,0.02752173,-0.0011289
2362,0.02539386,-0.001417515
2362.25,0.02568141,-0.002934075
2362.5,0.02593488,-0.003749865
2362.75,0.02833326,-0.00347829
2363,0.03131313,-0.00384039
2363.25,0.033772215,-0.002970285
2363.5,0.02989668,-0.00294153
2363.75,0.030183165,-0.00394476
2364,0.031895685,-0.00523554
2364.25,0.03038871,-0.00469239
2364.5,0.0311406,-0.00438993
2364.75,0.032553855,-0.004310055
2365,0.0256665,-0.00393198
2365.25,0.022357545,-0.00322695
2365.5,0.02495082,-0.003905355
2365.75,0.02486349,-0.00352941
2366,0.025635615,-0.003666795
2366.25,0.02757924,-0.00239838
2366.5,0.031484595,-0.00220242
2366.75,0.030766785,-0.00201711
2367,0.02582412,-0.00279669
2367.25,0.029320515,-0.00274344
2367.5,0.024958275,-0.002934075
2367.75,0.02741523,-0.002725335
2368,0.026579205,-0.001809435
2368.25,0.026630325,-0.00151869
2368.5,0.031899945,-0.00145266
2368.75,0.026494005,-0.000850935
2369,0.026523825,-0.000808335
2369.25,0.02329581,-0.001021335
2369.5,0.021641865,-0.00075189
2369.75,0.01057332,-0.000640065
2370,0.007121655,-0.000369555
2370.25,0.008001345,1.704e-05
2370.5,0.007833075,0.000148035
2370.75,0.00958926,-5.325e-05
2371,0.00910575,-1.704e-05
2371.25,0.00809187,-0.00045156
2371.5,0.008284635,-0.000580425
2371.75,0.00773829,-0.00058149
2372,0.007701015,-0.000194895
2372.25,0.008190915,0.000527175
2372.5,0.007262235,0.000725265
2372.75,0.00652419,-5.325e-06
2373,0.00772125,-0.00074337
2373.25,0.00723774,-0.00067521
2373.5,0.00785118,-0.00069651
2373.75,0.008297415,0.000329085
2374,0.008016255,0.00035145
2374.25,0.006712695,-0.000365295
2374.5,0.00613227,-0.0003408
2374.75,0.00601086,-0.000437715
2375,0.006218535,-0.00028116
2375.25,0.006800025,0.000812595
2375.5,0.00717384,0.00086478
2375.75,0.006484785,-0.00046221
2376,0.00613653,-0.00039192
2376.25,0.005692425,-0.000175725
2376.5,0.005438955,0.00023856
2376.75,0.00631332,0.00126309
2377,0.0060066,0.00079023
2377.25,0.00544641,-5.0055e-05
2377.5,0.005564625,-6.7095e-05
2377.75,0.005602965,-0.0001065
2378,0.00604068,0.000608115
2378.25,0.006331425,0.001025595
2378.5,0.00603855,7.1355e-05
2378.75,0.005775495,0.000397245
2379,0.005826615,0.000444105
2379.25,0.005839395,-0.000256665
2379.5,0.00654975,0.00115659
2379.75,0.0064752,0.00134616
2380,0.00548688,0.0001491
2380.25,0.005321805,-0.000179985
2380.5,0.005519895,-6.7095e-05
2380.75,0.005481555,0.000337605
2381,0.00601299,0.001334445
2381.25,0.005990625,0.00094785
2381.5,0.005835135,-0.00018531
2381.75,0.006016185,-0.00023217
2382,0.00573396,-0.000192765
2382.25,0.006239835,0.000490965
2382.5,0.00671802,0.00086052
2382.75,0.00529944,0.00025347
2383,0.007677585,-0.0005538
2383.25,0.025659045,-0.001087365
2383.5,0.04084701,-0.00096702
2383.75,0.041966325,-0.000335475
2384,0.034176915,-0.000309915
2384.25,0.039729825,-0.001272675
2384.5,0.04075968,-0.00148248
2384.75,0.041080245,-0.00150165
2385,0.04493448,-0.00137811
2385.25,0.0414285,-0.00071568
2385.5,0.05311155,-0.000838155
2385.75,0.049402155,-0.00150378
2386,0.045661875,-0.001187475
2386.25,0.043384905,-0.001255635
2386.5,0.044780055,-0.000407895
2386.75,0.045299775,-0.00043452
2387,0.050017725,-0.000857325
2387.25,0.03625473,-0.00144414
2387.5,0.038023695,-0.001059675
2387.75,0.03908763,-0.001402605
2388,0.057440775,-0.00411303
2388.25,0.05124993,-0.003962865
2388.5,0.05417229,-0.00358905
2388.75,0.058007355,-0.00438993
2389,0.05661966,-0.001828605
2389.25,0.061108635,-0.002307855
2389.5,0.06575736,-0.00281799
2389.75,0.06383184,-0.00099258
2390,0.069015195,-0.001930845
2390.25,0.06592137,-0.003245055
2390.5,0.063909585,-0.004177995
2390.75,0.066148215,-0.005583795
2391,0.066757395,-0.004689195
2391.25,0.065781855,-0.003830805
2391.5,0.05192727,-0.00390216
2391.75,0.05121372,-0.00203415
2392,0.050727015,-0.00267954
2392.25,0.04253397,-0.00248358
2392.5,0.037024725,-0.002420745
2392.75,0.030711405,-0.002467605
2393,0.030698625,-0.00202563
2393.25,0.02418189,-0.00141006
2393.5,0.01981752,-0.00096915
2393.75,0.021386265,-0.0014697
2394,0.019092255,-0.001353615
2394.25,0.0178494,-0.000303525
2394.5,0.016972905,-0.00095637
2394.75,0.017428725,-0.001451595
2395,0.01685469,-0.001617735
2395.25,0.01397919,-0.00037275
2395.5,0.014621385,-0.000708225
2395.75,0.015803535,0.000712485
2396,0.01509531,-5.2185e-05
2396.25,0.01572579,0.00070716
2396.5,0.014810955,4.473e-05
2396.75,0.01521672,0.00013845
2397,0.01486101,-0.001274805
2397.25,0.014408385,-0.000514395
2397.5,0.01056906,-0.00073911
2397.75,0.00840072,0.001313145
2398,0.008084415,0.00114594
2398.25,0.008003475,0.002518725
2398.5,0.005323935,0.001967055
2398.75,0.00523128,0.002062905
2399,0.00447939,0.00059214
2399.25,0.00494799,0.00101175
2399.5,0.004981005,0.000620895
2399.75,0.005166315,0.001025595
2400,0.005741415,0.001762575
2400.25,0.006088605,0.002043735
2400.5,0.005385705,0.00171252
2400.75,0.005500725,0.002280165
2401,0.005504985,0.0015336
2401.25,0.005268555,0.001042635
2401.5,0.00532287,0.000689055
2401.75,0.005061945,0.00077958
2402,0.00469026,0.000608115
2402.25,0.00584259,0.00238773
2402.5,0.00549327,0.002378145
2402.75,0.0055593,0.002431395
2403,0.0057936,0.002721075
2403.25,0.005304765,0.001947885
2403.5,0.005121585,0.0011502
2403.75,0.00456672,0.00026199
2404,0.00531009,0.00137385
2404.25,0.00492669,0.000718875
2404.5,0.00539316,0.00262203
2404.75,0.005255775,0.001609215
2405,0.00573396,0.002638005
2405.25,0.005417655,0.002463345
2405.5,0.005468775,0.002050125
2405.75,0.004663635,0.00041961
2406,0.005424045,0.001095885
2406.25,0.004912845,8.307e-05
2406.5,0.0054741,0.00086478
2406.75,0.004761615,0.00115446
2407,0.004382475,0.00195108
2407.25,0.00823245,0.00036636
2407.5,0.00845823,0.000248145
2407.75,0.00732081,-0.000399375
2408,0.00744435,-0.001014945
2408.25,0.013792815,-0.00070716
2408.5,0.014359395,-0.00145479
2408.75,0.023448105,-2.556e-05
2409,0.018259425,-0.000275835
2409.25,0.023256405,-0.00108204
2409.5,0.024006165,-0.001051155
2409.75,0.02615001,-0.00198303
2410,0.024461985,-0.00220881
2410.25,0.025028565,-0.003982035
2410.5,0.019667355,-0.00249849
2410.75,0.022843185,-0.00243672
2411,0.024197865,-0.001127835
2411.25,0.023918835,-0.001272675
2411.5,0.024165915,-0.001504845
2411.75,0.025092465,-0.000629415
2412,0.0315879,-0.0014271
2412.25,0.03187332,-0.00172317
2412.5,0.030085185,-0.00162732
2412.75,0.03367743,-0.001756185
2413,0.03960309,-0.00177216
2413.25,0.03236109,-0.001394085
2413.5,0.036815985,-0.00081153
2413.75,0.02629485,-0.00109269
2414,0.03312576,-0.001046895
2414.25,0.027784785,-0.00102453
2414.5,0.038649915,-0.001511235
2414.75,0.039595635,-0.00299052
2415,0.049515045,-0.003311085
2415.25,0.051764325,-0.002880825
2415.5,0.048833445,-0.00273279
2415.75,0.050863335,-0.001783875
2416,0.05369304,-0.0018744
2416.25,0.053740965,-0.001892505
2416.5,0.05350347,-0.001528275
2416.75,0.03801837,0.00038127
2417,0.043267755,-0.000284355
2417.25,0.034206735,-0.00093507
2417.5,0.037463505,-0.00115233
2417.75,0.02984343,-0.00125244
2418,0.016821675,-0.00096702
2418.25,0.01634349,-0.000693315
2418.5,0.01898256,-0.00086052
2418.75,0.01734246,-0.000757215
2419,0.01661613,-0.00057723
2419.25,0.02090169,-0.00144201
2419.5,0.020830335,-0.00293088
2419.75,0.01606446,-0.002571975
2420,0.018887775,-0.00233661
2420.25,0.012280515,-0.00170613
2420.5,0.015051645,-0.000827505
2420.75,0.016451055,-0.000295005
2421,0.022421445,0.00136107
2421.25,0.02116368,0.001734885
2421.5,0.015330675,0.00119706
2421.75,0.00620682,0.00026838
2422,0.006114165,0.000554865
2422.25,0.0059853,0.000420675
2422.5,0.00587028,0.000674145
2422.75,0.006738255,0.00165927
2423,0.00659448,0.00175299
2423.25,0.006961905,0.00237495
2423.5,0.00672015,0.00200859
2423.75,0.00699279,0.002580495
2424,0.00602577,0.000484575
2424.25,0.00632397,0.00085839
2424.5,0.00569349,0.000582555
2424.75,0.00633036,0.00094572
2425,0.0066243,0.00173808
2425.25,0.007070535,0.00204693
2425.5,0.00670311,0.00150378
2425.75,0.007243065,0.002263125
2426,0.006344205,0.00125457
2426.25,0.00617487,0.000863715
2426.5,0.005828745,0.00060918
2426.75,0.005964,0.000880755
2427,0.006014055,0.00075828
2427.25,0.00668607,0.00238773
2427.5,0.006552945,0.001817955
2427.75,0.006736125,0.002395185
2428,0.006746775,0.002495295
2428.25,0.00629202,0.001532535
2428.5,0.00578082,0.00076467
2428.75,0.005692425,0.000974475
2429,0.00575313,0.000258795
2429.25,0.00641982,0.001952145
2429.5,0.00664134,0.00192126
2429.75,0.007281405,0.00309063
2430,0.006953385,0.00211296
2430.25,0.00719727,0.00209592
2430.5,0.006197235,0.000282225
2430.75,0.0057723,0.001494195
2431,0.00517164,0.000793425
2431.25,0.005264295,0.00122262
2431.5,0.00542511,0.001939365
2431.75,0.00532926,0.00182541
2432,0.00397884,0.00201924
2432.25,0.00377862,0.00143988
2432.5,0.003909615,0.000995775
2432.75,0.00432816,0.000795555
2433,0.00408747,0.000214065
2433.25,0.004878765,0.00096489
2433.5,0.00446022,0.000784905
2433.75,0.005194005,0.001941495
2434,0.00455394,0.001193865
2434.25,0.0049842,0.001971315
2434.5,0.00323121,0.00133125
2434.75,0.003091695,0.000659235
2435,0.003570945,0.00063687
2435.25,0.003477225,0.000256665
2435.5,0.004310055,0.000938265
2435.75,0.004393125,0.001089495
2436,0.01010685,0.0015975
2436.25,0.011775705,0.001860555
2436.5,0.00950832,0.001153395
2436.75,0.010932225,0.00152295
2437,0.008031165,0.001174695
2437.25,0.00591288,0.000320565
2437.5,0.00711846,0.00122901
2437.75,0.00783627,0.00070077
2438,0.007443285,0.00131847
2438.25,0.00932514,0.002084205
2438.5,0.007841595,0.00127161
2438.75,0.009247395,0.001847775
2439,0.00806418,0.001756185
2439.25,0.008035425,0.001153395
2439.5,0.00657318,0.000948915
2439.75,0.00536121,0.00023004
2440,0.00506088,0.000740175
2440.25,0.00421101,0.00111825
2440.5,0.00452199,0.00203841
2440.75,0.003939435,0.00139302
2441,0.00501402,0.001854165
2441.25,0.004265325,0.00122688
2441.5,0.00467748,0.00119067
2441.75,0.00458589,0.000337605
2442,0.005194005,0.000872235
2442.25,0.00500976,0.00027264
2442.5,0.006904395,0.001189605
2442.75,0.006957645,0.00134403
2443,0.00654762,0.000876495
2443.25,0.0069012,0.00155277
2443.5,0.007502925,0.00174873
2443.75,0.006280305,0.00036636
2444,0.006716955,0.000787035
2444.25,0.005920335,0.000124605
2444.5,0.006446445,0.000533565
2444.75,0.00680322,0.00198729
2445,0.00620895,0.001244985
2445.25,0.006802155,0.00186588
2445.5,0.00672867,0.00171465
2445.75,0.00636018,0.001089495
2446,0.005760585,0.00077106
2446.25,0.00576804,6.7095e-05
2446.5,0.0057084,0.00088821
2446.75,0.00564024,0.00088821
2447,0.00711207,0.00243672
2447.25,0.006401715,0.001551705
2447.5,0.00707373,0.00225141
2447.75,0.00647946,0.002152365
2448,0.005711595,0.000390855
2448.25,0.006420885,0.000927615
2448.5,0.005713725,0.000863715
2448.75,0.005502855,0.00025773
2449,0.006710565,0.001543185
2449.25,0.006857535,0.00163584
2449.5,0.006746775,0.00139302
2449.75,0.007411335,0.00252831
2450,0.006576375,0.00180198
2450.25,0.00636231,0.001036245
2450.5,0.00633249,0.00093294
2450.75,0.005881995,0.000184245
2451,0.00630267,0.000652845
2451.25,0.007217505,0.00220881
2451.5,0.00654549,0.001517625
2451.75,0.00663282,0.00188931
2452,0.006482655,0.00212148
2452.25,0.00626433,0.001125705
2452.5,0.005813835,0.000667755
2452.75,0.00586176,0.00081366
2453,0.005409135,0.000109695
2453.25,0.006363375,0.00148461
2453.5,0.00688629,0.00203841
2453.75,0.00691824,0.001677375
2454,0.00704178,0.002209875
2454.25,0.006161025,0.0011289
2454.5,0.006052395,0.00049629
2454.75,0.005466645,0.000774255
2455,0.004733925,0.00030885
2455.25,0.00491178,0.00090312
2455.5,0.005326065,0.00217047
2455.75,0.005151405,0.001078845
2456,0.003743475,0.00203841
2456.25,0.00388299,0.00175725
2456.5,0.003083175,0.0003621
2456.75,0.003952215,0.00082005
2457,0.00361035,0.000654975
2457.25,0.00374241,0.000282225
2457.5,0.00524193,0.001581525
2457.75,0.004642335,0.00122475
2458,0.004963965,0.001498455
2458.25,0.00503106,0.002016045
2458.5,0.0030885,0.0013845
2458.75,0.00334197,0.000876495
2459,0.003901095,0.00094572
2459.25,0.0101814,0.00031311
2459.5,0.00531009,0.00058788
2459.75,0.00460293,0.00167418
2460,0.00457737,0.00181689
2460.25,0.00574248,0.00273279
2460.5,0.004542225,0.00228762
2460.75,0.004599735,0.00184884
2461,0.00418971,0.00178068
2461.25,0.003607155,0.00079875
2461.5,0.004572045,0.001440945
2461.75,0.004642335,0.00106074
2462,0.00551457,0.00216834
2462.25,0.005620005,0.003304695
2462.5,0.005034255,0.00211509
2462.75,0.00514182,0.002661435
2463,0.00529305,0.00270723
2463.25,0.00446448,0.001191735
2463.5,0.00427917,0.00132486
2463.75,0.00433029,0.00069012
2464,0.00420462,0.000831765
2464.25,0.005217435,0.002369625
2464.5,0.004808475,0.00149526
2464.75,0.00515886,0.00187014
2465,0.00546984,0.001754055
2465.25,0.00546558,0.001136355
2465.5,0.005847915,0.00073911
2465.75,0.005662605,0.00097554
2466,0.0051759,0.00037275
2466.25,0.005703075,0.00145266
2466.5,0.006043875,0.001104405
2466.75,0.006761685,0.000953175
2467,0.00757641,0.001432425
2467.25,0.007249455,0.000801945
2467.5,0.006190845,-4.899e-05
2467.75,0.00659448,0.00049629
2468,0.00595761,0.00013632
2468.25,0.00682878,0.00094785
2468.5,0.007377255,0.002026695
2468.75,0.006580635,0.0012567
2469,0.006512475,0.00133977
2469.25,0.006565725,0.00080301
2469.5,0.00627924,0.000297135
2469.75,0.006946995,0.001223685
2470,0.0058362,0.000246015
2470.25,0.00713124,0.001704
2470.5,0.006687135,0.001843515
2470.75,0.006405975,0.001381305
2471,0.00633036,0.0014271
2471.25,0.00635166,0.000997905
2471.5,0.00647094,0.00043452
2471.75,0.006497565,0.00069012
2472,0.006772335,0.001979835
2472.25,0.006327165,0.001696545
2472.5,0.006312255,0.00193191
2472.75,0.006331425,0.002309985
2473,0.0056232,0.000299265
2473.25,0.005809575,0.00051333
2473.5,0.006148245,0.001089495
2473.75,0.00598743,0.0004047
2474,0.007066275,0.00196599
2474.25,0.00716532,0.00289041
2474.5,0.007006635,0.002111895
2474.75,0.007596645,0.00301395
2475,0.00638787,0.00084348
2475.25,0.00613227,0.00028116
2475.5,0.00641982,0.000904185
2475.75,0.00621108,0.000371685
2476,0.00652632,0.00150165
2476.25,0.0071355,0.00256026
2476.5,0.006327165,0.001598565
2476.75,0.005830875,0.00107778
2477,0.006246225,0.00096063
2477.25,0.005556105,0.000282225
2477.5,0.006740385,0.00076254
2477.75,0.00672015,0.00124818
2478,0.007062015,0.00143988
2478.25,0.00778515,0.001238595
2478.5,0.008648865,0.001592175
2478.75,0.0052398,0
2479,0.00502041,0.000224715
2479.25,0.008727675,-0.00068586
2479.5,0.01486953,-0.001144875
2479.75,0.010046145,0.00013632
2480,0.01210266,-0.000567645
2480.25,0.01311015,-0.00065178
2480.5,0.013535085,-0.000701835
2480.75,0.01383009,-0.00156342
2481,0.01478433,-0.00170613
2481.25,0.019371285,-0.00186375
2481.5,0.019509735,-0.002133195
2481.75,0.02717028,-0.001543185
2482,0.019528905,-0.001234335
2482.25,0.019756815,-0.00181689
2482.5,0.019013445,-0.00312684
2482.75,0.02283147,-0.00369342
2483,0.02242251,-0.00401079
2483.25,0.023043405,-0.004610385
2483.5,0.025098855,-0.002880825
2483.75,0.02575383,-0.00344208
2484,0.024257505,-0.00338031
2484.25,0.02862294,-0.002753025
2484.5,0.030587865,-0.00336753
2484.75,0.04010364,-0.00463275
2485,0.038724465,-0.00316944
2485.25,0.03622704,-0.003660405
2485.5,0.04105362,-0.003532605
2485.75,0.04065531,-0.00279243
2486,0.044294415,-0.002804145
2486.25,0.044579835,-0.001253505
2486.5,0.046611855,-0.00087969
2486.75,0.041380575,-0.00174873
2487,0.044946195,-0.001157655
2487.25,0.04241469,-0.001813695
2487.5,0.03642087,-0.00116085
2487.75,0.031354665,-0.00103944
2488,0.03207141,-0.00190209
2488.25,0.03167736,-0.001044765
2488.5,0.02847384,-0.001274805
2488.75,0.025823055,-0.00130143
2489,0.026027535,-0.00102879
2489.25,0.02649507,-0.001472895
2489.5,0.024762315,-0.001036245
2489.75,0.02490822,-0.000586815
2490,0.022170105,-0.000627285
2490.25,0.016593765,7.3485e-05
2490.5,0.012972765,0.00018318
2490.75,0.01071603,-0.00045369
2491,0.008693595,-0.0001278
2491.25,0.012346545,-0.000235365
2491.5,0.01097802,-0.0006603
2491.75,0.009155805,0.00087969
2492,0.01258404,0.001528275
2492.25,0.011581875,0.000614505
2492.5,0.009615885,0.00120132
2492.75,0.01140402,0.00032589
2493,0.01058184,-0.000586815
2493.25,0.008171745,0.000135255
2493.5,0.009877875,-0.000107565
2493.75,0.01129326,0.000467535
2494,0.00884376,0.00169974
2494.25,0.008425215,0.00182328
2494.5,0.006342075,0.000631545
2494.75,0.00651993,0.000433455
2495,0.00625581,0.00056232
2495.25,0.00571053,2.4495e-05
2495.5,0.00689055,0.000618765
2495.75,0.007027935,0.001285455
2496,0.006259005,0.00091803
2496.25,0.006621105,0.001342965
2496.5,0.005896905,0.00052611
2496.75,0.00597891,9.372e-05
2497,0.006248355,0.00054954
2497.25,0.00623238,0.000527175
2497.5,0.00692889,0.00113955
2497.75,0.007249455,0.001845645
2498,0.00734211,0.001728495
2498.25,0.006310125,0.00030246
2498.5,0.00657531,0.00027903
2498.75,0.006919305,0.00110334
2499,0.006278175,3.0885e-05
2499.25,0.00624942,0.00032376
2499.5,0.007270755,0.002203485
2499.75,0.00672441,0.00156768
2500,0.00644325,0.001300365
2500.25,0.006625365,0.001072455
2500.5,0.005713725,0.000356775
2500.75,0.00557847,6.4965e-05
2501,0.006344205,0.00061131
2501.25,0.006037485,0.000742305
2501.5,0.006817065,0.001191735
2501.75,0.007238805,0.00187014
2502,0.007243065,0.00164223
2502.25,0.006408105,-3.0885e-05
2502.5,0.00636018,0.000188505
2502.75,0.005549715,0.00056871
2503,0.00776172,-0.00036636
2503.25,0.025495035,-0.000288615
2503.5,0.03583938,0.000156555
2503.75,0.042456225,-0.000354645
2504,0.036215325,-0.00083283
2504.25,0.038728725,-0.00057297
2504.5,0.03973089,-0.00090738
2504.75,0.039708525,-0.00118428
2505,0.043144215,-0.00047073
2505.25,0.049078395,-0.000469665
2505.5,0.049474575,-0.00113955
2505.75,0.03772656,-0.00094785
2506,0.03719619,-0.001609215
2506.25,0.036579555,-0.000993645
2506.5,0.031608135,-0.00174234
2506.75,0.032969205,-0.00106287
2507,0.040992915,-0.000625155
2507.25,0.02106144,-0.000752955
2507.5,0.02013276,-0.000478185
2507.75,0.02190918,-0.000616635
2508,0.0194043,-0.001930845
2508.25,0.01864815,-0.00209805
2508.5,0.02479746,-0.002065035
2508.75,0.02788809,-0.002001135
2509,0.024289455,-0.00192765
2509.25,0.034622085,-0.00275622
2509.5,0.03679149,-0.00256239
2509.75,0.04610385,-0.002482515
2510,0.044428605,-0.00291384
2510.25,0.04341579,-0.00358905
2510.5,0.048390405,-0.00332493
2510.75,0.04951398,-0.0026412
2511,0.05236392,-0.00272853
2511.25,0.05202099,-0.00233022
2511.5,0.05366322,-0.001038375
2511.75,0.05637258,-0.001594305
2512,0.060827475,-0.002339805
2512.25,0.057123405,-0.002278035
2512.5,0.052313865,-0.00130782
2512.75,0.04022931,-0.00076467
2513,0.031094805,-0.000473925
2513.25,0.02709573,-0.000444105
2513.5,0.017628945,-0.000684795
2513.75,0.016774815,-0.000456885
2514,0.01319109,0.000269445
2514.25,0.01238808,-0.00030246
2514.5,0.010744785,-0.000559125
2514.75,0.01148496,-0.00061557
2515,0.010553085,-0.00071994
2515.25,0.011997225,-4.5795e-05
2515.5,0.01216869,3.621e-05
2515.75,0.012998325,0.000162945
2516,0.013055835,0.000309915
2516.25,0.013305045,-0.000859455
2516.5,0.01294188,-0.0009798
2516.75,0.00887571,-0.000710355
2517,0.01046043,-0.00081579
2517.25,0.007404945,0.001063935
2517.5,0.00670311,0.001191735
2517.75,0.006836235,0.00132912
2518,0.00679044,0.001198125
2518.25,0.00597465,0.000116085
2518.5,0.00614718,7.7745e-05
2518.75,0.005899035,-4.047e-05
2519,0.005988495,-4.1535e-05
2519.25,0.006518865,0.001206645
2519.5,0.006797895,0.001398345
2519.75,0.007087575,0.00148035
2520,0.006795765,0.001174695
2520.25,0.00574461,-4.5795e-05
2520.5,0.005507115,-1.917e-05
2520.75,0.005801055,-4.047e-05
2521,0.00571053,0.00030672
2521.25,0.006506085,0.001266285
2521.5,0.006535905,0.001408995
2521.75,0.00654336,0.001577265
2522,0.006065175,0.000593205
2522.25,0.005732895,2.4495e-05
2522.5,0.005828745,5.4315e-05
2522.75,0.00606198,3.7275e-05
2523,0.006371895,0.001168305
2523.25,0.006523125,0.001739145
2523.5,0.00669885,0.00123966
2523.75,0.00662856,0.00092868
2524,0.00590862,-6.39e-06
2524.25,0.005626395,-0.00016401
2524.5,0.00542511,-5.112e-05
2524.75,0.0054528,0.00012141
2525,0.00604068,0.00049203
2525.25,0.00620469,0.00049629
2525.5,0.00669672,0.000484575
2525.75,0.0060705,-0.000169335
2526,0.00568284,-0.00015336
2526.25,0.00599595,-6.816e-05
2526.5,0.00581064,-7.881e-05
2526.75,0.005622135,0.00031311
2527,0.005909685,0.00026199
2527.25,0.00671163,0.00015549
2527.5,0.01223685,6.39e-06
2527.75,0.012378495,-0.000623025
2528,0.012269865,-0.00043452
2528.25,0.014764095,-0.0006603
2528.5,0.017045325,-0.000799815
2528.75,0.017688585,-0.000548475
2529,0.01709538,-0.000148035
2529.25,0.018670515,-0.000231105
2529.5,0.02073768,-0.001632645
2529.75,0.021750495,-0.001856295
2530,0.022063605,-0.001470765
2530.25,0.01943412,-0.001426035
2530.5,0.01596861,-0.000667755
2530.75,0.01573005,-0.00054315
2531,0.01715289,-0.00051546
2531.25,0.021433125,-0.001285455
2531.5,0.0247506,-0.002299335
2531.75,0.022847445,-0.0017679
2532,0.025725075,-0.001984095
2532.25,0.028734765,-0.00200007
2532.5,0.03100428,-0.001956405
2532.75,0.03280839,-0.00089886
2533,0.02795838,-0.0012993
2533.25,0.026285265,-0.002177925
2533.5,0.03661044,-0.002678475
2533.75,0.054543975,-0.00316944
2534,0.051050775,-0.002603925
2534.25,0.057287415,-0.00401931
2534.5,0.06171462,-0.002269515
2534.75,0.059736915,-0.003240795
2535,0.063117225,-0.00324825
2535.25,0.058088295,-0.001986225
2535.5,0.04624869,-0.00225141
2535.75,0.045252915,-0.002331285
2536,0.04754586,-0.003044835
2536.25,0.052765425,-0.003677445
2536.5,0.05045757,-0.00145053
2536.75,0.045306165,-0.00131634
2537,0.02886789,-0.000923355
2537.25,0.019100775,-0.00081792
2537.5,0.019633275,-0.002497425
2537.75,0.015826965,-0.000759345
2538,0.01718271,-0.001479285
2538.25,0.013973865,-0.000505875
2538.5,0.01775568,0.00031311
2538.75,0.016742865,-8.8395e-05
2539,0.013036665,0.00036636
2539.25,0.01244985,0.000152295
2539.5,0.016738605,-0.001183215
2539.75,0.01223046,-0.00023643
2540,0.01240086,-0.000527175
2540.25,0.01384926,8.2005e-05
2540.5,0.014044155,0.00098406
2540.75,0.0122901,0.00094572
2541,0.012870525,0.00082218
2541.25,0.01337214,-0.000361035
2541.5,0.01163619,2.0235e-05
2541.75,0.00793212,5.325e-05
2542,0.008037555,0.00056445
2542.25,0.007647765,0.001291845
2542.5,0.005977845,0.00214065
2542.75,0.005492205,0.00191061
2543,0.00522063,0.00143349
2543.25,0.005027865,0.00100536
2543.5,0.006403845,0.000273705
2543.75,0.00562533,0.000755085
2544,0.00590862,0.00223863
2544.25,0.00564024,0.002233305
2544.5,0.005532675,0.002793495
2544.75,0.004929885,0.001004295
2545,0.00525045,0.001068195
2545.25,0.00491604,0.001025595
2545.5,0.004885155,0.000729525
2545.75,0.005368665,0.00162732
2546,0.005801055,0.00147822
2546.25,0.005717985,0.001468635
2546.5,0.005200395,0.0009372
2546.75,0.004874505,0.000499485
2547,0.00493521,0.000356775
2547.25,0.00510561,0.000716745
2547.5,0.00546132,0.000855195
2547.75,0.00606624,0.00186162
2548,0.005383575,0.001466505
2548.25,0.005309025,0.001189605
2548.5,0.004680675,0.000550605
2548.75,0.004244025,0.00013632
2549,0.0053037,0.000676275
2549.25,0.005345235,0.00059001
2549.5,0.00592992,0.00154851
2549.75,0.005720115,0.00136533
2550,0.006077955,0.00148035
2550.25,0.00512904,0.000299265
2550.5,0.007419855,1.3845e-05
2550.75,0.00693315,-0.000608115
2551,0.006086475,-0.00021087
2551.25,0.006827715,-4.26e-06
2551.5,0.01038375,-0.00012141
2551.75,0.013765125,-0.000426
2552,0.011980185,-0.00126096
2552.25,0.012544635,-0.00121836
2552.5,0.010932225,-0.00092655
2552.75,0.011809785,-0.00083283
2553,0.013300785,-0.000439845
2553.25,0.014508495,-0.000614505
2553.5,0.018708855,-0.000708225
2553.75,0.01721253,-0.00192339
2554,0.017153955,-0.00162732
2554.25,0.016291305,-0.00225993
2554.5,0.015462735,-0.001481415
2554.75,0.01464162,-0.001536795
2555,0.022540725,-0.00123966
2555.25,0.020489535,-0.00224289
2555.5,0.021465075,-0.00273066
2555.75,0.02094429,-0.00292023
2556,0.026698485,-0.003813765
2556.25,0.027559005,-0.0036849
2556.5,0.02434377,-0.003613545
2556.75,0.021856995,-0.001451595
2557,0.01883985,-0.001289715
2557.25,0.017260455,-0.00138663
2557.5,0.01770243,-0.00290745
2557.75,0.01927437,-0.00253257
2558,0.019686525,-0.00292449
2558.25,0.024885855,-0.00323121
2558.5,0.021443775,-0.00199368
2558.75,0.01970463,-0.001824345
2559,0.026971125,-0.00102666
2559.25,0.018704595,-0.00087543
2559.5,0.01988568,-0.00245589
2559.75,0.019405365,-0.00135894
2560,0.017803605,-0.002194965
2560.25,0.01832226,-0.001119315
2560.5,0.025544025,-0.001100145
2560.75,0.019256265,-0.001014945
2561,0.01370229,-0.00073698
2561.25,0.013988775,-0.00082644
2561.5,0.01455429,-0.00151017
2561.75,0.013605375,-0.00079449
2562,0.013326345,-0.0005538
2562.25,0.01223685,-0.00058788
2562.5,0.010866195,-2.343e-05
2562.75,0.007162125,0.000352515
2563,0.007573215,0.00027477
2563.25,0.0071142,5.538e-05
2563.5,0.00743157,-6.9225e-05
2563.75,0.006806415,-0.000390855
2564,0.00738045,-8.52e-06
2564.25,0.00710781,0.000201285
2564.5,0.008018385,0.000490965
2564.75,0.007400685,0.0007029
2565,0.007483755,0.00049416
2565.25,0.00708864,5.6445e-05
2565.5,0.007132305,-0.000331215
2565.75,0.007196205,-0.000214065
2566,0.007381515,-0.000177855
2566.25,0.007820295,0.00060492
2566.5,0.007971525,0.00097128
2566.75,0.0070929,0.000853065
2567,0.006812805,0.000282225
2567.25,0.00719088,9.372e-05
2567.5,0.00695658,-0.000644325
2567.75,0.007577475,0.00018744
2568,0.00693102,-0.00017892
2568.25,0.007436895,0.001070325
2568.5,0.00745713,0.00102879
2568.75,0.00719727,0.00094359
2569,0.006233445,-0.00034506
2569.25,0.00652632,-0.000301395
2569.5,0.00681387,-0.000346125
2569.75,0.00643899,-0.000273705
2570,0.00702474,0.000480315
2570.25,0.00710142,0.00035145
2570.5,0.00734424,0.000580425
2570.75,0.007372995,0.00020874
2571,0.0067308,-0.000486705
2571.25,0.006874575,-0.00040683
2571.5,0.006746775,-0.000469665
2571.75,0.0071355,0.00016188
2572,0.007044975,0.000446235
2572.25,0.007626465,0.0008094
2572.5,0.00670737,0.000439845
2572.75,0.00663708,1.065e-05
2573,0.00632184,-0.000559125
2573.25,0.006442185,-0.000348255
2573.5,0.007236675,-0.000309915
2573.75,0.00747204,0.000461145
2574,0.00684582,0.000661365
2574.25,0.00707586,0.00058362
2574.5,0.00725904,0.00030033
2574.75,0.00657744,-0.00043665
2575,0.00602151,8.4135e-05
2575.25,0.005294115,-0.00039192
2575.5,0.006048135,0.00011289
2575.75,0.006077955,0.00048351
2576,0.004293015,0.00077319
2576.25,0.004258935,0.000461145
2576.5,0.00430899,0.000231105
2576.75,0.00418332,-0.00015762
2577,0.004831905,-0.00014271
2577.25,0.004742445,-0.00024282
2577.5,0.005939505,0.000569775
2577.75,0.005573145,0.000397245
2578,0.005545455,0.00062835
2578.25,0.00499059,0.00042387
2578.5,0.00325038,2.13e-05
2578.75,0.003272745,-0.000246015
2579,0.00368916,-0.000118215
2579.25,0.004525185,0.00012993
2579.5,0.005049165,0.000780645
2579.75,0.005157795,0.000703965
2580,0.005364405,0.00091803
2580.25,0.01211544,0.00083496
2580.5,0.006412365,-8.946e-05
2580.75,0.008964105,0.000118215
2581,0.01020057,4.686e-05
2581.25,0.006088605,0.00037062
2581.5,0.012770415,0.001055415
2581.75,0.01406226,0.00130143
2582,0.008048205,0.00071568
2582.25,0.01386843,0.001147005
2582.5,0.0125883,0.00024282
2582.75,0.01346373,2.13e-05
2583,0.010868325,0.00036849
2583.25,0.010090875,9.0525e-05
2583.5,0.012218745,0.00116937
2583.75,0.008120625,0.000571905
2584,0.008029035,0.000746565
2584.25,0.0135468,0.000525045
2584.5,0.005149275,5.964e-05
2584.75,0.00905463,-0.00013845
2585,0.00940821,0.00015336
2585.25,0.00565302,0.00013845
2585.5,0.0066243,0.001004295
2585.75,0.006508215,0.000680535
2586,0.006838365,0.000678405
2586.25,0.006514605,0.000825375
2586.5,0.006870315,7.668e-05
2586.75,0.006946995,-3.5145e-05
2587,0.00732081,-0.00029181
2587.25,0.00768291,-1.278e-05
2587.5,0.00775959,0.000448365
2587.75,0.00787674,0.00049416
2588,0.007554045,0.000469665
2588.25,0.00826227,0.00054315
2588.5,0.007140825,-0.000231105
2588.75,0.008129145,-7.881e-05
2589,0.00708438,-0.00034719
2589.25,0.007404945,0.00031311
2589.5,0.007528485,0.00050694
2589.75,0.00791295,0.000763605
2590,0.00718449,0.00062835
2590.25,0.007051365,0.00031737
2590.5,0.00628563,-0.000314175
2590.75,0.00683943,-0.000126735
2591,0.006685005,-0.00073698
2591.25,0.00786609,0.00054528
2591.5,0.007980045,0.000727395
2591.75,0.00816642,0.00141006
2592,0.007453935,0.00067947
2592.25,0.00753594,0.000829635
2592.5,0.006597675,-0.00053463
2592.75,0.00669459,-0.00024921
2593,0.006133335,-0.000556995
2593.25,0.00682665,0.000252405
2593.5,0.00708438,0.00035145
2593.75,0.007652025,0.000863715
2594,0.007341045,0.00041961
2594.25,0.006633885,0.000228975
2594.5,0.006335685,-0.0004473
2594.75,0.006386805,-0.00025134
2595,0.00616209,-0.000476055
2595.25,0.007017285,0.00047925
2595.5,0.006955515,0.00046221
2595.75,0.007686105,0.000895665
2596,0.00680535,0.00039831
2596.25,0.00655401,0.000148035
2596.5,0.005751,-0.000486705
2596.75,0.00619404,-0.00020661
2597,0.006416625,-0.00035784
2597.25,0.007034325,0.000254535
2597.5,0.00784692,0.00067521
2597.75,0.007138695,0.000356775
2598,0.007881,0.000712485
2598.25,0.006506085,-0.00035784
2598.5,0.006827715,-0.00011928
2598.75,0.006829845,-0.00056871
2599,0.00634527,7.029e-05
2599.25,0.00643473,0.000284355
2599.5,0.006318645,0.00060066
2599.75,0.00593631,0.00042813
2600,0.00375945,0.000320565
2600.25,0.003760515,-0.00020235
2600.5,0.003964995,7.9875e-05
2600.75,0.004058715,-0.00018957
2601,0.005242995,0.000118215
2601.25,0.00522063,0.00028116
2601.5,0.00574248,0.000461145
2601.75,0.006331425,0.000520785
2602,0.00576165,0.000128865
2602.25,0.005051295,-8.52e-05
2602.5,0.002910645,-3.834e-05
2602.75,0.00302034,-0.000201285
2603,0.00407256,0.0004686
2603.25,0.00450282,0.000422805
2603.5,0.00516312,0.000863715
2603.75,0.00486918,0.00075615
2604,0.0049629,0.000177855
2604.25,0.004638075,-0.000213
2604.5,0.004361175,-2.2365e-05
2604.75,0.004346265,-3.0885e-05
2605,0.00631332,0.00079875
2605.25,0.005607225,0.00103518
2605.5,0.004454895,0.001021335
2605.75,0.010075965,0.00114807
2606,0.009217575,0.00065391
2606.25,0.00440058,-0.00031524
2606.5,0.00919734,0.00029607
2606.75,0.005858565,3.195e-05
2607,0.004733925,0.000759345
2607.25,0.01172352,0.001125705
2607.5,0.00541872,0.000859455
2607.75,0.00390003,0.00059427
2608,0.0041322,4.26e-06
2608.25,0.00422805,-0.00024282
2608.5,0.004092795,-1.917e-05
2608.75,0.0040683,9.6915e-05
2609,0.00531009,0.000339735
2609.25,0.004821255,0.000199155
2609.5,0.004934145,0.000444105
2609.75,0.00459867,0.00015336
2610,0.00405978,-0.00015762
2610.25,0.00483084,-2.8755e-05
2610.5,0.00530157,-0.00021087
2610.75,0.006344205,0.00035571
2611,0.007038585,0.00037914
2611.25,0.00721218,0.00046434
2611.5,0.006889485,0.000133125
2611.75,0.007072665,-0.000620895
2612,0.007085445,-0.00018957
2612.25,0.006821325,0
2612.5,0.007513575,0.001149135
2612.75,0.00668394,0.000810465
2613,0.006846885,0.001142745
2613.25,0.006883095,9.4785e-05
2613.5,0.00651567,-0.00025986
2613.75,0.00655827,-0.000167205
2614,0.006337815,-0.000277965
2614.25,0.006748905,0.000620895
2614.5,0.006325035,0.000793425
2614.75,0.00623877,0.00097128
2615,0.00596826,-0.000171465
2615.25,0.006544425,-7.029e-05
2615.5,0.00716319,-0.000452625
2615.75,0.00731655,5.964e-05
2616,0.007579605,0.00065178
2616.25,0.007992825,0.001700805
2616.5,0.00702687,0.000454755
2616.75,0.006802155,-9.4785e-05
2617,0.006467745,-0.000597465
2617.25,0.00699492,-7.7745e-05
2617.5,0.00715254,-0.00053037
2617.75,0.00786183,0.00088182
2618,0.007924665,0.000829635
2618.25,0.00787674,0.000810465
2618.5,0.007162125,-0.00041748
2618.75,0.0071781,-0.00072207
2619,0.007317615,-0.000237495
2619.25,0.006478395,-0.000727395
2619.5,0.00751464,0.001232205
2619.75,0.007255845,0.000823245
2620,0.006966165,0.00089673
2620.25,0.00620469,-0.000578295
2620.5,0.006367635,5.6445e-05
2620.75,0.005962935,-0.00075189
2621,0.0066882,-0.00053889
2621.25,0.00781923,0.001421775
2621.5,0.007803255,0.00078171
2621.75,0.007939575,0.000646455
2622,0.007215375,-0.000678405
2622.25,0.00681387,-0.00060066
2622.5,0.007217505,-0.00029394
2622.75,0.006103515,-0.000407895
2623,0.006259005,0.00099045
2623.25,0.005922465,0.0004686
2623.5,0.00526536,0.00020022
2623.75,0.00487344,-0.000299265
2624,0.003183285,-0.00025347
2624.25,0.003432495,-5.0055e-05
2624.5,0.003762645,-8.307e-05
2624.75,0.00473499,0.00087969
2625,0.004640205,0.000603855
2625.25,0.004469805,6.603e-05
2625.5,0.004608255,-5.325e-06
2625.75,0.004981005,-0.00037914
2626,0.004927755,-0.000152295
2626.25,0.00512052,0.000126735
2626.5,0.00332493,0.00077745
2626.75,0.003534735,0.00058149
2627,0.004488975,0.000412155
2627.25,0.004742445,-0.000269445
2627.5,0.00545493,-5.0055e-05
2627.75,0.0058575,-0.000314175
2628,0.00558912,0.00029394
2628.25,0.005952285,0.000725265
2628.5,0.00537825,0.00053037
2628.75,0.005553975,0.00074124
2629,0.00345486,-0.000373815
2629.25,0.00361248,8.094e-05
2629.5,0.003960735,-0.00028329
2629.75,0.00494373,0.000452625
2630,0.004972485,0.00059853
2630.25,0.005023605,0.00092442
2630.5,0.004516665,0.00030246
2630.75,0.004716885,5.538e-05
2631,0.004488975,-0.000341865
2631.25,0.004912845,3.408e-05
2631.5,0.00368064,-9.9045e-05
2631.75,0.004312185,0.00084987
2632,0.004488975,0.000399375
2632.25,0.00519081,0.00060918
2632.5,0.004324965,-0.00012567
2632.75,0.004024635,-0.00020235
2633,0.00482445,-2.556e-05
2633.25,0.004942665,-0.00012993
2633.5,0.006725475,0.00045369
2633.75,0.00618126,0.000182115
2634,0.005909685,0.00024282
2634.25,0.005709465,-0.00015336
2634.5,0.0064326,-4.686e-05
2634.75,0.006574245,-0.000184245
2635,0.00726543,-9.2655e-05
2635.25,0.00729738,0.000248145
2635.5,0.007581735,0.000380205
2635.75,0.007202595,0.00031524
2636,0.00663708,-0.00031311
2636.25,0.00728247,-0.0001278
2636.5,0.00689481,-0.000508005
2636.75,0.007453935,3.0885e-05
2637,0.0074763,0.00050055
2637.25,0.00766374,0.00088821
2637.5,0.00733359,0.00021939
2637.75,0.007564695,-0.000246015
2638,0.00667755,-0.000569775
2638.25,0.00690972,-0.000431325
2638.5,0.00623025,-0.000148035
2638.75,0.00676488,0.000520785
2639,0.00791082,0.000599595
2639.25,0.007268625,0.00048777
2639.5,0.007287795,0.00025134
2639.75,0.006704175,-0.000580425
2640,0.00650502,-0.00021726
2640.25,0.006435795,-0.000369555
2640.5,0.00695445,0.00082218
2640.75,0.00705669,0.000874365
2641,0.00692889,0.000303525
2641.25,0.00641982,-0.0003834
2641.5,0.006495435,-0.000727395
2641.75,0.007279275,-0.000192765
2642,0.007102485,-0.000412155
2642.25,0.008024775,0.00107991
2642.5,0.007622205,0.00067947
2642.75,0.007306965,0.00039618
2643,0.006625365,-0.00082005
2643.25,0.007034325,-0.00023856
2643.5,0.00666051,-0.00071781
2643.75,0.007245195,0.000137385
2644,0.007119525,0.0008094
2644.25,0.00684369,0.000801945
2644.5,0.00646029,0.000182115
2644.75,0.005775495,-0.0008307
2645,0.00636657,-0.000226845
2645.25,0.00636657,-0.00066243
2645.5,0.006904395,0.000211935
2645.75,0.00716319,0.000776385
2646,0.0073059,0.00063687
2646.25,0.007566825,0.000220455
2646.5,0.007266495,-0.00060918
2646.75,0.006382545,-0.000793425
2647,0.00599595,-7.455e-06
2647.25,0.005515635,-0.00030246
2647.5,0.006014055,0.00089673
2647.75,0.00630906,0.00138024
2648,0.003543255,-0.000158685
2648.25,0.00375732,-0.00041109
2648.5,0.004007595,7.7745e-05
2648.75,0.004233375,-0.000422805
2649,0.00470517,0.00023856
2649.25,0.00538677,0.001010685
2649.5,0.005281335,0.00064539
2649.75,0.005198265,0.000510135
2650,0.00478611,-0.000333345
2650.25,0.00485214,-7.455e-06
2650.5,0.003441015,-0.00034293
2650.75,0.004020375,0.000531435
2651,0.00446661,0.000934005
2651.25,0.00461145,0.000823245
2651.5,0.00507366,0.000459015
2651.75,0.005223825,-0.000478185
2652,0.00561894,0.000165075
2652.25,0.005064075,-0.000567645
2652.5,0.005485815,0.001038375
2652.75,0.005564625,0.001210905
2653,0.0038979,0.001221555
2653.25,0.00402996,0.000882885
2653.5,0.00449004,-0.000295005
2653.75,0.005025735,8.52e-06
2654,0.004305795,-0.00058362
2654.25,0.00515886,0.00038979
2654.5,0.005383575,0.0010224
2654.75,0.00548475,0.001278
2655,0.004972485,0.000631545
2655.25,0.00490326,0.00011715
2655.5,0.003685965,-0.00031098
2655.75,0.003694485,3.834e-05
2656,0.003458055,-0.00027903
2656.25,0.004678545,0.000610245
2656.5,0.00441549,0.00023643
2656.75,0.004812735,0.00050694
2657,0.004118355,-0.000154425
2657.25,0.00486279,1.704e-05
2657.5,0.004514535,-0.00012141
2657.75,0.00514821,-1.278e-05
2658,0.005181225,7.881e-05
2658.25,0.00598104,0.00025347
2658.5,0.007223895,0.000390855
2658.75,0.005728635,-0.000601725
2659,0.00753381,-3.7275e-05
2659.25,0.006457095,-0.000501615
2659.5,0.007038585,-0.000143775
2659.75,0.007326135,0.00046434
2660,0.00777024,0.000787035
2660.25,0.0067095,0.00010863
2660.5,0.007272885,5.2185e-05
2660.75,0.00676062,-0.00068586
2661,0.006603,-0.000226845
2661.25,0.00680961,-0.000510135
2661.5,0.00770847,0.000674145
2661.75,0.007541265,0.00054102
2662,0.007328265,0.00040896
2662.25,0.00610032,-0.00027051
2662.5,0.00615144,-0.000448365
2662.75,0.00685434,-8.4135e-05
2663,0.00649437,-0.00062196
2663.25,0.00741666,0.00075828
2663.5,0.00763179,0.000226845
2663.75,0.007686105,8.733e-05
2664,0.006469875,-7.3485e-05
2664.25,0.005901165,-4.26e-06
2664.5,0.00581703,5.325e-06
2664.75,0.00510774,4.686e-05
2665,0.007040715,0.000128865
2665.25,0.00644751,5.0055e-05
2665.5,0.00684156,-1.704e-05
2665.75,0.00602364,-7.029e-05
2666,0.006704175,-0.00023004
2666.25,0.00654336,-4.899e-05
2666.5,0.0066882,-1.491e-05
2666.75,0.007145085,0.00012354
2667,0.006940605,0.00030459
2667.25,0.00659448,-0.00027264
2667.5,0.00647307,-0.00026199
2667.75,0.00610245,-0.00045795
2668,0.006141855,-0.000380205
2668.25,0.006819195,-4.7925e-05
2668.5,0.006702045,0.000156555
2668.75,0.006529515,0.00032589
2669,0.00647733,-0.00025134
2669.25,0.00633675,-0.00048138
2669.5,0.00675849,-0.000224715
2669.75,0.00607902,-0.000401505
2670,0.007355955,-5.0055e-05
2670.25,0.00758067,7.5615e-05
2670.5,0.007285665,0.000141645
2670.75,0.005992755,-4.473e-05
2671,0.005215305,-0.000188505
2671.25,0.00865845,-0.00038979
2671.5,0.03374772,-0.000529305
2671.75,0.0490752,-0.00070716
2672,0.03938583,-0.000778515
2672.25,0.0434094,-0.000674145
2672.5,0.04542225,-0.001142745
2672.75,0.045116595,-0.001986225
2673,0.045736425,-0.001937235
2673.25,0.04776738,-0.00200859
2673.5,0.05230428,-0.00181689
2673.75,0.05406153,-0.000897795
2674,0.05034681,-0.001285455
2674.25,0.0506514,-0.002084205
2674.5,0.034786095,-0.002373885
2674.75,0.0431538,-0.00210231
2675,0.04391421,-0.002776455
2675.25,0.059272575,-0.002212005
2675.5,0.05528628,-0.001877595
2675.75,0.063051195,-0.001813695
2676,0.05340549,-0.001694415
2676.25,0.04267668,-0.00290532
2676.5,0.030728445,-0.002071425
2676.75,0.023209545,-0.0025986
2677,0.0197025,-0.001098015
2677.25,0.0208314,-0.00123327
2677.5,0.022044435,-0.001890375
2677.75,0.021273375,-0.002895735
2678,0.022934775,-0.00264759
2678.25,0.022265955,-0.002980935
2678.5,0.023484315,-0.0026199
2678.75,0.023482185,-0.001800915
2679,0.023034885,-0.001643295
2679.25,0.025094595,-0.001573005
2679.5,0.02141076,-0.00180837
2679.75,0.022949685,-0.001391955
2680,0.023805945,-0.00197025
2680.25,0.02195817,-0.0018105
2680.5,0.022504515,-0.002224785
2680.75,0.022014615,-0.00182754
2681,0.018904815,-0.002101245
2681.25,0.020491665,-0.002024565
2681.5,0.01658631,-0.001941495
2681.75,0.013567035,-0.002201355
2682,0.01654797,-0.001845645
2682.25,0.01784727,-0.00116298
2682.5,0.014114445,-0.00062196
2682.75,0.01519329,-0.000478185
2683,0.01784301,-0.00075615
2683.25,0.014442465,-0.000689055
2683.5,0.01365543,-0.000831765
2683.75,0.011138835,-0.001396215
2684,0.01004508,-0.001408995
2684.25,0.009390105,-0.00099897
2684.5,0.006940605,-0.00043878
2684.75,0.00722496,0.00026199
2685,0.007443285,0.00051333
2685.25,0.009030135,-0.000103305
2685.5,0.008657385,0.0002769
2685.75,0.00942099,-0.00026199
2686,0.009140895,-0.000348255
2686.25,0.00852213,-0.001594305
2686.5,0.00902055,-0.000693315
2686.75,0.00839859,-0.00125244
2687,0.008908725,-0.000746565
2687.25,0.008374095,0.000137385
2687.5,0.008819265,0.001771095
2687.75,0.006880965,0.00056232
2688,0.00661578,0.00109482
2688.25,0.00730164,0.000401505
2688.5,0.00539955,-0.00060918
2688.75,0.006137595,-0.000446235
2689,0.0061557,-0.000424935
2689.25,0.00578295,-0.000516525
2689.5,0.00721005,-0.000141645
2689.75,0.0081792,0.00107352
2690,0.00807483,0.00037914
2690.25,0.007911885,0.00069651
2690.5,0.008663775,0.00040896
2690.75,0.007062015,-0.00105861
2691,0.007324005,-0.000397245
2691.25,0.0066456,-0.000693315
2691.5,0.00786822,-0.000209805
2691.75,0.007117395,-0.000169335
2692,0.007251585,0.00043452
2692.25,0.00687138,0.00019383
2692.5,0.006838365,0.000171465
2692.75,0.00558486,-0.000214065
2693,0.007002375,-0.000870105
2693.25,0.007257975,-8.307e-05
2693.5,0.007343175,-0.00033654
2693.75,0.008095065,-0.00011289
2694,0.007758525,3.621e-05
2694.25,0.00757215,0.00016401
2694.5,0.007603035,0.000356775
2694.75,0.00590223,-7.455e-06
2695,0.005217435,-0.000561255
2695.25,0.0238347,-0.001076715
2695.5,0.044087805,-0.00145692
2695.75,0.04572471,-0.00108843
2696,0.03645921,-0.000772125
2696.25,0.04257444,-0.00037914
2696.5,0.04210797,-0.00060066
2696.75,0.04476195,-0.0011076
2697,0.042443445,-0.002254605
2697.25,0.045165585,-0.00266676
2697.5,0.051395835,-0.00223863
2697.75,0.053108355,-0.00280521
2698,0.05657706,-0.001266285
2698.25,0.052060395,-0.001786005
2698.5,0.047506455,-0.002192835
2698.75,0.049314825,-0.003762645
2699,0.057236295,-0.00414924
2699.25,0.058723035,-0.00389364
2699.5,0.06062406,-0.005081115
2699.75,0.061215135,-0.003021405
2700,0.0530583,-0.00231531
2700.25,0.041156925,-0.002318505
2700.5,0.03944547,-0.002139585
2700.75,0.036125865,-0.00202776
2701,0.034228035,-0.001717845
2701.25,0.035940555,-0.003076785
2701.5,0.04237209,-0.00258582
2701.75,0.050403255,-0.002484645
2702,0.047727975,-0.00209805
2702.25,0.055300125,-0.002105505
2702.5,0.058060605,-0.00245589
2702.75,0.05222973,-0.0018318
2703,0.058194795,-0.00252405
2703.25,0.049811115,-0.003234405
2703.5,0.03373068,-0.003004365
2703.75,0.028259775,-0.00194682
2704,0.03319179,-0.001845645
2704.25,0.040008855,-0.001485675
2704.5,0.033829725,-0.0008733
2704.75,0.029435535,-0.001296105
2705,0.022221225,-0.000810465
2705.25,0.016768425,-0.00158898
2705.5,0.01418793,-0.000373815
2705.75,0.013637325,-0.0007029
2706,0.01139976,-0.000899925
2706.25,0.01519116,-0.001187475
2706.5,0.01597713,-0.00127161
2706.75,0.016399935,-0.000821115
2707,0.01372359,-0.000880755
2707.25,0.015094245,-0.00024282
2707.5,0.013528695,0.000280095
2707.75,0.01466505,0.00010011
2708,0.01638183,0.00010224
2708.25,0.013673535,-8.8395e-05
2708.5,0.01171926,0.000350385
2708.75,0.014689545,-0.000708225
2709,0.012857745,-0.00038766
2709.25,0.01036884,-0.000718875
2709.5,0.01441371,-0.000782775
2709.75,0.013954695,-0.00066669
2710,0.009500865,0.000128865
2710.25,0.01126983,0.000748695
2710.5,0.00821967,0.00071994
2710.75,0.00600873,0.00139515
2711,0.00630906,0.001276935
2711.25,0.00634953,0.00096276
2711.5,0.00643047,0.000405765
2711.75,0.00605346,-0.00011715
2712,0.006457095,0.00060066
2712.25,0.00571266,1.917e-05
2712.5,0.00622599,0.000870105
2712.75,0.00675423,0.001117185
2713,0.006354855,0.000827505
2713.25,0.006552945,0.0011502
2713.5,0.006265395,0.00043665
2713.75,0.006222795,-0.000122475
2714,0.00660726,0.00051972
2714.25,0.00587454,-0.000177855
2714.5,0.00614079,-0.000167205
2714.75,0.00646242,0.00084135
2715,0.006071565,0.00080727
2715.25,0.00666264,0.001215165
2715.5,0.006557205,0.00133338
2715.75,0.006073695,0.000605985
2716,0.00599808,0.000452625
2716.25,0.00568071,-0.000269445
2716.5,0.005349495,2.982e-05
2716.75,0.0054102,-2.556e-05
2717,0.006235575,0.000267315
2717.25,0.00683517,0.00143775
2717.5,0.006629625,0.00084561
2717.75,0.007115265,0.00131847
2718,0.007027935,0.000816855
2718.25,0.00619404,-3.408e-05
2718.5,0.006646665,7.881e-05
2718.75,0.005189745,-0.000188505
2719,0.00425574,0.000156555
2719.25,0.008644605,-0.000439845
2719.5,0.013143165,-0.00021726
2719.75,0.01057971,-0.0001278
2720,0.01117398,-0.000246015
2720.25,0.01250097,-0.000280095
2720.5,0.01385991,-0.00061983
2720.75,0.01263516,-0.000527175
2721,0.01427739,-0.00080514
2721.25,0.016231665,-0.00127374
2721.5,0.01855869,-0.000706095
2721.75,0.017599125,-0.00084561
2722,0.016374375,-0.00091377
2722.25,0.021151965,-0.00062835
2722.5,0.018208305,-0.001276935
2722.75,0.018348885,-0.001187475
2723,0.017550135,-0.00150804
2723.25,0.017090055,-0.00135681
2723.5,0.021284025,-0.001362135
2723.75,0.019386195,-0.00098619
2724,0.01912953,-0.000710355
2724.25,0.02587524,-0.001000035
2724.5,0.02610741,-0.00067095
2724.75,0.0222372,-0.00227484
2725,0.01978131,-0.00172104
2725.25,0.019520385,-0.001592175
2725.5,0.02211366,-0.001555965
2725.75,0.022476825,-0.00054315
2726,0.02139798,-0.00084561
2726.25,0.02340231,-0.000695445
2726.5,0.022050825,-0.00067308
2726.75,0.024921,-0.000699705
2727,0.0250275,-0.00078597
2727.25,0.028575015,-0.001443075
2727.5,0.02732151,-0.00169761
2727.75,0.0263268,-0.001764705
2728,0.030093705,-0.00280947
2728.25,0.02946855,-0.001869075
2728.5,0.03043131,-0.00166566
2728.75,0.03785862,0.000682665
2729,0.083842125,0.005481555
2729.25,0.04454682,0.00144201
2729.5,0.01668003,-0.00095211
2729.75,0.013760865,-0.000908445
2730,0.012195315,-0.00100962
2730.25,0.01262664,-0.001460115
2730.5,0.013038795,-0.000812595
2730.75,0.01324008,-0.000550605
2731,0.0154638,0.000297135
2731.25,0.011886465,-0.000205545
2731.5,0.01131456,0.000435585
2731.75,0.014370045,-6.7095e-05
2732,0.013907835,0.00030246
2732.25,0.010898145,-0.00050268
2732.5,0.013128255,-0.00153147
2732.75,0.01462245,-0.0007029
2733,0.01042422,-0.001076715
2733.25,0.01047534,-0.001117185
2733.5,0.015011175,0.000654975
2733.75,0.01304412,-6.177e-05
2734,0.010127085,0.000527175
2734.25,0.010904535,9.159e-05
2734.5,0.00750186,0.00105648
2734.75,0.00531222,0.00135255
2735,0.00506088,0.000373815
2735.25,0.005213175,0.000380205
2735.5,0.005309025,8.52e-05
2735.75,0.005741415,0.00050481
2736,0.005108805,0.000424935
2736.25,0.005864955,0.001907415
2736.5,0.005285595,0.00130356
2736.75,0.00592992,0.00194469
2737,0.005498595,0.002067165
2737.25,0.00569988,0.001883985
2737.5,0.005585925,0.00088182
2737.75,0.00527388,-0.000133125
2738,0.005377185,0.000531435
2738.25,0.005021475,-0.000173595
2738.5,0.005155665,0.00013419
2738.75,0.006331425,0.00166353
2739,0.00528879,0.00103092
2739.25,0.005624265,0.00147609
2739.5,0.005705205,0.0012993
2739.75,0.005807445,0.001098015
2740,0.0052824,0.000461145
2740.25,0.00497568,-0.000105435
2740.5,0.00520146,0.00045582
2740.75,0.00460293,-0.000197025
2741,0.005164185,0.000346125
2741.25,0.00625794,0.00177855
2741.5,0.005958675,0.00109056
2741.75,0.00583833,0.00093294
2742,0.00636018,0.00149526
2742.25,0.005803185,0.000139515
2742.5,0.00557421,-0.00015336
2742.75,0.005151405,0.0003834
2743,0.003679575,8.52e-06
2743.25,0.011196345,-0.00047073
2743.5,0.02849727,-3.0885e-05
2743.75,0.027550485,-0.00013419
2744,0.021880425,-8.52e-06
2744.25,0.02747913,-0.00010863
2744.5,0.027688935,-0.0006816
2744.75,0.0304377,-0.0007029
2745,0.03286803,-0.00136746
2745.25,0.03838899,-0.00153999
2745.5,0.03436116,-0.00208527
2745.75,0.03678936,-0.00123327
2746,0.037280325,-0.001660335
2746.25,0.036918225,-0.001379175
2746.5,0.03171144,-0.00078597
2746.75,0.032268435,-0.00160815
2747,0.03305334,-0.001992615
2747.25,0.01940004,-0.00195321
2747.5,0.017381865,-0.0018531
2747.75,0.02070999,-0.001615605
2748,0.02080158,-0.001257765
2748.25,0.02321061,-0.00158685
2748.5,0.02154921,-0.001172565
2748.75,0.023501355,-0.00177642
2749,0.018197655,-0.00166566
2749.25,0.019173195,-0.00202563
2749.5,0.02071212,-0.002111895
2749.75,0.024508845,-0.001754055
2750,0.02539812,-0.00169548
2750.25,0.02947281,-0.00090525
2750.5,0.026879535,-0.0011715
2750.75,0.02580708,-0.001108665
2751,0.028694295,-0.00111825
2751.25,0.027963705,-0.00275409
2751.5,0.025916775,-0.00207462
2751.75,0.02613297,-0.00264972
2752,0.027009465,-0.00181689
2752.25,0.026968995,-0.00138237
2752.5,0.027352395,-0.00135255
2752.75,0.025582365,-0.000586815
2753,0.01531257,-0.00024282
2753.25,0.015115545,-0.00089247
2753.5,0.01554687,-0.001462245
2753.75,0.01287585,-0.00113103
2754,0.01413681,-0.000616635
2754.25,0.0130782,-0.001195995
2754.5,0.014361525,0.000162945
2754.75,0.015560715,-0.00035358
2755,0.01434129,4.686e-05
2755.25,0.01453512,0.00059427
2755.5,0.010173945,-0.000948915
2755.75,0.01579395,-0.00073698
2756,0.01572792,-0.001093755
2756.25,0.016146465,-0.00128439
2756.5,0.01215591,4.473e-05
2756.75,0.01498242,-0.00011289
2757,0.01485888,0.00089247
2757.25,0.01248606,0.000365295
2757.5,0.011011035,-0.000371685
2757.75,0.01381731,-0.000471795
2758,0.013332735,-0.00110334
2758.25,0.010205895,-0.00045582
2758.5,0.011628735,0.00014697
2758.75,0.01361283,7.7745e-05
2759,0.01117824,0.000769995
2759.25,0.008533845,0.000716745
2759.5,0.00887358,0.000148035
2759.75,0.006033225,0.000714615
2760,0.00561894,1.1715e-05
2760.25,0.00626646,0.00054954
2760.5,0.005460255,0.000533565
2760.75,0.00584898,0.00142284
2761,0.006248355,0.001402605
2761.25,0.005735025,0.001117185
2761.5,0.006097125,0.00116085
2761.75,0.005091765,-1.8105e-05
2762,0.005415525,0.000635805
2762.25,0.00506088,8.946e-05
2762.5,0.005428305,0.000646455
2762.75,0.006229185,0.00184671
2763,0.00565941,0.00127587
2763.25,0.006461355,0.002005395
2763.5,0.005871345,0.000938265
2763.75,0.00569988,0.000595335
2764,0.00509922,0.000435585
2764.25,0.005006565,3.408e-05
2764.5,0.00538038,0.00083922
2764.75,0.005536935,0.00126309
2765,0.00555291,0.00176364
2765.25,0.005758455,0.00160815
2765.5,0.00586389,0.00106926
2765.75,0.005694555,0.000535695
2766,0.005223825,0.00025986
2766.25,0.00588519,0.000701835
2766.5,0.005470905,-4.5795e-05
2766.75,0.0059427,0.001677375
2767,0.00492669,0.001106535
2767.25,0.00461145,0.00103518
2767.5,0.005752065,0.00079023
2767.75,0.004938405,0.000399375
2768,0.003102345,0.000169335
2768.25,0.00324399,0.000661365
2768.5,0.00308637,0.000576165
2768.75,0.00374241,0.00138237
2769,0.00448365,0.002079945
2769.25,0.00401292,0.001999005
2769.5,0.003643365,0.00096489
2769.75,0.003536865,0.00020022
2770,0.003466575,0.0006603
2770.25,0.00331641,0.00018744
2770.5,0.002105505,0.000635805
2770.75,0.00241116,0.000974475
2771,0.00296496,0.00115233
2771.25,0.00371898,0.001683765
2771.5,0.003956475,0.00110121
2771.75,0.004033155,0.001511235
2772,0.00316305,0.000280095
2772.25,0.003311085,0.00023856
2772.5,0.00335049,0.00060279
2772.75,0.00310554,0.0001704
2773,0.002804145,0.001368525
2773.25,0.00267954,0.00159111
2773.5,0.00891405,0.001462245
2773.75,0.009285735,0.00202563
2774,0.00973836,0.00105648
2774.25,0.00967446,0.00029394
2774.5,0.008942805,0.000865845
2774.75,0.01048173,0.00062409
2775,0.01003656,0.00043878
2775.25,0.010910925,0.001643295
2775.5,0.008384745,0.001164045
2775.75,0.008840565,0.00086691
2776,0.00910788,0.001198125
2776.25,0.009483825,0.000480315
2776.5,0.0082857,0.000456885
2776.75,0.00826227,0.00013206
2777,0.004054455,0.000167205
2777.25,0.004197165,0.00036423
2777.5,0.00453264,0.00048138
2777.75,0.005426175,0.000676275
2778,0.005251515,0.000405765
2778.25,0.0116511,-0.0005751
2778.5,0.011194215,-0.00035997
2778.75,0.00912279,-0.000684795
2779,0.005924595,4.26e-05
2779.25,0.006286695,0.00090951
2779.5,0.00672015,0.00142923
2779.75,0.006650925,0.00172956
2780,0.00636444,0.001492065
2780.25,0.006039615,0.001302495
2780.5,0.006041745,0.00094572
2780.75,0.00558912,-2.2365e-05
2781,0.005504985,0.00020448
2781.25,0.005530545,0.00048777
2781.5,0.006344205,0.00083922
2781.75,0.00677553,0.002020305
2782,0.00599169,0.00144414
2782.25,0.00555078,0.00116511
2782.5,0.005771235,0.0014484
2782.75,0.00509922,5.112e-05
2783,0.00547836,9.0525e-05
2783.25,0.0058575,0.00073272
2783.5,0.006014055,0.000412155
2783.75,0.006380415,0.00181476
2784,0.0060066,0.00097341
2784.25,0.005945895,0.000827505
2784.5,0.00616848,0.001100145
2784.75,0.00538464,-3.834e-05
2785,0.005602965,7.455e-05
2785.25,0.005937375,0.00050481
2785.5,0.00624729,8.4135e-05
2785.75,0.006171675,0.000991515
2786,0.00639213,0.00143562
2786.25,0.0061131,0.000887145
2786.5,0.006327165,0.001072455
2786.75,0.005777625,0.000258795
2787,0.00546558,-3.195e-05
2787.25,0.00590862,0.000516525
2787.5,0.005675385,-6.39e-06
2787.75,0.0065391,0.001293975
2788,0.00638148,0.001257765
2788.25,0.005922465,0.00087969
2788.5,0.006282435,0.001519755
2788.75,0.00516738,4.1535e-05
2789,0.005291985,7.029e-05
2789.25,0.00561681,0.00038766
2789.5,0.005850045,-9.9045e-05
2789.75,0.006625365,0.000970215
2790,0.00666477,0.00119919
2790.25,0.006386805,0.00113316
2790.5,0.006667965,0.00163797
2790.75,0.00545919,0.00026412
2791,0.00469239,0.000145905
2791.25,0.005289855,0.00022791
2791.5,0.0062409,-0.000850935
2791.75,0.008714895,-1.065e-05
2792,0.00450921,0.000657105
2792.25,0.003176895,0.00081153
2792.5,0.00379353,0.001457985
2792.75,0.003758385,0.000584685
2793,0.003630585,5.8575e-05
2793.25,0.00441762,0.000448365
2793.5,0.00417693,3.9405e-05
2793.75,0.004665765,0.00050268
2794,0.004883025,0.000742305
2794.25,0.00515673,0.000731655
2794.5,0.00330789,0.00076041
2794.75,0.003311085,0.000459015
2795,0.003694485,0.000143775
2795.25,0.00386808,0.00026838
2795.5,0.003937305,-5.8575e-05
2795.75,0.00414924,7.242e-05
2796,0.00454329,0.00084561
2796.25,0.00480528,0.000599595
2796.5,0.00433455,0.00066669
2796.75,0.004763745,0.001000035
2797,0.003313215,0.000199155
2797.25,0.00338457,-1.278e-05
2797.5,0.00381696,0.00029607
2797.75,0.003994815,-5.964e-05
2798,0.0044517,0.000559125
2798.25,0.00543363,0.000831765
2798.5,0.005130105,0.00063048
2798.75,0.00539955,0.00090525
2799,0.005311155,0.00060918
2799.25,0.004823385,-4.26e-06
2799.5,0.00527814,0.000290745
2799.75,0.00523767,9.2655e-05
2800,0.00573183,-7.881e-05
2800.25,0.00918669,0.00040896
2800.5,0.008674425,-0.00022152
2800.75,0.010697925,0.00035784
2801,0.01438602,0.000322695
2801.25,0.014949405,-0.00138024
2801.5,0.0150378,-0.00091377
2801.75,0.016176285,-0.001517625
2802,0.0164436,-0.001319535
2802.25,0.01423905,-9.372e-05
2802.5,0.012495645,0.00031098
2802.75,0.01086087,-0.00028968
2803,0.010936485,-2.8755e-05
2803.25,0.00898221,-0.000316305
2803.5,0.007394295,-0.00058788
2803.75,0.008118495,-0.000184245
2804,0.007997085,-0.000390855
2804.25,0.00806844,-5.325e-06
2804.5,0.008476335,0.00046221
2804.75,0.007816035,0.00014058
2805,0.00700983,0.00053676
2805.25,0.00595335,0.00032376
2805.5,0.005296245,-0.00010437
2805.75,0.00508218,-6.0705e-05
2806,0.005592315,0.0003408
2806.25,0.00571053,0.000395115
2806.5,0.005332455,0.000539955
2806.75,0.006535905,0.00094146
2807,0.00588945,0.0007881
2807.25,0.005032125,-7.7745e-05
2807.5,0.00588519,-1.3845e-05
2807.75,0.00606198,0.00011502
2808,0.005040645,-0.00014058
2808.25,0.00655827,0.00084774
2808.5,0.005451735,0.00050055
2808.75,0.00515673,0.000422805
2809,0.006197235,0.00071142
2809.25,0.005200395,-0.00015975
2809.5,0.005349495,-0.00013206
2809.75,0.005651955,0.000203415
2810,0.00562746,3.9405e-05
2810.25,0.00599382,0.00054528
2810.5,0.00628563,0.00087756
2810.75,0.00652845,0.00117363
2811,0.00525684,0
2811.25,0.00532713,-0.000197025
2811.5,0.00594696,0.000341865
2811.75,0.005556105,-0.000239625
2812,0.00530157,-0.000209805
2812.25,0.006535905,0.00102666
2812.5,0.005830875,0.000772125
2812.75,0.0054954,0.000669885
2813,0.006129075,0.00077532
2813.25,0.00544854,4.26e-06
2813.5,0.00571905,-0.000158685
2813.75,0.005590185,-0.000246015
2814,0.005903295,0.000169335
2814.25,0.006578505,0.00030459
2814.5,0.006591285,0.00053037
2814.75,0.005711595,0.00058788
2815,0.00512052,3.195e-05
2815.25,0.006991725,-0.00037275
2815.5,0.00925059,-0.000235365
2815.75,0.00655827,-0.00011928
2816,0.009300645,-0.000382335
2816.25,0.014171955,-0.000252405
2816.5,0.013667145,-9.0525e-05
2816.75,0.01411338,-0.00022365
2817,0.013724655,-0.00067947
2817.25,0.017458545,-0.000782775
2817.5,0.01898682,-0.001445205
2817.75,0.022619535,-0.00165501
2818,0.021939,-0.001489935
2818.25,0.0247506,-0.000974475
2818.5,0.016576725,-0.001055415
2818.75,0.016623585,-0.0011076
2819,0.01793673,-0.001287585
2819.25,0.020210505,-0.002101245
2819.5,0.02056728,-0.00243885
2819.75,0.019450095,-0.002154495
2820,0.022804845,-0.00146757
2820.25,0.02296992,-0.00189783
2820.5,0.024050895,-0.00227058
2820.75,0.023352255,-0.001903155
2821,0.017922885,-0.002735985
2821.25,0.01850757,-0.0028755
2821.5,0.02314671,-0.002425005
2821.75,0.023739915,-0.002655045
2822,0.02243529,-0.0028329
2822.25,0.022562025,-0.00145479
2822.5,0.02627568,-0.00158898
2822.75,0.02309772,-0.0016614
2823,0.024178695,-0.00180837
2823.25,0.02516595,-0.002878695
2823.5,0.02065674,-0.002324895
2823.75,0.023269185,-0.001920195
2824,0.022781415,-0.00216834
2824.25,0.02279313,-0.001008555
2824.5,0.02129787,-0.00076254
2824.75,0.019886745,-0.000748695
2825,0.01803897,-0.000799815
2825.25,0.01530831,-0.001227945
2825.5,0.01562994,-0.00092655
2825.75,0.01350207,-0.001100145
2826,0.00990663,-0.00062409
2826.25,0.01056693,0.0001278
2826.5,0.00929319,-5.0055e-05
2826.75,0.00875643,0.000235365
2827,0.01365543,-0.00045795
2827.25,0.009076995,-0.0005538
2827.5,0.009886395,-0.000654975
2827.75,0.009447615,-8.52e-05
2828,0.009875745,-9.798e-05
2828.25,0.011353965,0.000252405
2828.5,0.010910925,0.00037488
2828.75,0.008420955,9.585e-06
2829,0.00743796,-0.00025347
2829.25,0.0070503,0.000429195
2829.5,0.006177,-0.00018105
2829.75,0.006284565,-0.000220455
2830,0.007530615,0.000991515
2830.25,0.00702687,0.000791295
2830.5,0.0066456,0.000561255
2830.75,0.00727821,0.00025773
2831,0.00696723,0.000184245
2831.25,0.00688629,-0.000256665
2831.5,0.007059885,-0.00014697
2831.75,0.007918275,0.000654975
2832,0.007257975,0.00065178
2832.25,0.00733359,0.00066456
2832.5,0.00713763,0.00065391
2832.75,0.00662004,0.000222585
2833,0.00657957,-0.000235365
2833.25,0.006335685,-0.000216195
2833.5,0.00652845,-0.000282225
2833.75,0.007515705,0.000435585
2834,0.00731868,0.000721005
2834.25,0.00714189,0.0006816
2834.5,0.007111005,0.00032589
2834.75,0.006993855,0.000252405
2835,0.00670311,-9.372e-05
2835.25,0.006846885,-0.000252405
2835.5,0.00650928,-0.00043878
2835.75,0.007404945,0.00053676
2836,0.007157865,0.00077106
2836.25,0.0072846,0.00065391
2836.5,0.0065817,0.000113955
2836.75,0.00640917,0.000214065
2837,0.006606195,-0.000156555
2837.25,0.00643899,-0.00024921
2837.5,0.006678615,-0.000275835
2837.75,0.00747417,0.000620895
2838,0.007402815,0.000505875
2838.25,0.008020515,0.00052824
2838.5,0.00732933,-0.000299265
2838.75,0.00626433,8.6265e-05
2839,0.00935922,-0.00035784
2839.25,0.010838505,-0.00097554
2839.5,0.014063325,-0.001662465
2839.75,0.013811985,-0.00013632
2840,0.0142071,-0.000850935
2840.25,0.01499307,-0.001057545
2840.5,0.01419219,-0.00168483
2840.75,0.015690645,-0.00137385
2841,0.01852461,-0.00200859
2841.25,0.01958109,-0.00284994
2841.5,0.01883985,-0.002889345
2841.75,0.018796185,-0.00147183
2842,0.019049655,-0.001932975
2842.25,0.03314067,-0.00183393
2842.5,0.030700755,-0.002239695
2842.75,0.028555845,-0.001845645
2843,0.031876515,-0.002314245
2843.25,0.034057635,-0.002774325
2843.5,0.03673398,-0.002160885
2843.75,0.037235595,-0.001967055
2844,0.03849975,-0.00158898
2844.25,0.03980331,-0.00109269
2844.5,0.0348681,-0.002346195
2844.75,0.035305815,-0.00207462
2845,0.029346075,-0.00209379
2845.25,0.03146649,-0.00185736
2845.5,0.03809718,-0.002073555
2845.75,0.040679805,-0.001443075
2846,0.036564645,-0.001332315
2846.25,0.03658914,-0.002352585
2846.5,0.03569454,-0.002782845
2846.75,0.03630798,-0.00263907
2847,0.039099345,-0.00265185
2847.25,0.0487983,-0.002674215
2847.5,0.053679195,-0.00189357
2847.75,0.05165889,-0.001800915
2848,0.0584472,-0.001766835
2848.25,0.054667515,-0.00132912
2848.5,0.044304,-0.001673115
2848.75,0.037007685,-0.001319535
2849,0.03167949,-0.001728495
2849.25,0.03141324,-0.00180837
2849.5,0.02036067,-0.001225815
2849.75,0.013296525,-0.001745535
2850,0.013153815,-0.00126522
2850.25,0.012348675,-0.00194043
2850.5,0.011720325,-0.00208527
2850.75,0.01184919,-0.001826475
2851,0.00863928,-0.002033085
2851.25,0.00751677,-0.00147822
2851.5,0.008614785,0.00032802
2851.75,0.00851148,-0.000252405
2852,0.007965135,-0.000488835
2852.25,0.00818133,-0.000740175
2852.5,0.007517835,-0.0014484
2852.75,0.007990695,-0.002148105
2853,0.007879935,-0.00104796
2853.25,0.00750612,-0.00106926
2853.5,0.007600905,-0.000424935
2853.75,0.0079023,4.047e-05
2854,0.00675849,0.00015762
2854.25,0.005145015,-0.00083496
2854.5,0.006152505,-0.000674145
2854.75,0.005451735,-0.00067521
2855,0.00649224,-0.000188505
2855.25,0.006084345,-0.000179985
2855.5,0.006699915,0.000228975
2855.75,0.00620469,0.00040683
2856,0.006371895,0.000275835
2856.25,0.00578295,-0.00101388
2856.5,0.0058362,-0.000484575
2856.75,0.00580851,-0.00032163
2857,0.005385705,-0.00106926
2857.25,0.005924595,-0.00052185
2857.5,0.00639852,0.000420675
2857.75,0.006774465,0.00059427
2858,0.005438955,-0.000633675
2858.25,0.005649825,-0.000784905
2858.5,0.00602151,-0.000427065
2858.75,0.005992755,-0.001076715
2859,0.005824485,-0.00088182
2859.25,0.006870315,0.00035571
2859.5,0.00659448,0.00043452
2859.75,0.006533775,0.000222585
2860,0.005847915,-0.00113742
2860.25,0.006169545,-0.000597465
2860.5,0.005605095,-0.00067095
2860.75,0.00563598,-0.00108417
2861,0.005958675,-0.00099045
2861.25,0.00691185,0.00067734
2861.5,0.006876705,0.00058149
2861.75,0.00648159,-0.000337605
2862,0.005724375,-0.000880755
2862.25,0.006342075,-0.000356775
2862.5,0.006224925,-0.000889275
2862.75,0.005225955,-0.000706095
2863,0.005485815,-0.00047073
2863.25,0.0232596,-0.0001491
2863.5,0.02978166,-0.000667755
2863.75,0.03111504,-0.001596435
2864,0.02632467,-0.001581525
2864.25,0.02983917,-0.0014484
2864.5,0.02817564,-0.00150591
2864.75,0.030489885,-0.00184671
2865,0.03172209,-0.001364265
2865.25,0.030189555,-0.000997905
2865.5,0.03578826,-0.00204267
2865.75,0.034387785,-0.00257304
2866,0.035222745,-0.00305868
2866.25,0.03430791,-0.002456955
2866.5,0.03486597,-0.002282295
2866.75,0.036025755,-0.001881855
2867,0.0401718,-0.00163797
2867.25,0.04172883,-0.00104157
2867.5,0.038426265,-0.00183393
2867.75,0.037250505,-0.00320991
2868,0.046509615,-0.002169405
2868.25,0.04175652,-0.002663565
2868.5,0.033382425,-0.00317583
2868.75,0.01935957,-0.00216408
2869,0.016827,-0.00191913
2869.25,0.015750285,-0.001918065
2869.5,0.02857821,-0.00147396
2869.75,0.041344365,-0.001645425
2870,0.034434645,-0.002188575
2870.25,0.03480846,-0.001760445
2870.5,0.0363165,-0.00175512
2870.75,0.03482763,-0.001368525
2871,0.03389895,-0.001217295
2871.25,0.035465565,-0.000893535
2871.5,0.03194361,-0.00143136
2871.75,0.030581475,-0.001421775
2872,0.029371635,-0.001010685
2872.25,0.029889225,-0.001142745
2872.5,0.033593295,-0.00066456
2872.75,0.03211401,-0.00029181
2873,0.015673605,-0.00055593
2873.25,0.0182328,-0.00011076
2873.5,0.01919982,-0.001070325
2873.75,0.01713372,-0.001389825
2874,0.01639035,-0.000914835
2874.25,0.01859916,-0.00092868
2874.5,0.01242216,-0.001219425
2874.75,0.01149987,-0.000130995
2875,0.007292055,0.000133125
2875.25,0.00741027,2.2365e-05
2875.5,0.00868188,-0.00028116
2875.75,0.008467815,-0.00050907
2876,0.007801125,-0.00055806
2876.25,0.008003475,-0.000616635
2876.5,0.008201565,9.159e-05
2876.75,0.00846036,0.00019809
2877,0.00761688,0.00028968
2877.25,0.00603642,0.00015336
2877.5,0.00547623,-0.00052398
2877.75,0.00506088,-0.0005538
2878,0.00573609,-0.000111825
2878.25,0.005671125,-0.000576165
2878.5,0.005822355,0.00013419
2878.75,0.006254745,0.000746565
2879,0.00629841,0.000371685
2879.25,0.00509709,-0.00064965
2879.5,0.00588093,-0.00054528
2879.75,0.006171675,-0.00018105
2880,0.00545919,-0.00060066
2880.25,0.005732895,-0.00024282
2880.5,0.00570627,0.000312045
2880.75,0.00586815,0.0003195
2881,0.005515635,-9.0525e-05
2881.25,0.00502893,-0.000435585
2881.5,0.006088605,-0.00031524
2881.75,0.00535269,-0.00039405
2882,0.00556569,-0.00019596
2882.25,0.00664134,0.00046221
2882.5,0.006452835,0.00041109
2882.75,0.005892645,0.000133125
2883,0.005528415,-0.000420675
2883.25,0.0061983,-2.2365e-05
2883.5,0.00581277,-0.000623025
2883.75,0.00525045,-0.00079023
2884,0.005547585,-0.000497355
2884.25,0.006348465,0.000559125
2884.5,0.00562959,0.00017892
2884.75,0.00519294,3.5145e-05
2885,0.005801055,-0.00027264
2885.25,0.005632785,-0.000312045
2885.5,0.005434695,-0.0006816
2885.75,0.0055806,-0.000591075
2886,0.00520998,-0.00067308
2886.25,0.00645177,0.00060492
2886.5,0.00623238,0.000295005
2886.75,0.00556143,-0.000228975
2887,0.004378215,-0.00036423
2887.25,0.004508145,-0.00011715
2887.5,0.00381057,-0.000401505
2887.75,0.003839325,-0.000403635
2888,0.002574105,-7.455e-06
2888.25,0.002669955,0.000186375
2888.5,0.002569845,0.00016188
2888.75,0.002597535,8.946e-05
2889,0.002776455,5.6445e-05
2889.25,0.002686995,-0.000422805
2889.5,0.00296496,-0.000420675
2889.75,0.002812665,-0.00045369
2890,0.00303312,5.751e-05
2890.25,0.00347829,0.00037488
2890.5,0.002133195,0.000299265
2890.75,0.00192978,8.6265e-05
2891,0.00241329,-3.621e-05
2891.25,0.00267528,-0.000361035
2891.5,0.002699775,-0.00046221
2891.75,0.00335688,-4.899e-05
2892,0.00333132,-3.408e-05
2892.25,0.003445275,0.000301395
2892.5,0.003705135,0.000944655
2892.75,0.00349959,0.000341865
2893,0.00206184,-0.00049629
2893.25,0.002203485,-0.000218325
2893.5,0.0033015,7.242e-05
2893.75,0.004173735,-0.00050694
2894,0.00402783,-0.00022578
2894.25,0.004246155,0.000333345
2894.5,0.004143915,0.000508005
2894.75,0.004195035,-1.1715e-05
2895,0.004052325,-0.000586815
2895.25,0.00406617,-0.00032802
2895.5,0.00374667,-8.4135e-05
2895.75,0.003455925,-0.00050907
2896,0.00373176,-7.1355e-05
2896.25,0.004469805,0.000316305
2896.5,0.00428982,0.000160815
2896.75,0.00418758,-0.00011289
2897,0.004484715,-6.9225e-05
2897.25,0.00321843,-6.816e-05
2897.5,0.00265398,-0.00010437
2897.75,0.00309489,0.00011502
2898,0.00326742,0.000324825
2898.25,0.004154565,0.000218325
2898.5,0.00482658,0.00060705
2898.75,0.00391281,5.325e-05
2899,0.004073625,-7.5615e-05
2899.25,0.00434946,0.000190635
2899.5,0.004058715,-0.0003834
2899.75,0.004439985,0.00013845
2900,0.004936275,0.00117789
2900.25,0.00494799,0.000804075
2900.5,0.00522276,0.001728495
2900.75,0.0045156,-2.2365e-05
2901,0.00415776,-0.00038127
2901.25,0.00483084,0.000465405
2901.5,0.00426639,-0.00042813
2901.75,0.004563525,-0.000431325
2902,0.00544641,0.00125883
2902.25,0.00461145,0.00048564
2902.5,0.004851075,0.000488835
2902.75,0.004463415,0.000162945
2903,0.004616775,-0.000241755
2903.25,0.00451773,-0.00033867
2903.5,0.00489474,-8.4135e-05
2903.75,0.004829775,7.1355e-05
2904,0.005110935,0.00067947
2904.25,0.004691325,0.00057084
2904.5,0.00463701,0.000895665
2904.75,0.003947955,-0.000256665
2905,0.00410664,-0.00054528
2905.25,0.004780785,0.000143775
2905.5,0.00476268,-0.000435585
2905.75,0.00450495,-0.00051759
2906,0.006395325,0.00208101
2906.25,0.00568923,0.001053285
2906.5,0.00522702,0.000697575
2906.75,0.005215305,-0.000199155
2907,0.00558699,0.00015762
2907.25,0.004870245,-0.00059001
2907.5,0.005089635,-0.000414285
2907.75,0.005136495,0.000162945
2908,0.00571266,0.000963825
2908.25,0.00564237,0.00098193
2908.5,0.005426175,0.00072846
2908.75,0.00470304,0.000222585
2909,0.004557135,5.751e-05
2909.25,0.004384605,-9.372e-05
2909.5,0.00504597,0.000184245
2909.75,0.004934145,-0.00017253
2910,0.00497355,0.000397245
2910.25,0.00518442,0.00032802
2910.5,0.00546771,0.000610245
2910.75,0.00463062,-0.00031098
2911,0.003705135,-0.00038766
2911.25,0.004574175,0
2911.5,0.00392985,0.000128865
2911.75,0.00377436,3.5145e-05
2912,0.00312897,0.000239625
2912.25,0.003392025,0.000305655
2912.5,0.00306933,9.585e-05
2912.75,0.002874435,-7.668e-05
2913,0.00306507,-0.000103305
2913.25,0.00546132,-0.000420675
2913.5,0.005588055,-0.000639
2913.75,0.006135465,-0.000307785
2914,0.00674784,0.00010863
2914.25,0.00715893,7.455e-05
2914.5,0.00422805,-0.0004047
2914.75,0.003032055,-0.00020874
2915,0.00348255,-2.13e-05
2915.25,0.003798855,-3.621e-05
2915.5,0.004246155,-0.00036423
2915.75,0.00543576,5.8575e-05
2916,0.00546132,0.00040257
2916.25,0.00501402,0.000934005
2916.5,0.00395115,3.834e-05
2916.75,0.00280095,-0.000186375
2917,0.002620965,0.00033441
2917.25,0.00341865,-0.00054741
2917.5,0.00444105,-0.001031985
2917.75,0.00577656,0.00044517
2918,0.00525258,0.000471795
2918.25,0.00574035,1.704e-05
2918.5,0.00463275,-0.00060279
2918.75,0.005534805,-0.000544215
2919,0.00491391,-0.001219425
2919.25,0.005012955,-0.000982995
2919.5,0.00402357,-0.000629415
2919.75,0.00452625,-6.177e-05
2920,0.00501615,0.00043026
2920.25,0.005294115,0.00020022
2920.5,0.004465545,-0.00033015
2920.75,0.00330789,0.000348255
2921,0.00284568,-0.00015123
2921.25,0.002989455,-9.0525e-05
2921.5,0.00371259,0.000550605
2921.75,0.00358053,0.00058149
2922,0.00395541,0.000627285
2922.25,0.00511626,0.00115233
2922.5,0.004373955,0.00027264
2922.75,0.003788205,-0.000218325
2923,0.00413433,-0.000214065
2923.25,0.004290885,0.000199155
2923.5,0.004467675,-0.000113955
2923.75,0.00495651,0.000757215
2924,0.005455995,0.001579395
2924.25,0.005283465,0.001127835
2924.5,0.00509496,-6.4965e-05
2924.75,0.004900065,0.000309915
2925,0.004486845,-0.000375945
2925.25,0.004557135,-0.000412155
2925.5,0.00544002,0.000473925
2925.75,0.005270685,0.0010011
2926,0.00503958,0.00054954
2926.25,0.00524619,0.00082644
2926.5,0.00438567,0.00014484
2926.75,0.004169475,-0.00037488
2927,0.004546485,-0.000243885
2927.25,0.00428769,-0.000150165
2927.5,0.004938405,0.000337605
2927.75,0.005321805,0.00078384
2928,0.00485001,0.000537825
2928.25,0.00521424,0.000876495
2928.5,0.004518795,0.0001065
2928.75,0.003886185,-0.00022152
2929,0.004222725,-0.000148035
2929.25,0.00418545,-0.000130995
2929.5,0.005142885,0.00024708
2929.75,0.00522702,0.000412155
2930,0.00486918,0.000248145
2930.25,0.00514182,0.000194895
2930.5,0.00498846,0.000122475
2930.75,0.00446448,-0.0003195
2931,0.004633815,-0.000137385
2931.25,0.00465831,-6.0705e-05
2931.5,0.00489048,0.000124605
2931.75,0.0051546,0.000177855
2932,0.00506727,0.000156555
2932.25,0.00469452,8.52e-05
2932.5,0.00410238,-1.065e-06
2932.75,0.00367851,-0.000113955
2933,0.004041675,-0.00014271
2933.25,0.004414425,4.473e-05
2933.5,0.00524193,0.000407895
2933.75,0.005155665,0.000397245
2934,0.005424045,0.000461145
2934.25,0.005125845,0.0001491
2934.5,0.004812735,-0.00012993
2934.75,0.004985265,-0.000211935
2935,0.00444744,-0.00018105
2935.25,0.004235505,4.7925e-05
2935.5,0.00424935,0.00017253
2935.75,0.00432603,0.00032802
2936,0.0031098,0.0007668
2936.25,0.002674215,0.00030885
2936.5,0.00223011,-8.094e-05
2936.75,0.002674215,-8.2005e-05
2937,0.002861655,0.000148035
2937.25,0.002516595,-9.585e-05
2937.5,0.003285525,0.0005751
2937.75,0.00376797,0.001087365
2938,0.003200325,0.000654975
2938.25,0.00251979,0.00018105
2938.5,0.00172104,0.000226845
2938.75,0.001362135,-0.000160815
2939,0.00201711,-0.0001704
2939.25,0.002260995,0.00021087
2939.5,0.002978805,0.00108204
2939.75,0.00319074,0.000812595
2940,0.0032802,0.0008307
2940.25,0.00332493,0.00065817
2940.5,0.00263907,8.52e-06
2940.75,0.00223437,-0.000143775
2941,0.00173808,0.000116085
2941.25,0.00174234,-2.982e-05
2941.5,0.002525115,0.000495225
2941.75,0.00317796,0.00085839
2942,0.003351555,0.000774255
2942.25,0.002540025,0.000205545
2942.5,0.002461215,-3.3015e-05
2942.75,0.002748765,0.000126735
2943,0.002486775,-0.000113955
2943.25,0.002727465,0.00011502
2943.5,0.002582625,0.00053889
2943.75,0.00245376,0.00036636
2944,0.003108735,0.000505875
2944.25,0.003070395,0.00025134
2944.5,0.00254535,-8.8395e-05
2944.75,0.00305868,0.000222585
2945,0.003181155,-4.26e-06
2945.25,0.00281799,-6.4965e-05
2945.5,0.00411942,0.000855195
2945.75,0.004209945,0.00042813
2946,0.00368064,0.00025986
2946.25,0.004836165,0.000226845
2946.5,0.003954345,-5.751e-05
2946.75,0.00399588,-2.13e-05
2947,0.00408321,-3.834e-05
2947.25,0.00370407,-0.000173595
2947.5,0.004870245,0.00029181
2947.75,0.00493521,0.000582555
2948,0.00473925,0.00034719
2948.25,0.004393125,0.00018957
2948.5,0.004263195,6.2835e-05
2948.75,0.003999075,-0.00018957
2949,0.00406191,-4.473e-05
2949.25,0.00441762,0.000182115
2949.5,0.004463415,0.00046008
2949.75,0.004567785,0.000512265
2950,0.00494373,0.001053285
2950.25,0.004071495,-0.00011076
2950.5,0.003749865,-0.000182115
2950.75,0.00385104,-6.603e-05
2951,0.00439206,0.00016827
2951.25,0.004129005,-7.455e-06
2951.5,0.005083245,0.0005751
2951.75,0.005394225,0.001006425
2952,0.004516665,0.000286485
2952.25,0.004026765,-0.00020448
2952.5,0.004124745,-9.9045e-05
2952.75,0.004365435,0.00027903
2953,0.00399801,-0.000222585
2953.25,0.00453477,0.000386595
2953.5,0.005526285,0.000904185
2953.75,0.005368665,0.001059675
2954,0.00480102,4.473e-05
2954.25,0.00444957,-0.00031524
2954.5,0.00445809,-0.000120345
2954.75,0.005000175,0.000535695
2955,0.00469026,-0.00024921
2955.25,0.005034255,0.0005964
2955.5,0.00537612,0.00088608
2955.75,0.00589371,0.001440945
2956,0.00459867,-0.000190635
2956.25,0.00431325,-0.000354645
2956.5,0.00439632,0.000109695
2956.75,0.00391281,-0.00014058
2957,0.004141785,-0.000303525
2957.25,0.004970355,0.00091377
2957.5,0.00543363,0.00153999
2957.75,0.00480528,0.000750825
2958,0.00445809,-0.000388725
2958.25,0.0049629,-0.00017466
2958.5,0.00502893,0.00019383
2958.75,0.004301535,-0.0003195
2959,0.00348042,-0.0001491
2959.25,0.004231245,0.00140367
2959.5,0.00392772,0.001272675
2959.75,0.003592245,0.000808335
2960,0.001790265,-7.242e-05
2960.25,0.002001135,0.000390855
2960.5,0.00200646,-0.00011076
2960.75,0.002205615,-9.9045e-05
2961,0.00269019,0.00075615
2961.25,0.002802015,0.000929745
2961.5,0.00290532,0.001127835
2961.75,0.003311085,0.00150591
2962,0.002693385,0.00022578
2962.25,0.002407965,-3.195e-05
2962.5,0.00142497,0.000320565
2962.75,0.00162093,-0.000122475
2963,0.002001135,0.00066456
2963.25,0.002842485,0.001764705
2963.5,0.002802015,0.00147822
2963.75,0.00295431,0.00080727
2964,0.00258369,5.112e-05
2964.25,0.00297774,0.000731655
2964.5,0.00257943,0.00027051
2964.75,0.002518725,-5.325e-05
2965,0.00193617,0.000429195
2965.25,0.00214917,0.00133977
2965.5,0.002778585,0.00101814
2965.75,0.003040575,0.00148035
2966,0.002591145,0.000454755
2966.25,0.00262842,-6.39e-06
2966.5,0.002427135,0.00027051
2966.75,0.00263694,0.00040044
2967,0.0027264,0.000173595
2967.25,0.00329298,0.00075189
2967.5,0.002804145,0.00120558
2967.75,0.00273492,0.00075828
2968,0.00293514,0.00052611
2968.25,0.002942595,0.000265185
2968.5,0.002635875,-6.7095e-05
2968.75,0.00284568,7.455e-05
2969,0.00321204,0.000150165
2969.25,0.003406935,0.000407895
2969.5,0.003698745,0.00043665
2969.75,0.00466257,0.001100145
2970,0.003394155,0.000386595
2970.25,0.00388086,-0.00015336
2970.5,0.004371825,3.195e-06
2970.75,0.00429834,3.0885e-05
2971,0.003898965,-0.0001278
2971.25,0.004727535,0.000441975
2971.5,0.00552096,0.001091625
2971.75,0.00510135,0.00048351
2972,0.004872375,0.00031524
2972.25,0.00476694,0.0001278
2972.5,0.00471156,-4.26e-06
2972.75,0.00442827,-0.00018531
2973,0.004929885,8.52e-05
2973.25,0.00543363,0.00074337
2973.5,0.004759485,0.00041109
2973.75,0.004721145,0.00038553
2974,0.00504384,0.000546345
2974.25,0.00404487,-0.00014697
2974.5,0.003722175,-0.00013206
2974.75,0.003807375,0.00011076
2975,0.003869145,-9.9045e-05
2975.25,0.00443679,0.000392985
2975.5,0.004725405,0.00087117
2975.75,0.004812735,0.00079023
2976,0.00417906,0.000243885
2976.25,0.00412155,-0.00030033
2976.5,0.004482585,0.000407895
2976.75,0.00360822,-0.000267315
2977,0.004173735,-0.000224715
2977.25,0.004872375,0.00123753
2977.5,0.004708365,0.000806205
2977.75,0.004610385,0.00087969
2978,0.00473712,0.00086265
2978.25,0.00445383,0.00029394
2978.5,0.00418332,-0.00038553
2978.75,0.004248285,-0.00030885
2979,0.004508145,0.000288615
2979.25,0.00556356,0.001125705
2979.5,0.004917105,0.000997905
2979.75,0.004883025,0.00133764
2980,0.0046221,0.00085413
2980.25,0.00381696,-0.000427065
2980.5,0.003645495,-0.000439845
2980.75,0.003967125,9.6915e-05
2981,0.00401505,-1.3845e-05
2981.25,0.004508145,0.000738045
2981.5,0.005281335,0.00130995
2981.75,0.00531861,0.001500585
2982,0.004599735,0.000218325
2982.25,0.004293015,-0.000303525
2982.5,0.004819125,0.000267315
2982.75,0.004047,-0.000143775
2983,0.00673293,-0.001213035
2983.25,0.00911427,-0.000667755
2983.5,0.031324845,-0.000650715
2983.75,0.033016065,-0.000769995
2984,0.027337485,-0.00130143
2984.25,0.028696425,-0.00139515
2984.5,0.02860164,-0.00160602
2984.75,0.032815845,-0.00271149
2985,0.032257785,-0.002787105
2985.25,0.03621,-0.001749795
2985.5,0.039689355,-0.00209805
2985.75,0.038681865,-0.002309985
2986,0.039386895,-0.003200325
2986.25,0.039831,-0.002872305
2986.5,0.033039495,-0.003185415
2986.75,0.03445488,-0.003368595
2987,0.037275,-0.00331215
2987.25,0.03880221,-0.00209166
2987.5,0.042682005,-0.00292875
2987.75,0.04294293,-0.00300756
2988,0.040649985,-0.00219816
2988.25,0.040745835,-0.00270084
2988.5,0.040630815,-0.00228336
2988.75,0.03884055,-0.002989455
2989,0.03608433,-0.00303738
2989.25,0.033563475,-0.00152508
2989.5,0.037195125,-0.00203415
2989.75,0.03639957,-0.002169405
2990,0.04030812,-0.001732755
2990.25,0.03832722,-0.002226915
2990.5,0.04071708,-0.00270084
2990.75,0.037144005,-0.00264759
2991,0.034737105,-0.00378501
2991.25,0.02897226,-0.00230466
2991.5,0.032053305,-0.002782845
2991.75,0.032969205,-0.00270297
2992,0.0296283,-0.002612445
2992.25,0.026072265,-0.002838225
2992.5,0.024217035,-0.002889345
2992.75,0.02513187,-0.003121515
2993,0.02206893,-0.00198303
2993.25,0.02868258,-0.00238986
2993.5,0.024828345,-0.00254961
2993.75,0.021950715,-0.001964925
2994,0.01391103,-0.00109695
2994.25,0.01542546,-0.00177216
2994.5,0.013780035,-0.001457985
2994.75,0.01332741,-0.001888245
2995,0.01266711,-0.002056515
2995.25,0.01419432,-0.00117363
2995.5,0.01613901,-0.000912705
2995.75,0.014423295,-0.00143349
2996,0.014404125,-0.00097554
2996.25,0.009762855,-0.00132912
2996.5,0.00804075,-0.00179772
2996.75,0.00735276,-0.00170187
2997,0.00851787,-0.001040505
2997.25,0.00830913,-0.00047286
2997.5,0.007926795,-0.000484575
2997.75,0.00796194,3.195e-05
2998,0.007411335,-0.00067947
2998.25,0.006857535,-0.001526145
2998.5,0.006912915,-0.00128013
2998.75,0.006946995,-0.00113316
2999,0.00783414,-0.0012354
2999.25,0.00801093,-0.000516525
2999.5,0.008733,0.00022791
2999.75,0.00836664,-0.00087543
3000,0.007228155,-0.00233661
3000.25,0.007447545,-0.0013206
3000.5,0.007108875,-0.00251127
3000.75,0.006736125,-0.00179772
3001,0.00857964,0.000190635
3001.25,0.007605165,-0.00058362
3001.5,0.008297415,-0.000831765
3001.75,0.007668,-0.001353615
3002,0.007360215,-0.00211722
3002.25,0.007179165,-0.002550675
3002.5,0.00759984,-0.00163158
3002.75,0.00796194,9.6915e-05
3003,0.00804927,-0.00062409
3003.25,0.00762114,-0.000859455
3003.5,0.00827718,-0.00133551
3003.75,0.007715925,-0.00242181
3004,0.00735063,-0.00265611
3004.25,0.00754446,-0.00187866
3004.5,0.00780858,-0.00024495
3004.75,0.00740388,-0.00064113
3005,0.0079449,-0.00026838
3005.25,0.00770634,-0.002073555
3005.5,0.00761475,-0.00257943
3005.75,0.007609425,-0.002667825
3006,0.008550885,-0.001098015
3006.25,0.008389005,-0.000533565
3006.5,0.008195175,-0.00068799
3006.75,0.007264365,-0.00082431
3007,0.00759771,-0.001775355
3007.25,0.00856686,-0.002514465
3007.5,0.01341687,-0.0024708
3007.75,0.014764095,-0.002618835
3008,0.010925835,-0.002005395
3008.25,0.016634235,-0.002065035
3008.5,0.016018665,-0.003057615
3008.75,0.015601185,-0.003251445
3009,0.01660761,-0.003634845
3009.25,0.0249636,-0.00420249
3009.5,0.028975455,-0.002197095
3009.75,0.027857205,-0.0029394
3010,0.024031725,-0.00290532
3010.25,0.02310198,-0.002902125
3010.5,0.01570023,-0.002714685
3010.75,0.01608363,-0.002763675
3011,0.01896339,-0.00358905
3011.25,0.02376015,-0.00310767
3011.5,0.020274405,-0.002226915
3011.75,0.022836795,-0.003119385
3012,0.034519845,-0.00137385
3012.25,0.03928998,-0.001413255
3012.5,0.042980205,-0.002812665
3012.75,0.038373015,-0.002586885
3013,0.03692781,-0.002459085
3013.25,0.03798429,-0.001570875
3013.5,0.03944973,-0.002361105
3013.75,0.043150605,-0.002024565
3014,0.05273028,-0.004859595
3014.25,0.052663185,-0.00467961
3014.5,0.049606635,-0.004075755
3014.75,0.04871736,-0.005123715
3015,0.04662996,-0.00265185
3015.25,0.040317705,-0.001747665
3015.5,0.038234565,-0.003093825
3015.75,0.047284935,-0.003696615
3016,0.03711525,-0.00279669
3016.25,0.045998415,-0.003852105
3016.5,0.043205985,-0.003255705
3016.75,0.046854675,-0.001992615
3017,0.038168535,-0.001813695
3017.25,0.03888954,-0.001602825
3017.5,0.029535645,-0.00172104
3017.75,0.02246724,-0.0015762
3018,0.01736802,-0.00086052
3018.25,0.01986225,-0.000397245
3018.5,0.019763205,0.000431325
3018.75,0.018342495,0.000188505
3019,0.01015158,-0.000548475
3019.25,0.00927615,-0.00108417
3019.5,0.008829915,-0.00161667
3019.75,0.008476335,-0.002180055
3020,0.008533845,-0.00111186
3020.25,0.00824949,0.001031985
3020.5,0.00735702,0.000216195
3020.75,0.00682239,-0.000703965
3021,0.00677127,-0.000780645
3021.25,0.006959775,-0.00097554
3021.5,0.00613653,-0.00139089
3021.75,0.007202595,-5.751e-05
3022,0.005835135,0.00089673
3022.25,0.006923565,0.000258795
3022.5,0.00601725,-0.00107778
3022.75,0.00585537,-0.001298235
3023,0.006476265,-0.00045156
3023.25,0.00604068,-0.001404735
3023.5,0.007040715,-0.00012993
3023.75,0.007590255,0.00084135
3024,0.00687777,8.52e-05
3024.25,0.005973585,-0.00128652
3024.5,0.005920335,-0.000329085
3024.75,0.006086475,-0.00054315
3025,0.006397455,-0.0006816
3025.25,0.00642834,-9.798e-05
3025.5,0.006838365,0.00035784
3025.75,0.0063687,-0.000678405
3026,0.006118425,-0.001027725
3026.25,0.00620895,-0.00046434
3026.5,0.006122685,-0.00069012
3026.75,0.00660939,-0.0003408
3027,0.00675423,-0.00012993
3027.25,0.007138695,0.00051972
3027.5,0.006386805,-0.00112464
3027.75,0.006109905,-0.00118641
3028,0.006657315,-0.000435585
3028.25,0.006972555,-0.000703965
3028.5,0.0066456,-0.000105435
3028.75,0.006763815,-1.278e-05
3029,0.0074976,0.000508005
3029.25,0.00632823,-0.00110547
3029.5,0.00669246,-0.00120345
3029.75,0.006831975,-0.000691185
3030,0.006746775,-0.000418545
3030.25,0.0074124,-0.00013632
3030.5,0.0092229,-0.00023217
3030.75,0.007128045,0.00024069
3031,0.00496077,-0.00077319
3031.25,0.004842555,-0.000859455
3031.5,0.01077567,-0.0009585
3031.75,0.017620425,-0.00129504
3032,0.013594725,-0.00091164
3032.25,0.019181715,-0.000980865
3032.5,0.018176355,-0.0011928
3032.75,0.018061335,-0.002531505
3033,0.021805875,-0.002957505
3033.25,0.02089743,-0.00214278
3033.5,0.03107244,-0.002603925
3033.75,0.029569725,-0.00285846
3034,0.026664405,-0.00218538
3034.25,0.02753877,-0.00231318
3034.5,0.022457655,-0.002755155
3034.75,0.024170175,-0.002414355
3035,0.02537469,-0.002518725
3035.25,0.02856117,-0.003104475
3035.5,0.02521281,-0.00207888
3035.75,0.028641045,-0.002086335
3036,0.03801837,-0.00216408
3036.25,0.03611415,-0.002882955
3036.5,0.038909775,-0.003206715
3036.75,0.034841475,-0.0028116
3037,0.02774751,-0.00345486
3037.25,0.026902965,-0.002574105
3037.5,0.043365735,-0.002669955
3037.75,0.0593418,-0.001279065
3038,0.048077295,-0.00319713
3038.25,0.054318195,-0.00450495
3038.5,0.046939875,-0.00317796
3038.75,0.05482194,-0.00436224
3039,0.04852992,-0.00423657
3039.25,0.04592067,-0.00270084
3039.5,0.04604847,-0.000752955
3039.75,0.04301748,-0.001918065
3040,0.03826119,-0.00312471
3040.25,0.05005074,-0.001975575
3040.5,0.04990164,-0.00212148
3040.75,0.047010165,-0.003000105
3041,0.033699795,-0.002885085
3041.25,0.03816321,-0.00265185
3041.5,0.03709608,-0.00204054
3041.75,0.035995935,-0.00327594
3042,0.018340365,-0.003622065
3042.25,0.01726791,-0.002659305
3042.5,0.01955127,-0.00192978
3042.75,0.019501215,-0.001790265
3043,0.01942347,-0.00223011
3043.25,0.019520385,-0.002109765
3043.5,0.01539138,-0.00189783
3043.75,0.014468025,-0.001828605
3044,0.01195143,-0.002218395
3044.25,0.01279917,-0.0021087
3044.5,0.012414705,-0.001455855
3044.75,0.013933395,-0.00079875
3045,0.013780035,-0.001283325
3045.25,0.012740595,-0.00272853
3045.5,0.012617055,-0.00271149
3045.75,0.01260321,-0.001932975
3046,0.010863,-0.00200859
3046.25,0.008299545,-0.001306755
3046.5,0.00794703,-0.001464375
3046.75,0.00790017,-0.00034719
3047,0.00724626,-0.002128935
3047.25,0.007304835,-0.00224928
3047.5,0.0068586,-0.00193404
3047.75,0.006378285,-0.00056658
3048,0.006574245,-3.7275e-05
3048.25,0.005958675,-0.000627285
3048.5,0.00552309,-0.00034293
3048.75,0.005658345,-0.000486705
3049,0.005504985,-0.000797685
3049.25,0.00559977,-0.00086478
3049.5,0.006761685,-0.000601725
3049.75,0.006808545,7.7745e-05
3050,0.00631119,-0.000297135
3050.25,0.006506085,-0.000369555
3050.5,0.006452835,-0.00072207
3050.75,0.00590649,-0.00087969
3051,0.005811705,-0.000974475
3051.25,0.006065175,-0.00071781
3051.5,0.006946995,6.816e-05
3051.75,0.00654762,-0.00029607
3052,0.00597678,-0.00028329
3052.25,0.005841525,-0.0006816
3052.5,0.00541659,-0.000437715
3052.75,0.005070465,-0.000774255
3053,0.00547836,-0.00069438
3053.25,0.0062835,-0.000141645
3053.5,0.006753165,-5.2185e-05
3053.75,0.006710565,-0.00041109
3054,0.00595335,-0.00118854
3054.25,0.006714825,-0.00064539
3054.5,0.00628776,-0.001025595
3054.75,0.00559977,-0.00105861
3055,0.007867155,-0.00071355
3055.25,0.01863111,-0.002022435
3055.5,0.017526705,-0.002718945
3055.75,0.01193226,-0.002499555
3056,0.02248641,-0.00307572
3056.25,0.023330955,-0.003585855
3056.5,0.023633415,-0.005064075
3056.75,0.02131704,-0.00302673
3057,0.02151939,-0.00174873
3057.25,0.024231945,-0.0025347
3057.5,0.02311902,-0.003438885
3057.75,0.025861395,-0.003745605
3058,0.0246654,-0.003605025
3058.25,0.023716485,-0.00400866
3058.5,0.021479985,-0.002868045
3058.75,0.023509875,-0.001926585
3059,0.022146675,-0.000384465
3059.25,0.026123385,-0.000550605
3059.5,0.032724255,-0.000320565
3059.75,0.03617379,0.000410025
3060,0.03380949,-0.00089886
3060.25,0.03986934,0.00092655
3060.5,0.031133145,-0.000150165
3060.75,0.02784123,-0.00246867
3061,0.01930206,-0.004465545
3061.25,0.024636645,-0.00568284
3061.5,0.02623734,-0.005709465
3061.75,0.02645886,-0.0037275
3062,0.024393825,-0.00116298
3062.25,0.02026908,4.26e-05
3062.5,0.02409882,0.000329085
3062.75,0.022824015,-0.0018531
3063,0.02537043,-0.003255705
3063.25,0.02343213,-0.002902125
3063.5,0.021456555,-0.00481167
3063.75,0.02100606,-0.003570945
3064,0.02772195,-0.00038553
3064.25,0.02381766,0.00019809
3064.5,0.022095555,-0.000101175
3064.75,0.02237139,-0.001383435
3065,0.023467275,-0.002446305
3065.25,0.021002865,-0.003668925
3065.5,0.018636435,-0.004350525
3065.75,0.016440405,-0.002571975
3066,0.013645845,-0.001781745
3066.25,0.017967615,-0.00214491
3066.5,0.016968645,-0.002623095
3066.75,0.018351015,-0.002542155
3067,0.014972835,-0.002576235
3067.25,0.013581945,-0.00291171
3067.5,0.01560225,-0.00182754
3067.75,0.015592665,-0.001573005
3068,0.01446057,-0.00237495
3068.25,0.016602285,-0.00169548
3068.5,0.013466925,-0.0020661
3068.75,0.013141035,-0.002727465
3069,0.01324647,-0.00248571
3069.25,0.01354041,-0.001426035
3069.5,0.01374915,-0.00145053
3069.75,0.012817275,-0.00187014
3070,0.01166601,-0.00210231
3070.25,0.013498875,-0.00233874
3070.5,0.007247325,-0.00220455
3070.75,0.00755937,-0.001428165
3071,0.00781497,-0.000985125
3071.25,0.00739749,-8.52e-05
3071.5,0.01016436,-0.000765735
3071.75,0.007760655,-0.000838155
3072,0.00793638,-0.00099258
3072.25,0.008014125,-0.00162732
3072.5,0.006299475,-0.00148461
3072.75,0.00846249,-0.000533565
3073,0.008124885,-0.0001491
3073.25,0.00721644,-0.000588945
3073.5,0.009345375,-0.000714615
3073.75,0.00689694,-0.001462245
3074,0.00787035,-0.00126522
3074.25,0.00772125,-0.00175725
3074.5,0.006561465,-0.001624125
3074.75,0.00999183,-5.538e-05
3075,0.00832404,-1.917e-05
3075.25,0.0071355,-0.00064539
3075.5,0.007502925,-0.00134829
3075.75,0.006895875,-0.001251375
3076,0.007715925,-0.000846675
3076.25,0.008282505,-0.001342965
3076.5,0.006966165,-0.000580425
3076.75,0.00847527,-0.00046008
3077,0.008150445,1.8105e-05
3077.25,0.0067947,-0.00113529
3077.5,0.0076467,-0.001491
3077.75,0.006604065,-0.001396215
3078,0.00828783,-0.000844545
3078.25,0.008797965,-0.000361035
3078.5,0.00754872,-0.00045369
3078.75,0.009502995,-0.000297135
3079,0.00733998,-0.00090951
3079.25,0.0136107,-0.002650785
3079.5,0.01588554,-0.002303595
3079.75,0.01775568,-0.00183393
3080,0.018361665,-0.001468635
3080.25,0.024074325,-0.00141432
3080.5,0.022559895,-0.00105861
3080.75,0.025963635,-0.00186588
3081,0.0237069,-0.002388795
3081.25,0.02269515,-0.00205119
3081.5,0.02603073,-0.00182754
3081.75,0.02739819,-0.001417515
3082,0.026025405,-0.00168696
3082.25,0.025486515,-0.00192765
3082.5,0.01966842,-0.001732755
3082.75,0.018169965,-0.001338705
3083,0.019347855,-0.001240725
3083.25,0.019818585,-0.001244985
3083.5,0.024300105,-0.00131634
3083.75,0.02679966,-0.001345095
3084,0.023678145,-0.002007525
3084.25,0.023895405,-0.00279882
3084.5,0.022003965,-0.00262629
3084.75,0.023424675,-0.00199155
3085,0.021196695,-0.001751925
3085.25,0.017780175,-0.00162519
3085.5,0.02542794,-0.00274557
3085.75,0.024087105,-0.001917
3086,0.027037155,-0.00235578
3086.25,0.027224595,-0.00290532
3086.5,0.024651555,-0.002439915
3086.75,0.0234939,-0.00175938
3087,0.024523755,-0.00126735
3087.25,0.02392203,-0.002137455
3087.5,0.021989055,-0.00258369
3087.75,0.02024352,-0.00297774
3088,0.02028186,-0.00197664
3088.25,0.019573635,-0.001920195
3088.5,0.019876095,-0.001800915
3088.75,0.01987503,-0.001494195
3089,0.018323325,-0.00132273
3089.25,0.012885435,-0.001014945
3089.5,0.010472145,-0.00149739
3089.75,0.007394295,-0.001251375
3090,0.00719301,-0.00139941
3090.25,0.008795835,-0.000865845
3090.5,0.008795835,-0.00032589
3090.75,0.014819475,-0.00066243
3091,0.016193325,-0.001734885
3091.25,0.01271823,-0.001417515
3091.5,0.012514815,-0.001178955
3091.75,0.01810926,-0.00158898
3092,0.016099605,-0.001093755
3092.25,0.01278426,-0.001004295
3092.5,0.015168795,-0.00011928
3092.75,0.010438065,-0.001159785
3093,0.00657105,-0.001313145
3093.25,0.005984235,-0.0013206
3093.5,0.005771235,-0.001355745
3093.75,0.007221765,-0.00011502
3094,0.008176005,0.000314175
3094.25,0.0067734,-0.0005112
3094.5,0.00596826,-0.001807305
3094.75,0.005964,-0.00158259
3095,0.0069864,-0.000640065
3095.25,0.00617061,-0.00115872
3095.5,0.0073059,-0.00046221
3095.75,0.00771699,-0.000542085
3096,0.00680961,0.000128865
3096.25,0.006495435,-0.001613475
3096.5,0.00577017,-0.002013915
3096.75,0.00571479,-0.00198516
3097,0.006322905,-0.001308885
3097.25,0.007343175,4.686e-05
3097.5,0.00643047,-0.0005538
3097.75,0.00678618,-0.00092655
3098,0.006706305,-0.001381305
3098.25,0.00711633,-0.001504845
3098.5,0.0064965,-0.002414355
3098.75,0.008325105,-0.002597535
3099,0.007634985,-0.000254535
3099.25,0.007735095,0.00025134
3099.5,0.00682026,-0.001202385
3099.75,0.0066669,-0.002331285
3100,0.00755511,-0.002395185
3100.25,0.00739749,-0.001049025
3100.5,0.006391065,-0.001690155
3100.75,0.00653058,-0.00047499
3101,0.00710781,-0.00057084
3101.25,0.006589155,-0.00060279
3101.5,0.006244095,-0.001698675
3101.75,0.00624303,-0.002307855
3102,0.00658383,-0.00222585
3102.25,0.006046005,-0.00189144
3102.5,0.007609425,-0.000111825
3102.75,0.00699492,0.00031098
3103,0.00716958,-0.001019205
3103.25,0.00551883,-0.00166992
3103.5,0.00475203,-0.00171252
3103.75,0.00476055,-0.000974475
3104,0.003023535,-0.00088821
3104.25,0.00351663,-0.000341865
3104.5,0.00280521,-0.0002982
3104.75,0.00359544,-0.000689055
3105,0.004614645,-0.00089034
3105.25,0.004376085,-0.00075402
3105.5,0.004278105,-0.001555965
3105.75,0.003707265,-0.001223685
3106,0.00477972,-0.000331215
3106.25,0.004267455,-7.9875e-05
3106.5,0.00303525,5.964e-05
3106.75,0.002550675,-0.001360005
3107,0.00261564,-0.001400475
3107.25,0.002840355,-0.001360005
3107.5,0.003656145,-0.0006816
3107.75,0.0037701,0.000111825
3108,0.00411516,-0.000361035
3108.25,0.003777555,-0.000426
3108.5,0.00340161,-0.001477155
3108.75,0.00381696,-0.00071142
3109,0.002565585,-0.00112464
3109.25,0.00250914,-0.00155916
3109.5,0.00336966,-0.000454755
3109.75,0.007637115,0.00015762
3110,0.00820263,0.00033015
3110.25,0.00755937,-0.001313145
3110.5,0.00750612,-0.001417515
3110.75,0.00691185,-0.00075828
3111,0.00519933,-0.00083922
3111.25,0.0056019,-0.00044517
3111.5,0.003811635,-0.000441975
3111.75,0.0039192,-1.1715e-05
3112,0.0044517,-0.00088608
3112.25,0.00454329,-0.00138024
3112.5,0.00374454,-0.001029855
3112.75,0.004697715,-0.00080088
3113,0.00638787,-7.3485e-05
3113.25,0.00531222,-0.00021087
3113.5,0.00572757,-0.00033654
3113.75,0.005575275,-0.000493095
3114,0.00625581,-0.000435585
3114.25,0.00682665,-0.000755085
3114.5,0.00699066,-0.000699705
3114.75,0.007066275,-0.000190635
3115,0.00712698,0.000116085
3115.25,0.00605985,-0.00066882
3115.5,0.005813835,-0.00111399
3115.75,0.006546555,-0.001304625
3116,0.00654123,-0.000778515
3116.25,0.00675636,-0.00046647
3116.5,0.00659448,-0.000314175
3116.75,0.00665625,-0.00034293
3117,0.00610884,-0.001308885
3117.25,0.00598317,-0.00116724
3117.5,0.005933115,-0.00080514
3117.75,0.005726505,-0.00145266
3118,0.00629841,-0.00066669
3118.25,0.007187685,-0.00030459
3118.5,0.007343175,2.13e-05
3118.75,0.005982105,-0.00076254
3119,0.00599808,-0.001566615
3119.25,0.005971455,-0.0016614
3119.5,0.006706305,-0.001915935
3119.75,0.00737406,-0.0002556
3120,0.006748905,-0.000233235
3120.25,0.006687135,-0.00090738
3120.5,0.00596187,-0.00136107
3120.75,0.005498595,-0.00113742
3121,0.006768075,-0.00054741
3121.25,0.006621105,-0.00095211
3121.5,0.00673506,-0.00048351
3121.75,0.007072665,-0.00046221
3122,0.006555075,-0.0002982
3122.25,0.00703113,-0.00066456
3122.5,0.00632397,-0.001080975
3122.75,0.005790405,-0.001692285
3123,0.005965065,-0.001713585
3123.25,0.006495435,-0.000569775
3123.5,0.00788526,0.00025134
3123.75,0.006814935,-0.000938265
3124,0.00637296,-0.001624125
3124.25,0.00606624,-0.00170826
3124.5,0.005788275,-0.001613475
3124.75,0.006823455,-0.00069651
3125,0.00679044,-0.000763605
3125.25,0.00680109,-0.00050055
3125.5,0.00650289,-0.00076467
3125.75,0.00620469,-0.001547445
3126,0.006738255,-0.000810465
3126.25,0.006446445,-0.001232205
3126.5,0.0061983,-0.001230075
3126.75,0.006538035,-0.000631545
3127,0.00590649,-0.000265185
3127.25,0.005907555,5.325e-06
3127.5,0.005019345,-0.000872235
3127.75,0.00453051,-0.00101175
3128,0.003155595,-0.000818985
3128.25,0.00285633,-0.00085626
3128.5,0.00345912,-0.000412155
3128.75,0.004013985,-0.00011928
3129,0.003707265,-0.00023004
3129.25,0.0041535,-0.00125244
3129.5,0.0039618,-0.001656075
3129.75,0.004435725,-0.00065817
3130,0.00483723,-0.001093755
3130.25,0.00444105,-0.00109482
3130.5,0.00289893,-0.000250275
3130.75,0.00272214,-0.000397245
3131,0.003521955,-0.00028116
3131.25,0.003553905,-0.001042635
3131.5,0.00376158,-0.00139728
3131.75,0.004001205,-0.00139515
3132,0.00371472,-0.001293975
3132.25,0.004978875,-9.0525e-05
3132.5,0.00522489,0.000601725
3132.75,0.005121585,-0.00064113
3133,0.002925555,-0.001506975
3133.25,0.00314388,-0.001283325
3133.5,0.00402144,-0.001364265
3133.75,0.004295145,-0.000657105
3134,0.00483936,-0.00016614
3134.25,0.00478398,-0.00045156
3134.5,0.00476481,-0.00033441
3134.75,0.005115195,-0.00084561
3135,0.0047073,-0.00106287
3135.25,0.004354785,-0.001278
3135.5,0.003083175,-0.00106287
3135.75,0.003805245,-0.00054315
3136,0.00422166,0.00021513
3136.25,0.004342005,3.5145e-05
3136.5,0.003922395,-0.00085413
3136.75,0.003941565,-0.00103944
3137,0.004282365,-0.000795555
3137.25,0.004810605,-0.000525045
3137.5,0.00562959,-0.00051759
3137.75,0.00587028,-0.00034293
3138,0.005739285,-0.000284355
3138.25,0.00664134,-0.00053889
3138.5,0.00605133,-0.00045582
3138.75,0.00620469,-0.000637935
3139,0.006356985,-0.000663495
3139.25,0.00601725,-0.00057723
3139.5,0.00699705,-0.000284355
3139.75,0.007816035,0.00013632
3140,0.007006635,-0.00049629
3140.25,0.00643047,-0.000993645
3140.5,0.0064326,-0.000957435
3140.75,0.005792535,-0.001110795
3141,0.006887355,-0.000580425
3141.25,0.006900135,-0.000211935
3141.5,0.006574245,-0.00041535
3141.75,0.006325035,-0.00050268
3142,0.00601299,-0.001098015
3142.25,0.006352725,-0.000842415
3142.5,0.006738255,-0.00044517
3142.75,0.006216405,-0.00119706
3143,0.00649011,-0.000642195
3143.25,0.00623877,-0.00025347
3143.5,0.006640275,-0.00033867
3143.75,0.00634314,-0.00063474
3144,0.00629202,-0.00118854
3144.25,0.00551244,-0.00154212
3144.5,0.005458125,-0.00118641
3144.75,0.004899,-0.00107991
3145,0.00651993,0.00020448
3145.25,0.00626859,-0.000182115
3145.5,0.00614931,-0.001221555
3145.75,0.00559764,-0.00163371
3146,0.005538,-0.00167205
3146.25,0.00640917,-0.001164045
3146.5,0.00640704,-0.00159963
3146.75,0.00668394,-0.000880755
3147,0.007055625,-0.00049629
3147.25,0.00661152,-0.000488835
3147.5,0.00603429,-0.00208101
3147.75,0.006846885,-0.00095637
3148,0.00605772,-0.00139515
3148.25,0.00566793,-0.00187014
3148.5,0.005690295,-0.001732755
3148.75,0.0062196,-0.00058575
3149,0.00661578,7.1355e-05
3149.25,0.006418755,-1.8105e-05
3149.5,0.00584685,-0.00135894
3149.75,0.005952285,-0.001685895
3150,0.006148245,-0.00152508
3150.25,0.00607902,-0.001434555
3150.5,0.00731442,-0.00039831
3150.75,0.00697149,-0.0001065
3151,0.004599735,-0.000367425
3151.25,0.015239085,-0.000693315
3151.5,0.03281691,-0.001325925
3151.75,0.028379055,-0.001709325
3152,0.02615214,-0.00112677
3152.25,0.027122355,-0.000838155
3152.5,0.02774751,-0.000729525
3152.75,0.03232488,-0.001014945
3153,0.03042918,-0.00138663
3153.25,0.03947742,-0.001820085
3153.5,0.046243365,-0.002427135
3153.75,0.045589455,-0.00262629
3154,0.04146258,-0.0033441
3154.25,0.04708578,-0.00283929
3154.5,0.04181616,-0.00214917
3154.75,0.03756468,-0.00247932
3155,0.03720471,-0.002793495
3155.25,0.04111752,-0.003381375
3155.5,0.04244877,-0.00363378
3155.75,0.04462989,-0.004474065
3156,0.04504098,-0.003291915
3156.25,0.03987999,-0.00342504
3156.5,0.039893835,-0.00369981
3156.75,0.0373389,-0.003994815
3157,0.028685775,-0.003884055
3157.25,0.030008505,-0.004075755
3157.5,0.054060465,-0.004216335
3157.75,0.06091161,-0.003193935
3158,0.053809125,-0.0023856
3158.25,0.051086985,-0.002220525
3158.5,0.0552948,-0.00232383
3158.75,0.050567265,-0.00309702
3159,0.05443641,-0.003219495
3159.25,0.04994637,-0.00310767
3159.5,0.043640505,-0.002672085
3159.75,0.047499,-0.002648655
3160,0.04249137,-0.002096985
3160.25,0.036505005,-0.00174873
3160.5,0.034330275,-0.00162732
3160.75,0.03251445,-0.002165145
3161,0.016165635,-0.00226419
3161.25,0.015824835,-0.00189357
3161.5,0.016610805,-0.001896765
3161.75,0.015635265,-0.00174021
3162,0.014114445,-0.00151017
3162.25,0.017009115,-0.001106535
3162.5,0.012663915,-0.00109269
3162.75,0.012314595,-0.000938265
3163,0.00995988,-0.00137598
3163.25,0.009658485,-0.00142923
3163.5,0.01120593,-0.0009159
3163.75,0.01056054,-0.000686925
3164,0.009788415,-0.00028968
3164.25,0.00934431,-0.00238134
3164.5,0.00839433,-0.001792395
3164.75,0.00897369,-0.001643295
3165,0.009801195,-0.00109695
3165.25,0.007811775,-0.00145692
3165.5,0.008812875,-0.000989385
3165.75,0.00982356,-0.00086691
3166,0.00769782,-0.00164649
3166.25,0.00919308,-0.00133551
3166.5,0.00640491,-0.00111612
3166.75,0.00667329,-0.001555965
3167,0.00762753,-0.00125244
3167.25,0.007537005,-0.000307785
3167.5,0.007907625,0.00026199
3167.75,0.00818772,-0.000991515
3168,0.006682875,-0.00168696
3168.25,0.007172775,-0.001749795
3168.5,0.007079055,-0.001232205
3168.75,0.00738045,-0.00068799
3169,0.00719514,-0.000388725
3169.25,0.00720366,-0.000273705
3169.5,0.00689268,-0.000850935
3169.75,0.007562565,-0.00127161
3170,0.00713337,-0.001166175
3170.25,0.007330395,-0.00073698
3170.5,0.00747204,-0.001238595
3170.75,0.007943835,-0.000510135
3171,0.007483755,-0.00044091
3171.25,0.00908445,-0.000842415
3171.5,0.007641375,-0.00070503
3171.75,0.0070716,-0.00131634
3172,0.00780432,-0.00124179
3172.25,0.006563595,-0.00143349
3172.5,0.0076467,-0.00055806
3172.75,0.00870744,0.00012354
3173,0.007375125,-0.00064113
3173.25,0.00621534,-0.0012141
3173.5,0.006964035,-0.001157655
3173.75,0.006757425,-0.00130569
3174,0.00764244,-0.001195995
3174.25,0.007526355,-0.000228975
3174.5,0.014225205,-0.000535695
3174.75,0.010851285,-0.000782775
3175,0.00995136,-0.00110121
3175.25,0.010983345,-0.001110795
3175.5,0.01476942,-0.00102027
3175.75,0.01409847,-0.001443075
3176,0.014003685,-0.001168305
3176.25,0.019049655,-0.000925485
3176.5,0.017520315,-0.00160176
3176.75,0.01781958,-0.00174234
3177,0.01820298,-0.00262416
3177.25,0.021714285,-0.003008625
3177.5,0.025516335,-0.00304377
3177.75,0.022883655,-0.002684865
3178,0.027111705,-0.00179346
3178.25,0.03003726,-0.002380275
3178.5,0.02465901,-0.00254109
3178.75,0.024594045,-0.002744505
3179,0.027199035,-0.00312258
3179.25,0.03184989,-0.0029607
3179.5,0.032626275,-0.00241968
3179.75,0.03600978,-0.002556
3180,0.03965847,-0.002780715
3180.25,0.03476586,-0.00271575
3180.5,0.02900421,-0.00309489
3180.75,0.024674985,-0.003008625
3181,0.020319135,-0.002861655
3181.25,0.022809105,-0.0020235
3181.5,0.02177286,-0.00165927
3181.75,0.032779635,-0.002016045
3182,0.03244629,-0.002655045
3182.25,0.03400971,-0.00265611
3182.5,0.028283205,-0.002030955
3182.75,0.028973325,-0.002180055
3183,0.02693172,-0.002271645
3183.25,0.028798665,-0.002154495
3183.5,0.028892385,-0.001790265
3183.75,0.02540451,-0.00241542
3184,0.0267741,-0.002957505
3184.25,0.03568389,-0.00329085
3184.5,0.025429005,-0.00252192
3184.75,0.02687634,-0.002514465
3185,0.022919865,-0.00156342
3185.25,0.018470295,-0.00112251
3185.5,0.019215795,-0.001915935
3185.75,0.016598025,-0.00163584
3186,0.01630728,-0.001006425
3186.25,0.012849225,-0.0020448
3186.5,0.012233655,-0.001849905
3186.75,0.015115545,-0.001999005
3187,0.012461565,-0.001298235
3187.25,0.014150655,-0.00217899
3187.5,0.012957855,-0.00279669
3187.75,0.011865165,-0.00287976
3188,0.014144265,-0.002292945
3188.25,0.011449815,-0.00144414
3188.5,0.012141,-0.00183393
3188.75,0.0130143,-0.00165075
3189,0.010303875,-0.0028116
3189.25,0.012657525,-0.002088465
3189.5,0.01144875,-0.002388795
3189.75,0.00693102,-0.00158898
3190,0.008276115,-0.00065604
3190.25,0.007952355,-5.325e-06
3190.5,0.008167485,7.3485e-05
3190.75,0.00725052,-0.001257765
3191,0.006638145,-0.0012141
3191.25,0.00746352,-0.00122049
3191.5,0.00761049,-0.000778515
3191.75,0.009238875,-0.000201285
3192,0.00768078,-0.000322695
3192.25,0.00692037,-0.000657105
3192.5,0.008305935,-0.00077532
3192.75,0.00649011,-0.000991515
3193,0.00674784,-0.00140793
3193.25,0.007208985,-0.001291845
3193.5,0.007796865,-0.000277965
3193.75,0.00923142,0.00030033
3194,0.007485885,-0.00078171
3194.25,0.006369765,-0.001698675
3194.5,0.00916113,-0.00178068
3194.75,0.00692463,-0.001704
3195,0.01036884,-0.00081792
3195.25,0.007896975,0.00011076
3195.5,0.00770421,-0.00024495
3195.75,0.00872448,-0.001085235
3196,0.00767013,-0.00174234
3196.25,0.00680109,-0.00094572
3196.5,0.00699918,-0.001217295
3196.75,0.00588732,-0.00126522
3197,0.008802225,-0.00025773
3197.25,0.00626007,-0.000363165
3197.5,0.007747875,-0.00018957
3197.75,0.00868827,-0.00135681
3198,0.0069438,-0.0016401
3198.25,0.010761825,-0.00174021
3198.5,0.00959352,-0.001132095
3198.75,0.00866058,-0.00011715
3199,0.00808335,-0.00035145
3199.25,0.00839646,-0.00107352
3199.5,0.012516945,-0.00168696
3199.75,0.011121795,-0.001688025
3200,0.01172991,-0.001470765
3200.25,0.01711455,-0.001737015
3200.5,0.017784435,-0.00168483
3200.75,0.0186588,-0.00124179
3201,0.020027325,-0.00223863
3201.25,0.02006247,-0.00263481
3201.5,0.01898256,-0.00289254
3201.75,0.020022,-0.00295644
3202,0.01937022,-0.002258865
3202.25,0.019520385,-0.002344065
3202.5,0.016983555,-0.002437785
3202.75,0.01984734,-0.00133125
3203,0.023488575,-0.00118215
3203.25,0.0212361,-0.003025665
3203.5,0.02204124,-0.00303951
3203.75,0.017030415,-0.002444175
3204,0.03005856,-0.00133764
3204.25,0.03829101,-0.00115446
3204.5,0.038788365,-0.00211083
3204.75,0.03510879,-0.001504845
3205,0.02771556,-0.00197664
3205.25,0.025808145,-0.00239412
3205.5,0.024730365,-0.0023217
3205.75,0.03107244,-0.002557065
3206,0.035227005,-0.002648655
3206.25,0.033887235,-0.003732825
3206.5,0.0276048,-0.00341652
3206.75,0.02984982,-0.002972415
3207,0.030417465,-0.00333558
3207.25,0.032385585,-0.00278817
3207.5,0.023382075,-0.002723205
3207.75,0.02650785,-0.002077815
3208,0.025324635,-0.00351237
3208.25,0.02906598,-0.004197165
3208.5,0.03277005,-0.004365435
3208.75,0.02509353,-0.00281799
3209,0.029356725,-0.00350172
3209.25,0.01933827,-0.001883985
3209.5,0.019198755,-0.00160176
3209.75,0.023965695,-0.00308637
3210,0.01917852,-0.0025986
3210.25,0.020097615,-0.002744505
3210.5,0.018459645,-0.0022578
3210.75,0.015520245,-0.000880755
3211,0.01411977,-0.00079236
3211.25,0.012257085,-0.001939365
3211.5,0.012585105,-0.002831835
3211.75,0.011287935,-0.001958535
3212,0.01177251,-0.002033085
3212.25,0.012216615,-0.00199368
3212.5,0.01262238,-0.001377045
3212.75,0.011547795,-0.0004899
3213,0.01219851,-0.00178707
3213.25,0.01112073,-0.0025134
3213.5,0.008312325,-0.00212148
3213.75,0.007856505,-0.00178494
3214,0.00958926,-0.000265185
3214.25,0.008815005,-0.001089495
3214.5,0.008288895,-0.00134403
3214.75,0.00761262,-0.002201355
3215,0.00835173,-0.001219425
3215.25,0.00744009,-0.0010863
3215.5,0.006800025,-0.001042635
3215.75,0.0069864,-0.000316305
3216,0.007856505,-0.000122475
3216.25,0.007328265,-0.00030246
3216.5,0.006457095,-0.001426035
3216.75,0.006163155,-0.001466505
3217,0.0062622,-0.000982995
3217.25,0.00708651,-0.000286485
3217.5,0.00716106,-0.00028755
3217.75,0.007153605,-0.00044091
3218,0.007183425,-0.00084987
3218.25,0.00653058,-0.001349355
3218.5,0.006307995,-0.0016614
3218.75,0.00691185,-0.00098406
3219,0.006723345,9.372e-05
3219.25,0.00675849,-0.000378075
3219.5,0.006876705,-0.001025595
3219.75,0.006610455,-0.00073485
3220,0.00667329,-0.00065604
3220.25,0.00613014,-0.00144414
3220.5,0.005818095,-0.000814725
3220.75,0.006525255,-0.00030033
3221,0.007377255,0.000467535
3221.25,0.006254745,-0.00101601
3221.5,0.006712695,-0.00166992
3221.75,0.00619191,-0.00158259
3222,0.006629625,-0.00112464
3222.25,0.008576445,5.964e-05
3222.5,0.007764915,-0.00020235
3222.75,0.007030065,-0.000282225
3223,0.005145015,-0.00113955
3223.25,0.022711125,-0.00083922
3223.5,0.041363535,-0.000951045
3223.75,0.041868345,-0.00112251
3224,0.030879675,-0.00030672
3224.25,0.036933135,-0.000213
3224.5,0.041778885,-0.000286485
3224.75,0.03815469,-0.00095211
3225,0.041416785,-0.001046895
3225.25,0.04404201,0.000192765
3225.5,0.048784455,-0.000595335
3225.75,0.04587807,-0.000211935
3226,0.091478175,0.00480954
3226.25,0.12177636,0.00793851
3226.5,0.06592137,0.001877595
3226.75,0.039229275,-0.00153147
3227,0.042522255,-0.0018957
3227.25,0.043893975,-0.001287585
3227.5,0.04757568,-0.00099897
3227.75,0.06923991,-0.00063261
3228,0.06017037,-0.001302495
3228.25,0.04890693,-0.00229401
3228.5,0.04899426,-0.002297205
3228.75,0.04950546,-0.001658205
3229,0.03727287,-0.00182754
3229.25,0.02960274,-0.001773225
3229.5,0.033955395,-0.001883985
3229.75,0.04399728,-0.00218112
3230,0.04459581,-0.00204906
3230.25,0.047992095,-0.00286485
3230.5,0.04851714,-0.0033228
3230.75,0.04799529,-0.002676345
3231,0.046807815,-0.002033085
3231.25,0.046194375,-0.00188079
3231.5,0.04016115,-0.00227271
3231.75,0.03993537,-0.002917035
3232,0.038238825,-0.00253896
3232.25,0.036613635,-0.00192339
3232.5,0.034179045,-0.0012354
3232.75,0.037265415,-0.001524015
3233,0.03252297,-0.001353615
3233.25,0.02589015,-0.00241542
3233.5,0.017392515,-0.00246228
3233.75,0.01682274,-0.002467605
3234,0.01395789,-0.00151869
3234.25,0.016508565,-0.001147005
3234.5,0.01459902,-0.00091164
3234.75,0.013769385,-0.000940395
3235,0.010176075,-0.001543185
3235.25,0.011592525,-0.002024565
3235.5,0.01142106,-0.001841385
3235.75,0.012838575,-0.000533565
3236,0.011924805,-0.00115659
3236.25,0.01164897,-0.00138663
3236.5,0.011243205,-0.00205119
3236.75,0.01040079,-0.002239695
3237,0.010244235,-0.002510205
3237.25,0.010329435,-0.00169761
3237.5,0.0107991,-0.000522915
3237.75,0.011064285,-0.000625155
3238,0.009790545,-0.001694415
3238.25,0.009458265,-0.00220029
3238.5,0.012870525,-0.002574105
3238.75,0.01677375,-0.003383505
3239,0.017954835,-0.00287337
3239.25,0.01626681,-0.00295644
3239.5,0.01579182,-0.002088465
3239.75,0.0188931,-0.00305442
3240,0.017780175,-0.00375732
3240.25,0.0136107,-0.003306825
3240.5,0.00601725,-0.00087543
3240.75,0.006252615,0.000252405
3241,0.006472005,4.686e-05
3241.25,0.005588055,-0.001083105
3241.5,0.00558912,-0.00149526
3241.75,0.005818095,-0.001189605
3242,0.006143985,-0.000484575
3242.25,0.006408105,-0.00014484
3242.5,0.006356985,-0.000222585
3242.75,0.00638787,-0.000407895
3243,0.00611097,-0.001051155
3243.25,0.00587028,-0.000633675
3243.5,0.005835135,-0.001502715
3243.75,0.006350595,-0.001159785
3244,0.00627924,-0.00033441
3244.25,0.006676485,0.000224715
3244.5,0.00599382,-0.000120345
3244.75,0.00556356,-0.001404735
3245,0.00543363,-0.001506975
3245.25,0.00555504,-0.00144201
3245.5,0.00676914,-8.2005e-05
3245.75,0.00711207,0.00024708
3246,0.00660726,-0.00032376
3246.25,0.0062835,-0.00127161
3246.5,0.00568497,-0.001411125
3246.75,0.005920335,-0.000659235
3247,0.009741555,-0.000503745
3247.25,0.02016897,-0.00038553
3247.5,0.022025265,-0.00041535
3247.75,0.023955045,-0.00046434
3248,0.02096772,-0.00077745
3248.25,0.024602565,-0.001464375
3248.5,0.018178485,-0.00163797
3248.75,0.02718519,-0.001389825
3249,0.0238134,-0.000908445
3249.25,0.02493591,-0.00075189
3249.5,0.029399325,-0.002163015
3249.75,0.03082536,-0.002802015
3250,0.033454845,-0.002578365
3250.25,0.03096381,-0.002292945
3250.5,0.025882695,-0.001506975
3250.75,0.025554675,-0.001766835
3251,0.02778372,-0.001630515
3251.25,0.032807325,-0.00240477
3251.5,0.030817905,-0.00259221
3251.75,0.03405018,-0.002024565
3252,0.03707052,-0.00266037
3252.25,0.03871914,-0.00224502
3252.5,0.040990785,-0.002199225
3252.75,0.04167771,-0.001788135
3253,0.035846835,-0.002493165
3253.25,0.03538569,-0.003538995
3253.5,0.036696705,-0.00362313
3253.75,0.032462265,-0.00399588
3254,0.02961552,-0.00255387
3254.25,0.03081684,-0.002047995
3254.5,0.03315558,-0.00290745
3254.75,0.033989475,-0.00427491
3255,0.034164135,-0.00408534
3255.25,0.033974565,-0.00397671
3255.5,0.0324825,-0.004344135
3255.75,0.030911625,-0.00321204
3256,0.02439702,-0.002488905
3256.25,0.02418828,-0.001415385
3256.5,0.0231531,-0.00189783
3256.75,0.022289385,-0.00236856
3257,0.01675458,-0.00198942
3257.25,0.01558095,-0.00201285
3257.5,0.01537221,-0.00147822
3257.75,0.01555752,-0.00130782
3258,0.01534665,-0.001014945
3258.25,0.01500159,-0.001270545
3258.5,0.013224105,-0.00150591
3258.75,0.008263335,-0.00113103
3259,0.00827292,-0.00095424
3259.25,0.010768215,-0.000463275
3259.5,0.01027938,-0.00025134
3259.75,0.009076995,-0.001106535
3260,0.008714895,-0.0016827
3260.25,0.009813975,-0.001817955
3260.5,0.00988746,-0.00115446
3260.75,0.01006638,-0.000365295
3261,0.0171678,-0.000893535
3261.25,0.015198615,-0.001298235
3261.5,0.01344669,-0.00171465
3261.75,0.01368312,-0.00146331
3262,0.016389285,-0.001913805
3262.25,0.012772545,-0.0018531
3262.5,0.01389399,-0.000761475
3262.75,0.013481835,-0.00105009
3263,0.013605375,-0.00074124
3263.25,0.006495435,-0.001658205
3263.5,0.00601512,-0.001647555
3263.75,0.006322905,-0.001817955
3264,0.007130175,-0.00041109
3264.25,0.00676701,0.00013419
3264.5,0.006584895,-0.000424935
3264.75,0.00548901,-0.001711455
3265,0.006401715,-0.001234335
3265.25,0.006307995,-0.00082431
3265.5,0.00617061,-0.001792395
3265.75,0.006919305,-0.000375945
3266,0.006672225,-0.00044517
3266.25,0.007324005,-0.00024282
3266.5,0.006823455,-0.00104157
3266.75,0.006135465,-0.001291845
3267,0.006329295,-0.001276935
3267.25,0.006678615,-0.000882885
3267.5,0.007217505,-0.00019809
3267.75,0.00740601,0.000226845
3268,0.00632184,-0.000872235
3268.25,0.005990625,-0.001249245
3268.5,0.00555291,-0.00120771
3268.75,0.005624265,-0.00112464
3269,0.00742518,9.159e-05
3269.25,0.006731865,-0.000109695
3269.5,0.00653058,-0.000618765
3269.75,0.00593631,-0.001204515
3270,0.00597891,-0.00129291
3270.25,0.0064539,-0.000665625
3270.5,0.006329295,-0.00046008
3270.75,0.006697785,-0.000188505
3271,0.00621321,-0.00037062
3271.25,0.004989525,-0.00062835
3271.5,0.00511413,-0.00067521
3271.75,0.004787175,-0.000510135
3272,0.002710425,-0.00052185
3272.25,0.00309489,-0.00018318
3272.5,0.00335475,3.9405e-05
3272.75,0.00352302,-4.26e-05
3273,0.003208845,-0.00050481
3273.25,0.00325677,-0.00063687
3273.5,0.006454965,-0.0010863
3273.75,0.006241965,-0.00151656
3274,0.006576375,-0.001106535
3274.25,0.00659235,-0.00115659
3274.5,0.0045582,-0.00071568
3274.75,0.005032125,-0.00120345
3275,0.00476481,-0.00162519
3275.25,0.00717597,-0.00147183
3275.5,0.006949125,-0.000825375
3275.75,0.00999609,-0.000646455
3276,0.01550853,-0.000516525
3276.25,0.016787595,-0.0008733
3276.5,0.01551918,-0.001040505
3276.75,0.015262515,-0.000912705
3277,0.01086939,-0.00116298
3277.25,0.011990835,-0.000586815
3277.5,0.01335723,-0.000427065
3277.75,0.017699235,-5.6445e-05
3278,0.01585785,-0.00048564
3278.25,0.01554474,-0.001264155
3278.5,0.01529127,-0.001112925
3278.75,0.01731264,-0.001147005
3279,0.017179515,-0.000103305
3279.25,0.0179985,-0.000167205
3279.5,0.013688445,-0.00045156
3279.75,0.01475451,-0.00081366
3280,0.015944115,-0.00074124
3280.25,0.018095415,-0.000510135
3280.5,0.018476685,-0.00047925
3280.75,0.018698205,-0.000452625
3281,0.02081436,-0.00053463
3281.25,0.01921686,-0.00051333
3281.5,0.015190095,-0.00115872
3281.75,0.01310163,-0.001528275
3282,0.013498875,-0.002229045
3282.25,0.014444595,-0.00168057
3282.5,0.01434129,-0.001087365
3282.75,0.01425822,-0.000906315
3283,0.011172915,-0.0009798
3283.25,0.009123855,-0.001255635
3283.5,0.01200468,-0.001579395
3283.75,0.01231566,-0.0011076
3284,0.01306542,-0.00107565
3284.25,0.01322943,-0.001044765
3284.5,0.01359579,-0.00113529
3284.75,0.012510555,-0.001994745
3285,0.012806625,-0.00152721
3285.25,0.012188925,-0.00156342
3285.5,0.012027045,-0.002218395
3285.75,0.01247967,-0.00111186
3286,0.01221342,-0.00106287
3286.25,0.010787385,-0.0005751
3286.5,0.008227125,-0.00142923
3286.75,0.011630865,-0.001786005
3287,0.011652165,-0.00180837
3287.25,0.007658415,-0.00064965
3287.5,0.008195175,-0.00028329
3287.75,0.00770421,-0.000853065
3288,0.007030065,-0.001255635
3288.25,0.007245195,-0.001688025
3288.5,0.00723987,-0.000840285
3288.75,0.007070535,-0.000906315
3289,0.00710568,-0.00059001
3289.25,0.00741027,-0.000586815
3289.5,0.0080301,-0.00050481
3289.75,0.00787887,-0.00094359
3290,0.00735915,-0.001419645
3290.25,0.007266495,-0.00133338
3290.5,0.00740601,-0.000925485
3290.75,0.008783055,-0.00017253
3291,0.00798324,-0.000642195
3291.25,0.0072846,-0.000929745
3291.5,0.00729099,-0.00132273
3291.75,0.00739962,-0.0009372
3292,0.00684369,-0.001193865
3292.25,0.007343175,-0.000863715
3292.5,0.00738045,-0.00059427
3292.75,0.00693102,-0.000427065
3293,0.007641375,-0.00085839
3293.25,0.006631755,-0.001317405
3293.5,0.00731655,-0.00167418
3293.75,0.007660545,-0.001119315
3294,0.008378355,-0.00021087
3294.25,0.00782988,-0.00082005
3294.5,0.007824555,-0.000914835
3294.75,0.007370865,-0.001634775
3295,0.007488015,-0.001038375
3295.25,0.00597891,-0.00096063
3295.5,0.006305865,-0.00096489
3295.75,0.006388935,-0.00062196
3296,0.00456033,-0.000473925
3296.25,0.004825515,-0.000533565
3296.5,0.004171605,-0.001149135
3296.75,0.004282365,-0.001274805
3297,0.00470091,-0.00126096
3297.25,0.00613653,9.585e-06
3297.5,0.00600234,-0.000426
3297.75,0.00604068,-0.000637935
3298,0.005668995,-0.001215165
3298.25,0.005515635,-0.00108417
3298.5,0.004569915,-0.000469665
3298.75,0.00482019,-0.00054528
3299,0.005389965,-0.00040683
3299.25,0.006727605,-0.00040044
3299.5,0.00650076,-0.00081366
3299.75,0.00749973,-0.00079449
3300,0.015075075,-0.00076467
3300.25,0.010987605,-0.001055415
3300.5,0.01037736,-0.000346125
3300.75,0.010450845,7.455e-06
3301,0.00716106,0.00047499
3301.25,0.006540165,-0.000929745
3301.5,0.01083318,-0.00106713
3301.75,0.009445485,-0.00133551
3302,0.010039755,-0.000369555
3302.25,0.011434905,-0.000326955
3302.5,0.011954625,-0.00020235
3302.75,0.01112925,-0.000689055
3303,0.01110582,-0.00093081
3303.25,0.010887495,-0.00053889
3303.5,0.00735702,-0.00116724
3303.75,0.0068586,-0.000863715
3304,0.00771273,-0.000633675
3304.25,0.008322975,-0.000601725
3304.5,0.00777663,-0.00084987
3304.75,0.00653697,-0.000644325
3305,0.00559125,-0.000899925
3305.25,0.00741879,-0.001057545
3305.5,0.010067445,-0.00065178
3305.75,0.006544425,-0.000580425
3306,0.00884163,-0.000723135
3306.25,0.012041955,-0.00089247
3306.5,0.00991089,-0.00110334
3306.75,0.00755937,-0.000976605
3307,0.010923705,-0.000597465
3307.25,0.012740595,-0.000424935
3307.5,0.01006638,-4.473e-05
3307.75,0.009618015,-0.00076041
3308,0.014749185,-0.00108843
3308.25,0.01059462,-0.00123114
3308.5,0.00931449,-0.00106074
3308.75,0.012631965,-0.000738045
3309,0.01383435,-4.899e-05
3309.25,0.010031235,-0.000608115
3309.5,0.00935709,-0.001311015
3309.75,0.01142958,-0.0013845
3310,0.009750075,-0.001044765
3310.25,0.00894813,3.408e-05
3310.5,0.006122685,-4.26e-06
3310.75,0.00589371,-0.000439845
3311,0.006105645,-0.000974475
3311.25,0.006063045,-0.001210905
3311.5,0.00591501,-0.001100145
3311.75,0.00641769,-0.000544215
3312,0.006384675,-0.00045582
3312.25,0.00619191,-0.000414285
3312.5,0.00547623,-0.00080301
3312.75,0.0053889,-0.00073272
3313,0.00603429,-0.000818985
3313.25,0.005328195,-0.000946785
3313.5,0.00578721,-0.00057084
3313.75,0.006312255,-0.00040896
3314,0.00643899,-0.000120345
3314.25,0.00637935,-0.00061131
3314.5,0.005270685,-0.001217295
3314.75,0.00569562,-0.001166175
3315,0.005677515,-0.001091625
3315.25,0.00638148,-0.000365295
3315.5,0.00672015,2.4495e-05
3315.75,0.006457095,-0.00060918
3316,0.00556995,-0.001198125
3316.25,0.00574887,-0.001255635
3316.5,0.00542085,-0.000925485
3316.75,0.00590223,-0.0002556
3317,0.006399585,-0.000107565
3317.25,0.006077955,-0.000297135
3317.5,0.005807445,-0.000789165
3317.75,0.00591075,-0.00084135
3318,0.006050265,-0.000738045
3318.25,0.00640704,-0.000410025
3318.5,0.006904395,-0.000207675
3318.75,0.00565302,-0.000290745
3319,0.00483084,-0.000339735
3319.25,0.008242035,-0.00136533
3319.5,0.03113208,-0.00125031
3319.75,0.0285207,-0.000852
3320,0.02503602,-0.000769995
3320.25,0.032575155,-0.00077106
3320.5,0.03246759,-0.000644325
3320.75,0.031929765,-0.001121445
3321,0.03289785,-0.00147822
3321.25,0.035499645,-0.00184245
3321.5,0.036654105,-0.002667825
3321.75,0.03620574,-0.002096985
3322,0.033591165,-0.00145905
3322.25,0.034536885,-0.001504845
3322.5,0.029354595,-0.001999005
3322.75,0.03043983,-0.00211083
3323,0.033595425,-0.002384535
3323.25,0.034843605,-0.002589015
3323.5,0.03792465,-0.001662465
3323.75,0.040019505,-0.001892505
3324,0.040002465,-0.002759415
3324.25,0.02049273,-0.00359544
3324.5,0.021801615,-0.003027795
3324.75,0.021275505,-0.003696615
3325,0.017986785,-0.003690225
3325.25,0.020483145,-0.00284355
3325.5,0.027537705,-0.003694485
3325.75,0.02359827,-0.0026625
3326,0.029795505,-0.003947955
3326.25,0.030308835,-0.005168445
3326.5,0.02951115,-0.00503532
3326.75,0.030436635,-0.004418685
3327,0.071379495,0.00418332
3327.25,0.10245939,0.006987465
3327.5,0.02092299,-0.00476694
3327.75,0.021925155,-0.00603855
3328,0.02371329,-0.005328195
3328.25,0.030415335,-0.0046647
3328.5,0.024655815,-0.002693385
3328.75,0.01910184,-0.00260499
3329,0.01436898,-0.002763675
3329.25,0.01854804,-0.00341652
3329.5,0.018233865,-0.002680605
3329.75,0.017251935,-0.00246867
3330,0.01532322,-0.002576235
3330.25,0.01463097,-0.001340835
3330.5,0.018600225,-0.00121197
3330.75,0.018321195,-0.00101175
3331,0.0139089,-0.001788135
3331.25,0.014284845,-0.00195108
3331.5,0.01682274,-0.002286555
3331.75,0.01220916,-0.00151656
3332,0.009123855,-0.000148035
3332.25,0.009645705,0.00015336
3332.5,0.007140825,-0.001227945
3332.75,0.005899035,-0.001615605
3333,0.005709465,-0.001607085
3333.25,0.00633675,-0.00157407
3333.5,0.007500795,0.000237495
3333.75,0.006772335,0.000324825
3334,0.006929955,-0.00028542
3334.25,0.00580851,-0.001509105
3334.5,0.00554652,-0.001511235
3334.75,0.00563385,-0.00158046
3335,0.006932085,-0.00071994
3335.25,0.006983205,-7.1355e-05
3335.5,0.007360215,-0.00056019
3335.75,0.00661791,-0.000639
3336,0.00605772,-0.000818985
3336.25,0.006625365,-0.00074763
3336.5,0.00650502,-0.00071142
3336.75,0.00589797,-0.000721005
3337,0.006542295,-0.000314175
3337.25,0.00632184,-0.00026412
3337.5,0.00587454,-0.00086052
3337.75,0.006644535,-0.000680535
3338,0.006037485,-0.001413255
3338.25,0.00605559,-0.001460115
3338.5,0.00640917,-0.000484575
3338.75,0.007004505,-0.000335475
3339,0.007081185,-0.000190635
3339.25,0.006787245,-0.00103092
3339.5,0.006197235,-0.00142071
3339.75,0.006210015,-0.001436685
3340,0.0061344,-0.000993645
3340.25,0.0069225,-0.00021513
3340.5,0.00703752,0.00020022
3340.75,0.005754195,-0.001119315
3341,0.006009795,-0.001330185
3341.25,0.0059427,-0.00126948
3341.5,0.0063474,-0.001317405
3341.75,0.00736341,0.00032376
3342,0.00706095,-6.0705e-05
3342.25,0.006550815,-0.000991515
3342.5,0.005568885,-0.000972345
3342.75,0.00525471,-0.000810465
3343,0.00491817,-0.00097554
3343.25,0.006587025,-9.6915e-05
3343.5,0.005647695,6.39e-05
3343.75,0.01252653,-0.00064752
3344,0.011326275,-0.000254535
3344.25,0.012007875,-0.000248145
3344.5,0.012544635,-7.1355e-05
3344.75,0.01470339,0
3345,0.01721253,1.1715e-05
3345.25,0.0148248,-0.000476055
3345.5,0.015126195,-0.001353615
3345.75,0.015403095,-0.00110973
3346,0.018885645,-0.00106074
3346.25,0.01850331,-0.001502715
3346.5,0.015652305,-0.00085839
3346.75,0.01498881,-0.000693315
3347,0.01632858,-0.001304625
3347.25,0.01663104,-0.001136355
3347.5,0.01835634,-0.00130569
3347.75,0.018238125,-0.00205758
3348,0.02576874,-0.00189144
3348.25,0.02283786,-0.00180624
3348.5,0.0197877,-0.00188931
3348.75,0.022231875,-0.002158755
3349,0.021413955,-0.002439915
3349.25,0.02167488,-0.002273775
3349.5,0.026681445,-0.00198303
3349.75,0.023927355,-0.001815825
3350,0.025034955,-0.00175299
3350.25,0.022495995,-0.001743405
3350.5,0.0228975,-0.002105505
3350.75,0.022604625,-0.00245802
3351,0.02442897,-0.001881855
3351.25,0.023505615,-0.001651815
3351.5,0.023394855,-0.001847775
3351.75,0.023972085,-0.002640135
3352,0.025799625,-0.0023643
3352.25,0.02550888,-0.00219816
3352.5,0.02472504,-0.00158898
3352.75,0.027810345,-0.00127587
3353,0.02565159,-0.001613475
3353.25,0.022167975,-0.00162093
3353.5,0.015722595,-0.0014697
3353.75,0.016531995,-0.00153786
3354,0.015869565,-0.00099684
3354.25,0.016003755,-0.00089673
3354.5,0.01593666,-0.00122049
3354.75,0.019524645,-0.00181689
3355,0.01684191,-0.00166566
3355.25,0.017258325,-0.001255635
3355.5,0.017388255,-0.00138024
3355.75,0.01212609,-0.000904185
3356,0.01146366,-0.00105009
3356.25,0.0158259,-0.001815825
3356.5,0.01196421,-0.001272675
3356.75,0.00846249,-0.00173169
3357,0.01078419,-0.001598565
3357.25,0.01287585,-0.00102027
3357.5,0.009517905,-0.000689055
3357.75,0.009575415,-0.00099471
3358,0.0118215,-0.001440945
3358.25,0.010808685,-0.00181263
3358.5,0.008114235,-0.001487805
3358.75,0.010282575,-0.000925485
3359,0.013650105,-0.00137811
3359.25,0.00969789,-0.00141219
3359.5,0.009230355,-0.001658205
3359.75,0.010834245,-0.002710425
3360,0.01149987,-0.00251127
3360.25,0.00852639,-0.000818985
3360.5,0.00653697,-0.000322695
3360.75,0.00645177,-0.00103731
3361,0.00612162,-0.001227945
3361.25,0.005792535,-0.001639035
3361.5,0.006069435,-0.001917
3361.75,0.00693954,-0.00013845
3362,0.007407075,0.000531435
3362.25,0.00633249,-0.001511235
3362.5,0.00639639,-0.001506975
3362.75,0.006780855,-0.00166353
3363,0.006772335,-0.00114594
3363.25,0.00767226,0.000260925
3363.5,0.007645635,9.9045e-05
3363.75,0.006597675,-0.001404735
3364,0.005867085,-0.001475025
3364.25,0.00636018,-0.00163797
3364.5,0.00612588,-0.001487805
3364.75,0.00681174,0.0001491
3365,0.006887355,-0.000346125
3365.25,0.00609393,-0.00128865
3365.5,0.006380415,-0.00138237
3365.75,0.00632823,-0.001342965
3366,0.00684795,-0.00097128
3366.25,0.00726756,9.6915e-05
3366.5,0.006934215,-0.000228975
3366.75,0.00609819,-0.000919095
3367,0.00495225,-0.00086904
3367.25,0.00805992,-0.00106287
3367.5,0.0117789,-0.001027725
3367.75,0.01074372,-0.00041535
3368,0.00751677,-0.000358905
3368.25,0.010519005,-0.00082005
3368.5,0.01358088,-0.000744435
3368.75,0.014587305,-0.0007881
3369,0.01378536,-0.00071355
3369.25,0.0178068,-3.195e-05
3369.5,0.020061405,-0.00024708
3369.75,0.034274895,0.000497355
3370,0.07053069,0.001922325
3370.25,0.112011375,0.003366465
3370.5,0.099014115,0.00220029
3370.75,0.09803538,0.00245589
3371,0.10866621,0.004269585
3371.25,0.11179305,0.003918135
3371.5,0.11826612,0.00359544
3371.75,0.12632178,0.005017215
3372,0.11620854,0.005760585
3372.25,0.11644284,0.00677553
3372.5,0.023418285,-0.001106535
3372.75,0.017513925,-0.001958535
3373,0.016199715,-0.001771095
3373.25,0.01797507,-0.001660335
3373.5,0.022297905,-0.000799815
3373.75,0.10652343,0.004729665
3374,0.090112845,0.00332493
3374.25,0.05104758,-3.834e-05
3374.5,0.02465049,-0.002286555
3374.75,0.02681031,-0.00283929
3375,0.02256522,-0.003230145
3375.25,0.022461915,-0.002556
3375.5,0.020432025,-0.002354715
3375.75,0.021526845,-0.00204906
3376,0.02049273,-0.001975575
3376.25,0.02011572,-0.00206184
3376.5,0.01940004,-0.00169122
3376.75,0.02217117,-0.001564485
3377,0.02157264,-0.00143988
3377.25,0.021145575,-0.00113103
3377.5,0.01278426,-0.0010224
3377.75,0.01179594,-0.00130995
3378,0.013247535,-0.00125244
3378.25,0.013797075,-0.000616635
3378.5,0.0129717,-0.000237495
3378.75,0.01338279,-0.000746565
3379,0.011946105,-0.001632645
3379.25,0.015903645,-0.000929745
3379.5,0.016385025,-0.000689055
3379.75,0.01713798,-0.000197025
3380,0.02069934,-0.000258795
3380.25,0.01822854,-0.00089034
3380.5,0.02016258,-0.001332315
3380.75,0.0209166,-0.001596435
3381,0.016921785,-0.001042635
3381.25,0.01703148,-0.00032802
3381.5,0.01711029,1.491e-05
3381.75,0.01887393,-0.0001278
3382,0.01759806,-0.00082005
3382.25,0.009747945,-0.00164223
3382.5,0.00751677,-0.00147609
3382.75,0.00732081,-0.00088821
3383,0.00768504,-0.000669885
3383.25,0.007419855,-0.00078597
3383.5,0.005930985,-0.001155525
3383.75,0.00569349,-0.00155916
3384,0.005771235,-0.001421775
3384.25,0.005773365,-0.00099471
3384.5,0.0063474,-4.1535e-05
3384.75,0.0060918,2.556e-05
3385,0.005581665,-0.001315275
3385.25,0.0052398,-0.00159111
3385.5,0.00593631,-0.00182328
3385.75,0.00574461,-0.001847775
3386,0.00671163,-0.00031098
3386.25,0.00710568,0.000426
3386.5,0.00573183,-0.001451595
3386.75,0.00571905,-0.00180837
3387,0.00598956,-0.001788135
3387.25,0.0056871,-0.00200646
3387.5,0.00637722,-0.000887145
3387.75,0.006699915,0.000148035
3388,0.00614931,-0.000870105
3388.25,0.005477295,-0.001883985
3388.5,0.004953315,-0.001726365
3388.75,0.005159925,-0.001553835
3389,0.00542724,-0.00129291
3389.25,0.00599808,-0.000107565
3389.5,0.007030065,-0.000275835
3389.75,0.005568885,-0.00151869
3390,0.00616635,-0.001066065
3390.25,0.00606411,-0.00131421
3390.5,0.006205755,-0.001355745
3390.75,0.005941635,-0.00074976
3391,0.00610458,8.52e-05
3391.25,0.01178529,-0.000995775
3391.5,0.036292005,-0.00175512
3391.75,0.0355284,-0.0017679
3392,0.03266994,-0.00160602
3392.25,0.031484595,-0.00099258
3392.5,0.03442293,-0.000373815
3392.75,0.036620025,-0.0009159
3393,0.051996495,-0.000863715
3393.25,0.048677955,-0.00136746
3393.5,0.054126495,-0.001585785
3393.75,0.052066785,-0.00225993
3394,0.048701385,-0.00085413
3394.25,0.054279855,-0.000243885
3394.5,0.04583121,-0.00138024
3394.75,0.049221105,-0.00195321
3395,0.048183795,-0.003115125
3395.25,0.05486454,-0.002961765
3395.5,0.059102175,-0.00296283
3395.75,0.07012386,-0.00182754
3396,0.052288305,-0.00362739
3396.25,0.038070555,-0.00555291
3396.5,0.036630675,-0.00484575
3396.75,0.034956495,-0.00524619
3397,0.03136425,-0.004995915
3397.25,0.02866128,-0.00365721
3397.5,0.025659045,-0.00400227
3397.75,0.0286059,-0.005658345
3398,0.02762823,-0.0055167
3398.25,0.027279975,-0.00589797
3398.5,0.02776029,-0.00526749
3398.75,0.023054055,-0.002559195
3399,0.022640835,-0.002806275
3399.25,0.02180481,-0.00365295
3399.5,0.019375545,-0.0041748
3399.75,0.014755575,-0.00381483
3400,0.01209627,-0.003008625
3400.25,0.012953595,-0.001852035
3400.5,0.01407504,-0.0018105
3400.75,0.0122262,-0.00169335
3401,0.0122475,-0.002286555
3401.25,0.01136142,-0.00182754
3401.5,0.012063255,-0.001598565
3401.75,0.01063935,-0.00141219
3402,0.00720153,-0.00060492
3402.25,0.006578505,-0.00068799
3402.5,0.006250485,-0.001065
3402.75,0.00652632,-0.000970215
3403,0.007115265,-0.00096276
3403.25,0.007149345,-0.0007668
3403.5,0.00817494,-0.00051759
3403.75,0.007336785,-0.000674145
3404,0.006893745,-0.00137811
3404.25,0.006035355,-0.001078845
3404.5,0.005355885,-0.000642195
3404.75,0.005756325,-0.000578295
3405,0.006763815,-0.000416415
3405.25,0.00651141,-0.000282225
3405.5,0.00541233,-0.00094998
3405.75,0.005630655,-0.00085626
3406,0.005637045,-0.000970215
3406.25,0.006118425,-0.000561255
3406.5,0.005935245,-0.00038127
3406.75,0.005982105,-0.000290745
3407,0.006354855,-0.000508005
3407.25,0.005698815,-0.00071568
3407.5,0.00604281,-0.000968085
3407.75,0.00606198,-0.001034115
3408,0.00685008,-0.000439845
3408.25,0.006759555,-6.816e-05
3408.5,0.00575313,-0.000405765
3408.75,0.00534417,-0.000912705
3409,0.005547585,-0.00099684
3409.25,0.005362275,-0.00111612
3409.5,0.00579999,-0.0011289
3409.75,0.00677979,-0.000295005
3410,0.00635592,-0.00022578
3410.25,0.005596575,-0.001046895
3410.5,0.00535482,-0.0016188
3410.75,0.005304765,-0.001396215
3411,0.00558273,-0.001428165
3411.25,0.00542724,-0.00147609
3411.5,0.00659448,-6.177e-05
3411.75,0.006548685,-4.473e-05
3412,0.005415525,-0.001406865
3412.25,0.00531435,-0.001485675
3412.5,0.00525471,-0.00124392
3412.75,0.005096025,-0.00151017
3413,0.005477295,-0.00139302
3413.25,0.00635379,4.3665e-05
3413.5,0.00688416,-0.000156555
3413.75,0.00559338,-0.00145479
3414,0.005950155,-0.00126522
3414.25,0.006033225,-0.00124179
3414.5,0.00563811,-0.001112925
3414.75,0.005500725,-0.000844545
3415,0.005590185,-5.325e-05
3415.25,0.00526323,-8.307e-05
3415.5,0.01789413,-0.000772125
3415.75,0.02800524,-0.00058362
3416,0.02051616,-0.000508005
3416.25,0.017320095,-0.000697575
3416.5,0.016879185,-0.00062409
3416.75,0.032585805,-0.000459015
3417,0.02698497,-3.195e-06
3417.25,0.030321615,-0.000778515
3417.5,0.033118305,-0.001074585
3417.75,0.036722265,-0.001783875
3418,0.03888954,-0.002633745
3418.25,0.03740706,-0.002644395
3418.5,0.032266305,-0.0024708
3418.75,0.03540699,-0.00226845
3419,0.038963025,-0.00321204
3419.25,0.041410395,-0.00377436
3419.5,0.0449643,-0.00415563
3419.75,0.036443235,-0.00437076
3420,0.03467427,-0.00401931
3420.25,0.02935992,-0.00395328
3420.5,0.02745783,-0.003871275
3420.75,0.02752812,-0.00434094
3421,0.026095695,-0.00417054
3421.25,0.020619465,-0.003392025
3421.5,0.02249706,-0.003347295
3421.75,0.02446518,-0.002797755
3422,0.02186871,-0.001764705
3422.25,0.02202633,-0.00275835
3422.5,0.022368195,-0.00257943
3422.75,0.02226489,-0.002510205
3423,0.02317227,-0.003029925
3423.25,0.024851775,-0.002676345
3423.5,0.023126475,-0.00195108
3423.75,0.02525115,-0.00214491
3424,0.022493865,-0.00212361
3424.25,0.02162589,-0.001854165
3424.5,0.02207958,-0.001319535
3424.75,0.022474695,-0.001349355
3425,0.02005395,-0.000806205
3425.25,0.018118845,-0.00056232
3425.5,0.01644786,-0.001195995
3425.75,0.018510765,-0.00107565
3426,0.018385095,-0.001155525
3426.25,0.01358514,-0.000808335
3426.5,0.009496605,-0.00012141
3426.75,0.009539205,-0.00012993
3427,0.00887145,-0.000422805
3427.25,0.00830487,-0.000488835
3427.5,0.009119595,-0.000646455
3427.75,0.009635055,-0.00077106
3428,0.008114235,-0.00017466
3428.25,0.008352795,-7.455e-05
3428.5,0.007447545,-0.00030459
3428.75,0.00684369,-0.00045156
3429,0.00674145,-0.000561255
3429.25,0.00722283,-0.00047499
3429.5,0.006910785,-0.000444105
3429.75,0.00809187,-2.6625e-05
3430,0.00794703,-0.000252405
3430.25,0.00656679,-0.0005112
3430.5,0.006067305,-0.00032589
3430.75,0.00629628,-0.00030672
3431,0.00716106,-0.00021726
3431.25,0.006904395,-0.00042813
3431.5,0.007909755,-0.000213
3431.75,0.007125915,-0.000629415
3432,0.00682452,-0.00072207
3432.25,0.00782136,-0.00044517
3432.5,0.0073059,-0.00038979
3432.75,0.0065391,-0.000748695
3433,0.00667755,-0.000265185
3433.25,0.0067947,-0.000392985
3433.5,0.00776811,-0.001019205
3433.75,0.00684156,-0.00094998
3434,0.007954485,-0.00071142
3434.25,0.007036455,-0.000752955
3434.5,0.007922535,-0.00088821
3434.75,0.00740601,-0.000263055
3435,0.0071994,-0.00070929
3435.25,0.00705882,-0.001210905
3435.5,0.00750186,-0.00091164
3435.75,0.008555145,-0.00051546
3436,0.006904395,-0.00073272
3436.25,0.00708651,-0.000580425
3436.5,0.006959775,-0.000243885
3436.75,0.007132305,-0.000633675
3437,0.006936345,-0.00098619
3437.25,0.006942735,-0.00081366
3437.5,0.007758525,-0.00040683
3437.75,0.0067308,-0.000853065
3438,0.00756363,-0.000424935
3438.25,0.0079023,-0.00026412
3438.5,0.007057755,-0.00085413
3438.75,0.006729735,-0.0008307
3439,0.0071994,-0.000480315
3439.25,0.00791721,-0.000314175
3439.5,0.006069435,-0.000233235
3439.75,0.006714825,-0.00011502
3440,0.00605346,-1.278e-05
3440.25,0.006518865,3.408e-05
3440.5,0.00770847,0.00021087
3440.75,0.00767865,0.000150165
3441,0.007396425,-5.325e-06
3441.25,0.00833682,-8.4135e-05
3441.5,0.00763818,-0.00045582
3441.75,0.009232485,-0.00101388
3442,0.00891618,-0.000948915
3442.25,0.007869285,-0.00098193
3442.5,0.0057297,-0.00062409
3442.75,0.005392095,-0.00067095
3443,0.005534805,-0.00024069
3443.25,0.004889415,-0.000295005
3443.5,0.005413395,-0.000782775
3443.75,0.006506085,-0.00061344
3444,0.0057084,-0.0007029
3444.25,0.00650076,-0.00062196
3444.5,0.005813835,-0.000441975
3444.75,0.006048135,-0.000228975
3445,0.0049629,-0.000444105
3445.25,0.005487945,-0.000401505
3445.5,0.00668181,-0.001055415
3445.75,0.007102485,-0.001110795
3446,0.007159995,-0.00104796
3446.25,0.006840495,-0.00028542
3446.5,0.00767865,-0.00030246
3446.75,0.007466715,-0.00069012
3447,0.00747843,-0.000565515
3447.25,0.00720792,-0.00086478
3447.5,0.00602151,-0.00095424
3447.75,0.00593418,-0.0006177
3448,0.006780855,-0.000265185
3448.25,0.00691611,-0.00072207
3448.5,0.007394295,-0.000548475
3448.75,0.006365505,-0.00079449
3449,0.00698214,-0.000863715
3449.25,0.00695232,-0.000838155
3449.5,0.008891685,-0.00035997
3449.75,0.00897156,-0.00024495
3450,0.00839859,-0.000614505
3450.25,0.008099325,-0.0010224
3450.5,0.009076995,-0.000891405
3450.75,0.00833256,-0.001025595
3451,0.00974262,-0.000842415
3451.25,0.00908445,-0.0003408
3451.5,0.009168585,-0.000395115
3451.75,0.0094572,-0.00113316
3452,0.00917604,-0.001338705
3452.25,0.00841989,-0.00116298
3452.5,0.00858177,-0.00131208
3452.75,0.00846036,-0.000356775
3453,0.009434835,-7.1355e-05
3453.25,0.008486985,-0.001027725
3453.5,0.0079023,-0.001257765
3453.75,0.009100425,-0.00128652
3454,0.008680815,-0.001132095
3454.25,0.00840711,-0.00094146
3454.5,0.009221835,-8.52e-06
3454.75,0.008197305,-0.00079236
3455,0.008608395,-0.00161667
3455.25,0.008367705,-0.001506975
3455.5,0.009449745,-0.001566615
3455.75,0.008729805,-0.001543185
3456,0.009121725,-0.00062409
3456.25,0.009764985,-0.000152295
3456.5,0.008898075,-0.001157655
3456.75,0.008075895,-0.001504845
3457,0.0099045,-0.001592175
3457.25,0.00889701,-0.00152721
3457.5,0.00955731,-0.001034115
3457.75,0.01090773,8.946e-05
3458,0.009967335,-0.00100749
3458.25,0.00933579,-0.001781745
3458.5,0.009741555,-0.002088465
3458.75,0.00952536,-0.002077815
3459,0.008612655,-0.001926585
3459.25,0.01036032,-4.26e-05
3459.5,0.009735165,-0.00095424
3459.75,0.007549785,-0.002022435
3460,0.00895665,-0.00216834
3460.25,0.007488015,-0.002028825
3460.5,0.00835599,-0.00104796
3460.75,0.008448645,-0.000859455
3461,0.00862011,-0.000793425
3461.25,0.0077532,-0.00131208
3461.5,0.00784905,-0.002101245
3461.75,0.007980045,-0.002067165
3462,0.00919734,-0.00138237
3462.25,0.009087645,-0.001223685
3462.5,0.009085515,-0.000838155
3462.75,0.010653195,-0.0010011
3463,0.009801195,-0.001952145
3463.25,0.008103585,-0.00190209
3463.5,0.008056725,-0.00154851
3463.75,0.007166385,-0.000865845
3464,0.004932015,-0.000733785
3464.25,0.00438993,-0.000382335
3464.5,0.00529518,-0.00065391
3464.75,0.005302635,-0.00099684
3465,0.00527814,-0.000755085
3465.25,0.005624265,-0.000527175
3465.5,0.0056658,-0.000944655
3465.75,0.00646455,-0.00038127
3466,0.00609606,-0.00031524
3466.25,0.006022575,-0.00067521
3466.5,0.00396606,-0.00027477
3466.75,0.004840425,-0.0004047
3467,0.004640205,-0.000505875
3467.25,0.006495435,-0.00031098
3467.5,0.00655827,-0.000258795
3467.75,0.00706095,-0.00056019
3468,0.00665625,-0.00038127
3468.25,0.0071568,-0.00061557
3468.5,0.00591075,-0.000763605
3468.75,0.0053889,-0.000542085
3469,0.005176965,-0.000224715
3469.25,0.0048777,-0.000162945
3469.5,0.00617913,-0.00041109
3469.75,0.005311155,-0.00089673
3470,0.00520359,-0.00097128
3470.25,0.005660475,-0.00097128
3470.5,0.005773365,-0.00040044
3470.75,0.00658383,-0.00022365
3471,0.006457095,-0.00030246
3471.25,0.00712911,-0.000350385
3471.5,0.005407005,-0.00054315
3471.75,0.00518868,-0.00052185
3472,0.005835135,-0.00027477
3472.25,0.00728673,-0.000171465
3472.5,0.00671163,-0.000105435
3472.75,0.00597252,-0.000312045
3473,0.00690972,-0.00048138
3473.25,0.007470975,-0.00038553
3473.5,0.00714615,-0.000410025
3473.75,0.00851787,-9.585e-05
3474,0.00971067,-9.9045e-05
3474.25,0.007784085,-0.000533565
3474.5,0.008052465,-0.00052611
3474.75,0.008056725,-0.0005751
3475,0.00788526,-0.000631545
3475.25,0.008584965,-0.000218325
3475.5,0.00868827,-2.2365e-05
3475.75,0.00872661,-0.000465405
3476,0.00903333,-0.001038375
3476.25,0.009520035,-0.001068195
3476.5,0.00910788,-0.00103731
3476.75,0.00986616,-0.000429195
3477,0.01006851,2.13e-06
3477.25,0.00917178,-0.00100749
3477.5,0.008932155,-0.0013206
3477.75,0.010001415,-0.00131208
3478,0.009183495,-0.00116937
3478.25,0.01007916,-0.000350385
3478.5,0.00939117,0.000135255
3478.75,0.008437995,-0.000965955
3479,0.00821115,-0.001308885
3479.25,0.0080301,-0.00140367
3479.5,0.008307,-0.001658205
3479.75,0.009690435,-0.00059427
3480,0.0098193,2.6625e-05
3480.25,0.00938052,-0.000961695
3480.5,0.0087117,-0.00130143
3480.75,0.01027299,-0.001487805
3481,0.010902405,-0.00165501
3481.25,0.009862965,-0.001178955
3481.5,0.01115907,8.8395e-05
3481.75,0.010016325,-0.000761475
3482,0.009752205,-0.001920195
3482.25,0.01012602,-0.001886115
3482.5,0.01004082,-0.00192978
3482.75,0.01149987,-0.00102879
3483,0.01123149,0.000128865
3483.25,0.01013667,-0.000654975
3483.5,0.008825655,-0.00190848
3483.75,0.00913557,-0.001830735
3484,0.00910362,-0.00184458
3484.25,0.009287865,-0.001270545
3484.5,0.01044552,-0.00013206
3484.75,0.01013028,-0.000637935
3485,0.010169685,-0.001498455
3485.25,0.009848055,-0.001651815
3485.5,0.010561605,-0.00207462
3485.75,0.01115268,-0.001221555
3486,0.01113564,-0.00032376
3486.25,0.01121658,-0.000595335
3486.5,0.0103944,-0.00114594
3486.75,0.009070605,-0.00130782
3487,0.00794277,-0.00113529
3487.25,0.00997053,-0.001206645
3487.5,0.01459476,-0.000484575
3487.75,0.01388973,-0.00030459
3488,0.013969605,-0.00061344
3488.25,0.014306145,-0.000616635
3488.5,0.018074115,-0.00076467
3488.75,0.01934466,-0.00094998
3489,0.01796016,-0.00076893
3489.25,0.01891014,-0.000612375
3489.5,0.029322645,-0.000878625
3489.75,0.02979231,-0.001338705
3490,0.031972365,-0.001443075
3490.25,0.03230571,-0.00169122
3490.5,0.0305442,-0.001259895
3490.75,0.029597415,-0.001027725
3491,0.031870125,-0.001792395
3491.25,0.02514891,-0.002554935
3491.5,0.024012555,-0.002865915
3491.75,0.035457045,-0.00273705
3492,0.03363909,-0.002399445
3492.25,0.036194025,-0.001577265
3492.5,0.02911071,-0.00200007
3492.75,0.03212466,-0.00311832
3493,0.028511115,-0.003206715
3493.25,0.031459035,-0.00104796
3493.5,0.055902915,0.001860555
3493.75,0.05414673,0.001817955
3494,0.05069187,0.001342965
3494.25,0.04733712,0.000582555
3494.5,0.043429635,0.000712485
3494.75,0.04298127,0.00023856
3495,0.03609711,-0.00046008
3495.25,0.03344952,0.001072455
3495.5,0.02182185,0.00101814
3495.75,0.02203911,-0.000552735
3496,0.01987929,-0.003196065
3496.25,0.019567245,-0.003093825
3496.5,0.02137029,-0.00313962
3496.75,0.02082075,-0.001734885
3497,0.02177073,-0.00197664
3497.25,0.018155055,-0.00242394
3497.5,0.01390251,-0.00264759
3497.75,0.01543611,-0.00238134
3498,0.013873755,-0.002422875
3498.25,0.01485888,-0.00098193
3498.5,0.012374235,-0.000880755
3498.75,0.010674495,-0.00149313
3499,0.010361385,-0.00184884
3499.25,0.010868325,-0.001879725
3499.5,0.01057119,-0.00165501
3499.75,0.01108239,-0.00108417
3500,0.0117789,-0.001338705
3500.25,0.01079058,-0.001534665
3500.5,0.0099045,-0.002365365
3500.75,0.01241151,-0.00278391
3501,0.0125244,-0.002429265
3501.25,0.01417941,-0.00197025
3501.5,0.01312719,-0.001681635
3501.75,0.012176145,-0.001413255
3502,0.010190985,-0.001679505
3502.25,0.0096702,-0.00113316
3502.5,0.0080727,-0.00065604
3502.75,0.008923635,-0.00077958
3503,0.008866125,-0.00040896
3503.25,0.00885441,-0.00057297
3503.5,0.008893815,-0.00160176
3503.75,0.008689335,-0.0017253
3504,0.009330465,-0.00110121
3504.25,0.009990765,-0.000706095
3504.5,0.008800095,-0.00056019
3504.75,0.009232485,-0.00046434
3505,0.00832191,-0.001349355
3505.25,0.008512545,-0.00153786
3505.5,0.00950619,-0.00154638
3505.75,0.00965529,-0.000765735
3506,0.009590325,-0.00047499
3506.25,0.00938904,-0.00063474
3506.5,0.00946359,-0.001249245
3506.75,0.009223965,-0.001873335
3507,0.008881035,-0.00199794
3507.25,0.01005147,-0.00093294
3507.5,0.009658485,-0.00066456
3507.75,0.01018992,-0.000627285
3508,0.009134505,-0.000938265
3508.25,0.009422055,-0.00178281
3508.5,0.007852245,-0.001737015
3508.75,0.009551985,-0.001142745
3509,0.00972984,-0.00080301
3509.25,0.00990876,-0.00058788
3509.5,0.00988533,-0.000463275
3509.75,0.0084348,-0.001739145
3510,0.008495505,-0.001668855
3510.25,0.00931662,-0.001046895
3510.5,0.00973197,-0.00084774
3510.75,0.00879264,-0.00054954
3511,0.00792573,-0.000314175
3511.25,0.01002591,-0.001555965
3511.5,0.026534475,-0.001598565
3511.75,0.03230784,-0.00108843
3512,0.03008625,-0.000953175
3512.25,0.03022044,-0.00124605
3512.5,0.03883203,-0.0009372
3512.75,0.03294897,-0.00149739
3513,0.035646615,-0.002047995
3513.25,0.03718341,-0.00245802
3513.5,0.036381465,-0.00251766
3513.75,0.036445365,-0.00218751
3514,0.04415703,-0.002352585
3514.25,0.041118585,-0.002606055
3514.5,0.03618444,-0.001977705
3514.75,0.04160316,-0.001775355
3515,0.043725705,-0.00177003
3515.25,0.046927095,-0.001673115
3515.5,0.044935545,-0.00170826
3515.75,0.02937696,-0.003360075
3516,0.032417535,-0.00459867
3516.25,0.037523145,-0.00452625
3516.5,0.027616515,-0.00385317
3516.75,0.032038395,-0.00431964
3517,0.027096795,-0.00375519
3517.25,0.028389705,-0.003172635
3517.5,0.026506785,-0.003541125
3517.75,0.030383385,-0.00331641
3518,0.031156575,-0.00327168
3518.25,0.032969205,-0.003583725
3518.5,0.032276955,-0.00272853
3518.75,0.03283395,-0.003123645
3519,0.02834178,-0.00362739
3519.25,0.034913895,-0.003421845
3519.5,0.03177108,-0.003164115
3519.75,0.028281075,-0.004045935
3520,0.03329829,-0.00369342
3520.25,0.03046539,-0.003228015
3520.5,0.030100095,-0.00327381
3520.75,0.02631402,-0.002657175
3521,0.03170079,-0.00280308
3521.25,0.028668735,-0.00358905
3521.5,0.02939826,-0.00202563
3521.75,0.03550071,-0.00152721
3522,0.028764585,-0.001040505
3522.25,0.02957292,-0.00169974
3522.5,0.03529836,-0.00150804
3522.75,0.02160246,-0.001871205
3523,0.019558725,-0.00131208
3523.25,0.020423505,-0.000959565
3523.5,0.018998535,-0.001247115
3523.75,0.02034576,-0.001611345
3524,0.02145762,-0.0027477
3524.25,0.021252075,-0.00294579
3524.5,0.02294649,-0.002094855
3524.75,0.01958748,-0.001779615
3525,0.025908255,-0.002026695
3525.25,0.020938965,-0.00212361
3525.5,0.024082845,-0.00288189
3525.75,0.02014767,-0.00328233
3526,0.02068869,-0.003140685
3526.25,0.02354715,-0.001994745
3526.5,0.01796229,-0.001132095
3526.75,0.01967481,-0.001630515
3527,0.019239225,-0.00262842
3527.25,0.017748225,-0.002422875
3527.5,0.017324355,-0.001677375
3527.75,0.01667577,-0.000663495
3528,0.01661826,-0.000703965
3528.25,0.018112455,-0.00094572
3528.5,0.01547658,-0.001161915
3528.75,0.015950505,-0.00164223
3529,0.014785395,-0.00179985
3529.25,0.018123105,-0.00078597
3529.5,0.018291375,-0.000639
3529.75,0.01540629,-0.00183393
3530,0.019119945,-0.000955305
3530.25,0.01514856,-0.00128865
3530.5,0.01823919,-0.002233305
3530.75,0.015837615,-0.00130356
3531,0.01657353,-0.00073272
3531.25,0.018272205,-0.001398345
3531.5,0.01447122,-0.00201072
3531.75,0.016911135,-0.00126948
3532,0.015128325,-0.00115872
3532.25,0.01507188,-0.001732755
3532.5,0.017703495,-0.000629415
3532.75,0.014691675,-0.00093081
3533,0.018287115,-0.00215769
3533.25,0.016329645,-0.001112925
3533.5,0.017935665,-0.001583655
3533.75,0.01840959,-0.00218325
3534,0.01629663,-0.0007455
3534.25,0.02011359,-0.00075828
3534.5,0.015933465,-0.00166566
3534.75,0.0141219,-0.001436685
3535,0.015117675,-0.001029855
3535.25,0.011988705,-0.00145266
3535.5,0.01493982,-0.0014058
3535.75,0.016325385,-0.0011928
3536,0.012576585,-0.000897795
3536.25,0.01817742,-0.002625225
3536.5,0.026928525,-0.00269871
3536.75,0.026698485,-0.001817955
3537,0.03221412,-0.002429265
3537.25,0.034745625,-0.0028755
3537.5,0.037178085,-0.00339735
3537.75,0.05155878,-0.001080975
3538,0.04679397,-0.002789235
3538.25,0.04299405,-0.002537895
3538.5,0.051951765,-0.003986295
3538.75,0.05720328,-0.005881995
3539,0.054139275,-0.00547197
3539.25,0.06359754,-0.00758067
3539.5,0.05776986,-0.00649011
3539.75,0.06253893,-0.006574245
3540,0.058848705,-0.00617274
3540.25,0.059604855,-0.004139655
3540.5,0.056712315,-0.004399515
3540.75,0.060995745,-0.00643047
3541,0.0578295,-0.006403845
3541.25,0.059236365,-0.006567855
3541.5,0.06354003,-0.00589158
3541.75,0.06646452,-0.004346265
3542,0.06945504,-0.003828675
3542.25,0.065402715,-0.00444105
3542.5,0.065743515,-0.00485001
3542.75,0.06528876,-0.00447939
3543,0.06986613,-0.005174835
3543.25,0.061012785,-0.00487344
3543.5,0.064725375,-0.003841455
3543.75,0.05720967,-0.00335262
3544,0.057894465,-0.003289785
3544.25,0.049595985,-0.0025986
3544.5,0.02958144,-0.00155064
3544.75,0.023682405,-0.00147822
3545,0.02946855,-0.001093755
3545.25,0.02278887,-0.0008307
3545.5,0.022466175,-0.001451595
3545.75,0.0248784,-0.00124392
3546,0.02735346,-0.001306755
3546.25,0.041834265,-0.00107991
3546.5,0.02529375,-0.00073911
3546.75,0.03031416,-0.000335475
3547,0.030155475,-0.000584685
3547.25,0.022649355,-0.00089034
3547.5,0.031435605,-0.001034115
3547.75,0.02563881,-0.00107139
3548,0.030430245,-0.00080301
3548.25,0.028866825,-0.000744435
3548.5,0.022229745,-0.000691185
3548.75,0.026129775,-0.001225815
3549,0.02448861,-0.001492065
3549.25,0.02808831,-0.00152721
3549.5,0.02384961,-0.00156342
3549.75,0.0103731,-0.001828605
3550,0.00919521,-0.00082218
3550.25,0.009494475,-0.00171465
3550.5,0.013777905,-0.00283929
3550.75,0.014819475,-0.002748765
3551,0.01142958,-0.002499555
3551.25,0.00769356,-0.002337675
3551.5,0.00704604,-0.00255813
3551.75,0.009006705,-0.00091803
3552,0.007262235,-0.000561255
3552.25,0.00745287,-0.0017466
3552.5,0.00743157,-0.0016188
3552.75,0.006817065,-0.000689055
3553,0.0066243,-0.00084774
3553.25,0.00647094,-0.00105861
3553.5,0.007349565,-0.000940395
3553.75,0.00743157,-0.00037275
3554,0.007392165,-0.000893535
3554.25,0.00630693,-0.001445205
3554.5,0.007539135,-0.001415385
3554.75,0.00714402,-0.00154212
3555,0.0079236,-0.001562355
3555.25,0.0075189,-0.001183215
3555.5,0.00792573,-0.000795555
3555.75,0.007622205,-0.001138485
3556,0.007677585,-0.0009372
3556.25,0.007686105,-0.001536795
3556.5,0.006122685,-0.001360005
3556.75,0.006972555,-0.001293975
3557,0.00655188,-0.001078845
3557.25,0.006659445,-0.00053037
3557.5,0.00735063,-0.000925485
3557.75,0.006544425,-0.0010011
3558,0.007360215,-0.000650715
3558.25,0.006350595,-0.000948915
3558.5,0.00735276,-0.001494195
3558.75,0.005877735,-0.001191735
3559,0.006131205,-0.000882885
3559.25,0.018642825,-0.000331215
3559.5,0.03970533,-0.0005112
3559.75,0.04855122,-0.000985125
3560,0.041851305,-0.00077319
3560.25,0.04904964,-0.00109482
3560.5,0.03743475,-0.00215982
3560.75,0.044545755,-0.00240903
3561,0.04365009,-0.00186375
3561.25,0.04062549,-0.001675245
3561.5,0.063764745,-0.002544285
3561.75,0.05932902,-0.003078915
3562,0.054995535,-0.00175086
3562.25,0.051523635,-0.00146118
3562.5,0.052077435,-0.00196173
3562.75,0.05643648,-0.001217295
3563,0.058331115,-0.00102666
3563.25,0.05669421,-0.001628385
3563.5,0.05264082,-0.002376015
3563.75,0.054918855,-0.0019383
3564,0.049555515,-0.002090595
3564.25,0.045476565,-0.002459085
3564.5,0.04469805,-0.002770065
3564.75,0.039576465,-0.001805175
3565,0.0345699,-0.003443145
3565.25,0.04172883,-0.004582695
3565.5,0.0431538,-0.00473925
3565.75,0.0441336,-0.004582695
3566,0.04012494,-0.003304695
3566.25,0.041489205,-0.003225885
3566.5,0.04216335,-0.002727465
3566.75,0.039259095,-0.00264972
3567,0.02927472,-0.0035784
3567.25,0.038283555,-0.004216335
3567.5,0.049779165,-0.00332493
3567.75,0.043710795,-0.002985195
3568,0.046873845,-0.00293088
3568.25,0.05524155,-0.00327594
3568.5,0.05210406,-0.00303312
3568.75,0.049255185,-0.00341226
3569,0.0429834,-0.002797755
3569.25,0.02994141,-0.001144875
3569.5,0.033337695,-0.001362135
3569.75,0.03560082,-0.001321665
3570,0.03216087,9.372e-05
3570.25,0.030536745,-0.00039192
3570.5,0.03102558,-0.00082218
3570.75,0.032308905,-0.00104157
3571,0.02752386,-0.001112925
3571.25,0.03363057,-0.000556995
3571.5,0.031761495,-0.00088182
3571.75,0.03239943,0.00010863
3572,0.033009675,0.00020235
3572.25,0.038822445,-0.000934005
3572.5,0.03160068,-0.001021335
3572.75,0.030059625,-0.000778515
3573,0.032340855,-0.001036245
3573.25,0.034110885,-0.000940395
3573.5,0.03474243,-0.000597465
3573.75,0.037898025,0.00116085
3574,0.032313165,-1.065e-05
3574.25,0.026285265,-0.00162093
3574.5,0.01362135,-0.00208527
3574.75,0.011707545,-0.001896765
3575,0.00581277,-0.001583655
3575.25,0.005605095,-0.002030955
3575.5,0.006288825,-0.000701835
3575.75,0.00697575,-0.00018957
3576,0.00601086,-0.001607085
3576.25,0.00568284,-0.00190209
3576.5,0.005647695,-0.0019809
3576.75,0.004972485,-0.00199794
3577,0.004923495,-0.00206184
3577.25,0.00633462,-0.001453725
3577.5,0.006246225,-0.000652845
3577.75,0.00652845,-0.00096702
3578,0.00605772,-0.00161454
3578.25,0.005473035,-0.00225354
3578.5,0.00632823,-0.00193191
3578.75,0.005362275,-0.002160885
3579,0.005647695,-0.002058645
3579.25,0.00586389,-0.000938265
3579.5,0.005473035,-0.001278
3579.75,0.0063474,-0.001400475
3580,0.006101385,-0.00150378
3580.25,0.006082215,-0.002224785
3580.5,0.005553975,-0.001355745
3580.75,0.005309025,-0.00137172
3581,0.006288825,-0.001057545
3581.25,0.00581064,-0.000818985
3581.5,0.00590649,-0.001856295
3581.75,0.00738684,-0.001191735
3582,0.00570627,-0.00168057
3582.25,0.006028965,-0.001845645
3582.5,0.006126945,-0.00210231
3582.75,0.006327165,-0.0015762
3583,0.005240865,-0.00050907
3583.25,0.00754233,-0.00064326
3583.5,0.0297987,-0.00064326
3583.75,0.03157086,0.00030033
3584,0.02489544,-6.177e-05
3584.25,0.023156295,-0.00120771
3584.5,0.013290135,-0.00176151
3584.75,0.025639875,-0.00137172
3585,0.03279348,-0.001521885
3585.25,0.037938495,-0.00245589
3585.5,0.043842855,-0.003134295
3585.75,0.043823685,-0.00336327
3586,0.05009334,-0.00309063
3586.25,0.05176539,-0.004808475
3586.5,0.041463645,-0.00454968
3586.75,0.04635732,-0.003432495
3587,0.04659162,-0.003924525
3587.25,0.05677941,-0.00508005
3587.5,0.06349743,-0.005815965
3587.75,0.03505554,-0.00536334
3588,0.027286365,-0.003969255
3588.25,0.0257304,-0.005010825
3588.5,0.032604975,-0.004929885
3588.75,0.029050005,-0.00427278
3589,0.0272427,-0.00529731
3589.25,0.029755035,-0.005481555
3589.5,0.03700875,-0.004446375
3589.75,0.038251605,-0.00446661
3590,0.05715003,-0.00350598
3590.25,0.0581064,-0.003894705
3590.5,0.050011335,-0.00331215
3590.75,0.053093445,-0.00415989
3591,0.043565955,-0.00421527
3591.25,0.03287655,-0.004003335
3591.5,0.032140635,-0.00449643
3591.75,0.036498615,-0.00493947
3592,0.043949355,-0.004674285
3592.25,0.04422093,-0.00363165
3592.5,0.038390055,-0.003632715
3592.75,0.03857643,-0.002931945
3593,0.03333876,-0.0025134
3593.25,0.024112665,-0.00194682
3593.5,0.029784855,-0.002448435
3593.75,0.025933815,-0.000459015
3594,0.025859265,-0.000876495
3594.25,0.024208515,-0.001485675
3594.5,0.020721705,-0.001104405
3594.75,0.022438485,-0.000953175
3595,0.01706982,-0.00135042
3595.25,0.011515845,-0.001149135
3595.5,0.01301217,-0.00070929
3595.75,0.00720579,1.704e-05
3596,0.00545067,-0.000840285
3596.25,0.004799955,-0.001278
3596.5,0.005168445,-0.001168305
3596.75,0.005078985,-0.001579395
3597,0.0053889,-0.001504845
3597.25,0.005298375,-0.001240725
3597.5,0.00618978,0.00012141
3597.75,0.00585963,-0.001042635
3598,0.00492669,-0.00165075
3598.25,0.00493947,-0.002084205
3598.5,0.004942665,-0.001847775
3598.75,0.00456459,-0.001342965
3599,0.004312185,-0.001278
3599.25,0.00488409,-0.00041322
3599.5,0.00521211,-0.000197025
3599.75,0.004944795,-0.00152508
3600,0.005157795,-0.002197095
3600.25,0.004748835,-0.00190635
3600.5,0.00537186,-0.00217899
3600.75,0.005571015,-0.00062196
3601,0.00526749,-0.000795555
3601.25,0.006273915,-0.0004047
3601.5,0.005994885,-0.00022365
3601.75,0.005377185,-0.00099258
3602,0.005228085,-0.001287585
3602.25,0.00633249,-0.00138024
3602.5,0.004665765,-0.0011928
3602.75,0.004797825,-0.001278
3603,0.004970355,-0.00126096
3603.25,0.006214275,-0.00030885
3603.5,0.00566367,-0.00020022
3603.75,0.004985265,-0.001315275
3604,0.00536121,-0.00156768
3604.25,0.00552735,-0.001632645
3604.5,0.00543576,-0.00152721
3604.75,0.004659375,-0.001383435
3605,0.005651955,-0.00169335
3605.25,0.00644112,-0.00107565
3605.5,0.007066275,-6.603e-05
3605.75,0.00635805,-0.001189605
3606,0.00593844,-0.00168909
3606.25,0.00620256,-0.001555965
3606.5,0.00578721,-0.001532535
3606.75,0.005952285,-0.00144201
3607,0.00585111,-0.001036245
3607.25,0.00508218,-0.000970215
3607.5,0.004987395,-0.000544215
3607.75,0.00581703,-0.00012141
3608,0.004212075,-0.00021726
3608.25,0.00307359,-0.0006816
3608.5,0.003362205,-0.000586815
3608.75,0.00327594,-0.00081153
3609,0.00322908,-0.000789165
3609.25,0.003164115,-0.00093507
3609.5,0.003905355,-0.001266285
3609.75,0.00274131,-0.00089673
3610,0.00456033,0.00035997
3610.25,0.003751995,-0.000490965
3610.5,0.00195108,-0.001164045
3610.75,0.00234939,-0.00110547
3611,0.002395185,-0.001291845
3611.25,0.00327807,-0.00162519
3611.5,0.003193935,-0.001347225
3611.75,0.003973515,-0.00178494
3612,0.00379353,-0.000188505
3612.25,0.00425361,0.000341865
3612.5,0.00307572,-0.00125457
3612.75,0.003193935,-0.001308885
3613,0.00211722,-0.00111612
3613.25,0.002120415,-0.00087969
3613.5,0.002284425,-0.001049025
3613.75,0.002906385,-0.00079236
3614,0.00335475,-0.00033654
3614.25,0.004650855,-0.00036636
3614.5,0.004412295,-0.0007668
3614.75,0.00490113,-0.000840285
3615,0.006431535,-0.000808335
3615.25,0.00528027,-0.00089034
3615.5,0.00429621,-0.00058575
3615.75,0.004870245,-0.00035145
3616,0.005711595,-0.00032589
3616.25,0.005864955,-0.00030672
3616.5,0.00329085,-0.00029394
3616.75,0.00288828,-0.00043665
3617,0.003183285,-0.00035784
3617.25,0.002953245,-0.00064965
3617.5,0.00386169,-0.000603855
3617.75,0.0047499,-0.000414285
3618,0.00575526,-8.52e-05
3618.25,0.00529305,-0.00029181
3618.5,0.004559265,-0.000605985
3618.75,0.0038766,-0.0006603
3619,0.00450069,-0.00094998
3619.25,0.00520572,-0.00090951
3619.5,0.00507366,-0.0004899
3619.75,0.004450635,-0.000297135
3620,0.005522025,-0.00046221
3620.25,0.00519507,-0.001053285
3620.5,0.005624265,-0.001464375
3620.75,0.004152435,-0.001406865
3621,0.00471156,-0.001666725
3621.25,0.004414425,-0.00154851
3621.5,0.004591215,-0.00103305
3621.75,0.005087505,-0.000561255
3622,0.00505662,-0.001193865
3622.25,0.004582695,-0.00108204
3622.5,0.00524619,-0.00250488
3622.75,0.00468813,-0.002554935
3623,0.0050907,-0.00265611
3623.25,0.005366535,-0.001945755
3623.5,0.005545455,-0.00175512
3623.75,0.005042775,-0.00077319
3624,0.004985265,-0.00118641
3624.25,0.00622386,-0.00112464
3624.5,0.005047035,-0.001609215
3624.75,0.00511839,-0.002001135
3625,0.00416841,-0.00208314
3625.25,0.005064075,-0.002309985
3625.5,0.005281335,-0.002486775
3625.75,0.00479889,-0.000982995
3626,0.006546555,-0.00077745
3626.25,0.004995915,-0.001969185
3626.5,0.00601299,-0.00124392
3626.75,0.005997015,-0.00186162
3627,0.005228085,-0.002382405
3627.25,0.00544215,-0.00247293
3627.5,0.0059001,-0.002589015
3627.75,0.006335685,-0.001698675
3628,0.00715893,-0.000318435
3628.25,0.006329295,-0.000946785
3628.5,0.005309025,-0.002011785
3628.75,0.00597678,-0.00135042
3629,0.005796795,-0.00190848
3629.25,0.00525045,-0.002024565
3629.5,0.005553975,-0.002316375
3629.75,0.00539316,-0.002131065
3630,0.005317545,-0.00221307
3630.25,0.00593631,-0.00161454
3630.5,0.005762715,-0.000895665
3630.75,0.00610032,-0.00086478
3631,0.005553975,-0.001106535
3631.25,0.00467961,-0.001737015
3631.5,0.00527175,-0.00167418
3631.75,0.004337745,-0.001711455
3632,-0.00288402,-0.00116085
3632.25,0,0
3632.5,0,0
3632.75,0,0
3633,0,0
3633.25,0,0
3633.5,0,0
3633.75,0,0
3634,0,0
3634.25,0,0
3634.5,0,0
3634.75,0,0
3635,0,0
3635.25,0,0
3635.5,0,0
3635.75,0,0
3636,0,0
3636.25,0,0
3636.5,0,0
3636.75,0,0
3637,0,0
3637.25,0,0
3637.5,0,0
3637.75,0,0
3638,0,0
3638.25,0,0
3638.5,0,0
3638.75,0,0
3639,0,0
3639.25,0,0
3639.5,0,0
3639.75,0,0
3640,0,0
3640.25,0,0
3640.5,0,0
3640.75,0,0
3641,0,0
3641.25,0,0
3641.5,-0.006148245,0.00056871
3641.75,0.00580638,0.001106535
3642,0.005583795,0.00060066
3642.25,0.006280305,0.000322695
3642.5,0.00529518,9.4785e-05
3642.75,0.005389965,-0.00054741
3643,0.00447939,-0.001076715
3643.25,0.0043665,-0.00124392
3643.5,0.004748835,-0.001366395
3643.75,0.00467322,-0.000591075
3644,0.005183355,-0.000625155
3644.25,0.00592566,-0.00052398
3644.5,0.004816995,-0.000995775
3644.75,0.00422805,-0.00130143
3645,0.00523341,-0.0017253
3645.25,0.005183355,-0.00147609
3645.5,0.005434695,-0.00094998
3645.75,0.00584259,-0.001330185
3646,0.00488835,-0.00058575
3646.25,0.005360145,-0.001181085
3646.5,0.00448578,-0.00165714
3646.75,0.004184385,-0.001506975
3647,0.00476481,-0.001843515
3647.25,0.00511626,-0.00205758
3647.5,0.00581064,-0.001065
3647.75,0.005694555,-0.00033228
3648,0.00568923,-0.000804075
3648.25,0.00550818,-0.00162519
3648.5,0.0046221,-0.00175299
3648.75,0.00467748,-0.00181689
3649,0.00487983,-0.00201924
3649.25,0.005164185,-0.00191061
3649.5,0.00553161,-0.001828605
3649.75,0.006363375,-0.000548475
3650,0.005903295,-0.000642195
3650.25,0.005896905,-0.001519755
3650.5,0.005387835,-0.001935105
3650.75,0.005068335,-0.002120415
3651,0.005200395,-0.002143845
3651.25,0.005181225,-0.0018957
3651.5,0.005807445,-0.001786005
3651.75,0.004523055,-0.00100749
3652,0.00576804,-0.00103092
3652.25,0.00552735,-0.000804075
3652.5,0.005313285,-0.00165075
3652.75,0.005206785,-0.00157833
3653,0.00502254,-0.001903155
3653.25,0.00547623,-0.00199794
3653.5,0.005059815,-0.00215556
3653.75,0.004870245,-0.001681635
3654,0.006233445,-0.000904185
3654.25,0.00605985,-0.00072633
3654.5,0.006335685,-0.000646455
3654.75,0.017584215,-0.003308955
3655,0.018152925,-0.00353793
3655.25,0.030728445,-0.00414924
3655.5,0.055800675,-0.002742375
3655.75,0.059617635,-0.00402996
3656,0.058441875,-0.003481485
3656.25,0.06044301,-0.002921295
3656.5,0.05253219,-0.003705135
3656.75,0.051902775,-0.003937305
3657,0.07119738,-0.000942525
3657.25,0.139130535,0.00361461
3657.5,0.13301424,0.0037062
3657.75,0.114548205,0.00269658
3658,0.12011922,0.00224715
3658.25,0.095774385,-0.000320565
3658.5,0.082180725,-0.002842485
3658.75,0.082005,-0.003183285
3659,0.083631255,-0.002955375
3659.25,0.083693025,-0.003656145
3659.5,0.08816922,-0.00479676
3659.75,0.09306183,-0.00484788
3660,0.08361741,-0.005136495
3660.25,0.07219422,-0.005728635
3660.5,0.0670311,-0.00397671
3660.75,0.06987252,-0.004563525
3661,0.056518485,-0.003408
3661.25,0.062309955,-0.00334197
3661.5,0.0655827,-0.00403635
3661.75,0.067498635,-0.0052185
3662,0.06340584,-0.00479676
3662.25,0.072966345,-0.00530157
3662.5,0.08596893,-0.00545493
3662.75,0.103027035,-0.00462636
3663,0.07591107,-0.0041322
3663.25,0.07247964,-0.00463701
3663.5,0.06355494,-0.004069365
3663.75,0.064131105,-0.00502254
3664,0.06059637,-0.0041109
3664.25,0.05696259,-0.003924525
3664.5,0.0680748,-0.00420888
3664.75,0.06328443,-0.003877665
3665,0.06484146,-0.003179025
3665.25,0.068604105,-0.00280521
3665.5,0.06558483,-0.00305655
3665.75,0.06723132,-0.004024635
3666,0.067958715,-0.00444744
3666.25,0.05913519,-0.00433029
3666.5,0.045384975,-0.00202137
3666.75,0.02652276,-0.00106713
3667,0.027480195,-0.001191735
3667.25,0.02691255,-0.000799815
3667.5,0.02899143,-0.000684795
3667.75,0.02327877,-0.001272675
3668,0.02634384,-0.001547445
3668.25,0.033145995,-0.00091377
3668.5,0.02673576,-0.001417515
3668.75,0.01921686,-0.00179133
3669,0.016385025,-0.001975575
3669.25,0.019908045,-0.001621995
3669.5,0.02045439,-0.001313145
3669.75,0.020896365,-0.002190705
3670,0.02043735,-0.002275905
3670.25,0.02033937,-0.00177642
3670.5,0.018834525,-0.00220029
3670.75,0.01681422,-0.00246867
3671,0.018393615,-0.002784975
3671.25,0.010201635,-0.00141432
3671.5,0.011545665,-0.001157655
3671.75,0.01128048,-0.001815825
3672,0.012242175,-0.001698675
3672.25,0.011528625,-0.001524015
3672.5,0.009362415,-0.00124605
3672.75,0.00929319,-0.00110547
3673,0.007871415,-0.00127161
3673.25,0.011140965,-0.00097767
3673.5,0.010642545,-0.00069864
3673.75,0.010540305,-0.000663495
3674,0.010024845,-0.00135894
3674.25,0.011494545,-0.00178494
3674.5,0.011952495,-0.001649685
3674.75,0.01223685,-0.00144414
3675,0.01268841,-0.00155277
3675.25,0.011451945,-0.00113103
3675.5,0.011008905,-0.000880755
3675.75,0.01217295,-0.00156129
3676,0.011362485,-0.00115872
3676.25,0.0115659,-0.001964925
3676.5,0.01005573,-0.001749795
3676.75,0.01119741,-0.00156555
3677,0.010073835,-0.001702935
3677.25,0.01011537,-0.000731655
3677.5,0.010689405,-0.001108665
3677.75,0.010354995,-0.001357875
3678,0.010348605,-0.00098619
3678.25,0.010359255,-0.001357875
3678.5,0.00985977,-0.00123753
3678.75,0.009447615,-0.001059675
3679,0.01030281,-0.00114807
3679.25,0.01070538,-0.00040257
3679.5,0.02518086,-0.00162732
3679.75,0.024148875,-0.001366395
3680,0.02190279,-0.00074763
3680.25,0.02087187,-0.000978735
3680.5,0.02010294,-0.000418545
3680.75,0.01862685,-0.00049416
3681,0.02501259,-0.000554865
3681.25,0.040266585,-0.001117185
3681.5,0.04642761,-0.00243672
3681.75,0.054237255,-0.00308637
3682,0.04656606,-0.0023643
3682.25,0.05255775,-0.001862685
3682.5,0.049427715,-0.001398345
3682.75,0.052658925,-0.001189605
3683,0.056394945,-0.00197664
3683.25,0.054503505,-0.002467605
3683.5,0.062141685,-0.00275409
3683.75,0.062003235,-0.00342504
3684,0.05718837,-0.004342005
3684.25,0.06279879,-0.005059815
3684.5,0.05558661,-0.00431112
3684.75,0.05578683,-0.003138555
3685,0.05251728,-0.00349959
3685.25,0.044117625,-0.003023535
3685.5,0.047559705,-0.002769
3685.75,0.055146765,-0.002767935
3686,0.05836626,-0.003734955
3686.25,0.05236605,-0.00490752
3686.5,0.067918245,-0.00503106
3686.75,0.060390825,-0.004804215
3687,0.058816755,-0.007347435
3687.25,0.06172953,-0.00474351
3687.5,0.056482275,-0.004727535
3687.75,0.059347125,-0.00491391
3688,0.058137285,-0.004667895
3688.25,0.058380105,-0.005751
3688.5,0.064752,-0.005460255
3688.75,0.059794425,-0.005138625
3689,0.049101825,-0.00487344
3689.25,0.038775585,-0.001187475
3689.5,0.03925164,-0.002942595
3689.75,0.047412735,-0.004342005
3690,0.04471296,-0.003724305
3690.25,0.035491125,-0.003270615
3690.5,0.035548635,-0.00239838
3690.75,0.032950035,-0.00128439
3691,0.026732565,-0.001125705
3691.25,0.028841265,-0.00308424
3691.5,0.020082705,-0.00236217
3691.75,0.016606545,-0.001964925
3692,0.015809925,-0.001943625
3692.25,0.01386204,-0.000420675
3692.5,0.00890979,-0.00111825
3692.75,0.008188785,-0.001903155
3693,0.009422055,-0.002574105
3693.25,0.007896975,-0.002114025
3693.5,0.009362415,-0.001451595
3693.75,0.00924846,-0.000870105
3694,0.01032624,-0.00104583
3694.25,0.00869679,-0.001615605
3694.5,0.00812808,-0.001664595
3694.75,0.00867975,-0.00165075
3695,0.008870385,-0.001521885
3695.25,0.009343245,-0.00067521
3695.5,0.01032624,-0.00077958
3695.75,0.012182535,-0.00137598
3696,0.00857964,-0.00221733
3696.25,0.0089034,-0.00224289
3696.5,0.010644675,-0.00174873
3696.75,0.00904398,-0.001057545
3697,0.00854769,-0.00157833
3697.25,0.00893961,-0.00213852
3697.5,0.009862965,-0.001249245
3697.75,0.00878412,-0.001877595
3698,0.00991728,-0.00215982
3698.25,0.00969576,-0.001044765
3698.5,0.010001415,-0.00126522
3698.75,0.00844971,-0.002444175
3699,0.009609495,-0.002710425
3699.25,0.01075224,-0.001673115
3699.5,0.009072735,-0.00167844
3699.75,0.01021548,-0.0013419
3700,0.01066917,-0.001374915
3700.25,0.00903333,-0.00243672
3700.5,0.007988565,-0.00243033
3700.75,0.009673395,-0.00252405
3701,0.00850935,-0.001964925
3701.25,0.010923705,-0.00095424
3701.5,0.009289995,-0.00106926
3701.75,0.00899499,-0.00178068
3702,0.009045045,-0.002220525
3702.25,0.00995988,-0.00239412
3702.5,0.01008555,-0.002516595
3702.75,0.010012065,-0.00184884
3703,0.00875856,-0.000522915
3703.25,0.01042635,-0.001477155
3703.5,0.01363839,-0.002180055
3703.75,0.011243205,-0.002250345
3704,0.01375341,-0.00191061
3704.25,0.016331775,-0.001436685
3704.5,0.021669555,-0.00123327
3704.75,0.01969398,-0.00103731
3705,0.02224146,-0.001779615
3705.25,0.02767509,-0.003545385
3705.5,0.0339309,-0.00575526
3705.75,0.037165305,-0.00726969
3706,0.030538875,-0.006084345
3706.25,0.03916857,-0.004254675
3706.5,0.04043805,-0.00486492
3706.75,0.044192175,-0.00594909
3707,0.0437076,-0.007292055
3707.25,0.03796512,-0.006478395
3707.5,0.06349956,-0.008382615
3707.75,0.073944015,-0.006569985
3708,0.075115515,-0.00693528
3708.25,0.069115305,-0.007470975
3708.5,0.059502615,-0.00831126
3708.75,0.073846035,-0.007747875
3709,0.064459125,-0.006256875
3709.25,0.06407466,-0.006161025
3709.5,0.05674959,-0.00377862
3709.75,0.063021375,-0.00432603
3710,0.054126495,-0.0043239
3710.25,0.059679405,-0.00376158
3710.5,0.058925385,-0.003195
3710.75,0.069568995,-0.004048065
3711,0.05167167,-0.002486775
3711.25,0.06364653,-0.00260499
3711.5,0.047233815,-0.00217899
3711.75,0.044040945,-0.003185415
3712,0.040336875,-0.00509283
3712.25,0.029081955,-0.004561395
3712.5,0.03258687,-0.004077885
3712.75,0.03574992,-0.003551775
3713,0.03966699,-0.003685965
3713.25,0.033165165,-0.005330325
3713.5,0.022104075,-0.004791435
3713.75,0.02651424,-0.004861725
3714,0.020191335,-0.003102345
3714.25,0.01851609,-0.002305725
3714.5,0.01572366,-0.00080088
3714.75,0.01324008,-0.00168909
3715,0.01497816,-0.0022365
3715.25,0.011466855,-0.002107635
3715.5,0.01390464,-0.00265185
3715.75,0.01287585,-0.001385565
3716,0.012991935,-0.001140615
3716.25,0.01469487,-0.001432425
3716.5,0.01441158,-0.00230892
3716.75,0.0113742,-0.00247293
3717,0.014727885,-0.00265398
3717.25,0.01221555,-0.00229188
3717.5,0.01341261,-0.001639035
3717.75,0.013501005,-0.001613475
3718,0.01294401,-0.002648655
3718.25,0.01496112,-0.00368064
3718.5,0.010180335,-0.00226845
3718.75,0.011845995,-0.002431395
3719,0.01069686,-0.00073272
3719.25,0.009328335,-0.00043878
3719.5,0.010945005,-0.00045582
3719.75,0.008676555,-0.000784905
3720,0.009264435,-0.00120132
3720.25,0.00965955,-0.001123575
3720.5,0.008273985,-0.000848805
3720.75,0.00985551,-0.00044943
3721,0.010335825,-0.000341865
3721.25,0.01214526,-0.000614505
3721.5,0.0122688,-0.00169122
3721.75,0.00988746,-0.001892505
3722,0.01050303,-0.001600695
3722.25,0.01089282,-0.000908445
3722.5,0.01105896,-0.000637935
3722.75,0.014864205,-0.000535695
3723,0.010514745,-0.00129504
3723.25,0.01044552,-0.001990485
3723.5,0.01085874,-0.001877595
3723.75,0.00762327,-0.001500585
3724,0.010623375,-0.000599595
3724.25,0.00865206,-0.000246015
3724.5,0.00885015,-0.000953175
3724.75,0.012399795,-0.001626255
3725,0.00934857,-0.001570875
3725.25,0.01170648,-0.001839255
3725.5,0.01032198,-0.00093507
3725.75,0.01138911,-0.00048564
3726,0.01337214,-0.00117576
3726.25,0.011707545,-0.001023465
3726.5,0.01354254,-0.001121445
3726.75,0.009113205,-0.00126948
3727,0.00784053,-0.001087365
3727.25,0.02111256,-0.00071142
3727.5,0.045898305,-0.001187475
3727.75,0.042973815,-0.00267315
3728,0.047165655,-0.003127905
3728.25,0.04513257,-0.002601795
3728.5,0.040577565,-0.002595405
3728.75,0.04673433,-0.00234939
3729,0.05304978,-0.002593275
3729.25,0.06330147,-0.00375519
3729.5,0.055014705,-0.00404913
3729.75,0.052011405,-0.0031737
3730,0.055217055,-0.003967125
3730.25,0.053127525,-0.003460185
3730.5,0.044860995,-0.002090595
3730.75,0.04798677,-0.002770065
3731,0.05081328,-0.002987325
3731.25,0.0581064,-0.00390642
3731.5,0.059730525,-0.00446235
3731.75,0.05886894,-0.00520998
3732,0.056239455,-0.003430365
3732.25,0.03800559,-0.0025134
3732.5,0.04243812,-0.00574461
3732.75,0.03469983,-0.003272745
3733,0.038583885,-0.003590115
3733.25,0.042262395,-0.00469239
3733.5,0.0373389,-0.00387447
3733.75,0.02989455,-0.002740245
3734,0.03280626,-0.003098085
3734.25,0.04129431,-0.00431964
3734.5,0.036185505,-0.002612445
3734.75,0.03433986,-0.00355497
3735,0.026741085,-0.00321843
3735.25,0.030255585,-0.00378927
3735.5,0.027420555,-0.00338883
3735.75,0.027478065,-0.003769035
3736,0.024468375,-0.003362205
3736.25,0.031015995,-0.003496395
3736.5,0.021505545,-0.002446305
3736.75,0.020312745,-0.00220029
3737,0.019767465,-0.00287124
3737.25,0.01411338,-0.002684865
3737.5,0.01433916,-0.002476125
3737.75,0.01288224,-0.00245802
3738,0.011396565,-0.00212787
3738.25,0.01193226,-0.00121836
3738.5,0.009166455,-0.000531435
3738.75,0.009262305,-0.001140615
3739,0.007119525,-0.0013419
3739.25,0.00865206,-0.001398345
3739.5,0.009645705,-0.00214704
3739.75,0.00968724,-0.00165288
3740,0.012516945,-0.00076254
3740.25,0.00989598,-0.00135255
3740.5,0.008689335,-0.002893605
3740.75,0.008239905,-0.001841385
3741,0.00418545,-0.001332315
3741.25,0.00576165,-0.001338705
3741.5,0.0064539,-0.000563385
3741.75,0.004889415,0.000569775
3742,0.007302705,-0.00054102
3742.25,0.004480455,-0.00143988
3742.5,0.0049416,-0.0011076
3742.75,0.004731795,-0.001281195
3743,0.005044905,-0.001012815
3743.25,0.006035355,-0.0001917
3743.5,0.005664735,2.4495e-05
3743.75,0.00654762,-0.001046895
3744,0.00630054,-0.001385565
3744.25,0.005140755,-0.00133977
3744.5,0.005924595,-0.00126096
3744.75,0.00452625,-0.00027477
3745,0.00643899,9.159e-05
3745.25,0.006129075,-0.00073272
3745.5,0.004614645,-0.001702935
3745.75,0.006431535,-0.00176364
3746,0.004606125,-0.0018318
3746.25,0.00574461,-0.000985125
3746.5,0.006883095,-0.00025986
3746.75,0.00528453,-0.000978735
3747,0.006878835,-0.00105435
3747.25,0.005298375,-0.00060279
3747.5,0.00643473,-0.001027725
3747.75,0.00554865,-0.001098015
3748,0.00519081,-0.00038127
3748.25,0.007741485,-0.00040257
3748.5,0.00467535,-0.001042635
3748.75,0.00648798,-0.001304625
3749,0.00443892,-0.001394085
3749.25,0.00563385,-0.000646455
3749.5,0.007068405,-0.000610245
3749.75,0.00573609,-0.00027477
3750,0.00714402,-0.00041748
3750.25,0.006425145,-0.001651815
3750.5,0.00469665,-0.001132095
3750.75,0.00521424,-0.001317405
3751,0.00347829,-0.001457985
3751.25,0.00568071,-0.000403635
3751.5,0.01040505,0.000267315
3751.75,0.00920373,-0.000874365
3752,0.013575555,-0.00128439
3752.25,0.012533985,-0.00150591
3752.5,0.0144627,-0.00140154
3752.75,0.015030345,-0.001291845
3753,0.01365117,-0.00103305
3753.25,0.020180685,-0.001886115
3753.5,0.02282082,-0.002825445
3753.75,0.025725075,-0.00210657
3754,0.02250558,-0.00297561
3754.25,0.02360253,-0.00381909
3754.5,0.019352115,-0.002650785
3754.75,0.018642825,-0.00289254
3755,0.05171001,0.0009159
3755.25,0.08176857,0.003027795
3755.5,0.063673155,0.001415385
3755.75,0.0291597,-0.005279205
3756,0.026745345,-0.00573183
3756.25,0.022502385,-0.00427917
3756.5,0.02303808,-0.004454895
3756.75,0.02992863,-0.005494335
3757,0.02890623,-0.004533705
3757.25,0.02148105,-0.00498846
3757.5,0.02805636,-0.00431112
3757.75,0.030029805,-0.00364017
3758,0.03263373,-0.00507153
3758.25,0.025124415,-0.003147075
3758.5,0.024960405,-0.002667825
3758.75,0.01874826,-0.00286698
3759,0.01771308,-0.003198195
3759.25,0.019149765,-0.002982
3759.5,0.02054811,-0.0017466
3759.75,0.0176151,-0.00152082
3760,0.0210657,-0.00227697
3760.25,0.021416085,-0.002047995
3760.5,0.019360635,-0.001598565
3760.75,0.014493585,-0.00130782
3761,0.0154425,-0.00154425
3761.25,0.015564975,-0.00148674
3761.5,0.01657779,-0.00150378
3761.75,0.013266705,-0.002131065
3762,0.016059135,-0.002388795
3762.25,0.01564485,-0.002339805
3762.5,0.010180335,-0.001877595
3762.75,0.01170222,-0.00107352
3763,0.009988635,-0.001238595
3763.25,0.012951465,-0.00165501
3763.5,0.01403883,-0.001698675
3763.75,0.010225065,-0.002199225
3764,0.011398695,-0.002382405
3764.25,0.01136568,-0.00274131
3764.5,0.01289928,-0.00163158
3764.75,0.012010005,-0.0024282
3765,0.00930384,-0.003100215
3765.25,0.011204865,-0.00241755
3765.5,0.00918456,-0.002333415
3765.75,0.01019631,-0.0032163
3766,0.010127085,-0.0018318
3766.25,0.008229255,-0.001019205
3766.5,0.007562565,-0.00181902
3766.75,0.00705456,-0.002052255
3767,0.008082285,-0.002644395
3767.25,0.00731655,-0.00147822
3767.5,0.006804285,-0.001191735
3767.75,0.007956615,-0.00088395
3768,0.00712911,-0.000539955
3768.25,0.008706375,-0.00158472
3768.5,0.006949125,-0.001611345
3768.75,0.006574245,-0.0013845
3769,0.00808122,-0.001536795
3769.25,0.006097125,-0.00145266
3769.5,0.00941673,0.0002343
3769.75,0.007690365,-0.000201285
3770,0.006768075,-0.001820085
3770.25,0.00885654,-0.001922325
3770.5,0.006009795,-0.00187014
3770.75,0.007796865,-0.00166992
3771,0.00621747,-0.0016827
3771.25,0.00734637,-0.00074763
3771.5,0.00899073,-0.000616635
3771.75,0.007899105,-0.001213035
3772,0.009006705,-0.001613475
3772.25,0.00614931,-0.00169122
3772.5,0.00623238,-0.00191913
3772.75,0.00725691,-0.00152508
3773,0.006927825,-0.000831765
3773.25,0.00912705,-0.00068586
3773.5,0.005990625,-0.00188931
3773.75,0.00863715,-0.001159785
3774,0.00788952,-0.00084774
3774.25,0.0053037,-0.001178955
3774.5,0.00883737,-0.001268415
3774.75,0.00506727,-0.000744435
3775,0.008829915,-0.00054315
3775.25,0.007500795,-0.0009585
3775.5,0.00556356,-0.00089673
3775.75,0.005796795,-0.000686925
3776,0.00388938,-0.000399375
3776.25,0.00468387,-0.000522915
3776.5,0.00425361,-0.000459015
3776.75,0.004141785,-0.00022365
3777,0.0060918,-0.000480315
3777.25,0.00616635,-0.00084987
3777.5,0.005745675,-0.00096489
3777.75,0.00807909,-0.001323795
3778,0.00518655,-0.000787035
3778.25,0.007456065,-0.00045795
3778.5,0.003579465,-7.3485e-05
3778.75,0.006748905,-0.000382335
3779,0.005690295,-0.0005964
3779.25,0.00683517,-0.001157655
3779.5,0.00715467,-0.000970215
3779.75,0.005979975,-0.000991515
3780,0.008642475,-0.00088608
3780.25,0.00851574,0.00045156
3780.5,0.00657318,0.001374915
3780.75,0.00825801,-0.00082857
3781,0.00438993,-0.001342965
3781.25,0.004842555,-0.00179346
3781.5,0.0053037,-0.00229827
3781.75,0.00505023,-0.00211935
3782,0.00534417,-0.00099471
3782.25,0.00469665,-0.00046647
3782.5,0.006425145,-0.00093081
3782.75,0.006244095,-0.001044765
3783,0.00490113,-0.001607085
3783.25,0.00539103,-0.00181263
3783.5,0.00354219,-0.001411125
3783.75,0.004499625,-0.00056871
3784,0.005766975,-0.000567645
3784.25,0.00555717,-0.00186801
3784.5,0.005622135,-0.000518655
3784.75,0.00509922,-0.00044091
3785,0.00663921,-0.00095637
3785.25,0.006312255,-0.001293975
3785.5,0.00522702,-0.000410025
3785.75,0.01220703,-0.00100323
3786,0.008565795,-0.002050125
3786.25,0.010246365,-0.001176825
3786.5,0.008748975,-0.000488835
3786.75,0.0070503,-0.00054315
3787,0.008084415,-0.00095211
3787.25,0.00737619,-0.00052185
3787.5,0.00768717,-0.000563385
3787.75,0.00788313,-0.00136959
3788,0.005864955,-0.00125883
3788.25,0.007185555,-0.001519755
3788.5,0.00578508,-0.00152508
3788.75,0.008369835,-0.00099897
3789,0.00864354,-0.00079236
3789.25,0.00803223,-0.00108843
3789.5,0.008022645,-0.001918065
3789.75,0.01183854,-0.00237921
3790,0.01437963,-0.002231175
3790.25,0.012559545,-0.001924455
3790.5,0.012333765,-0.002131065
3790.75,0.007155735,-0.000633675
3791,0.0064752,-0.00017253
3791.25,0.00780219,-0.00106074
3791.5,0.00583407,-0.00173169
3791.75,0.00684156,-0.001749795
3792,0.007739355,-0.001636905
3792.25,0.0058149,-0.00156768
3792.5,0.00750825,-0.001485675
3792.75,0.00675423,-0.00039618
3793,0.007662675,0.00013206
3793.25,0.00690333,-0.00168909
3793.5,0.00571692,-0.001879725
3793.75,0.009436965,-0.002222655
3794,0.006603,-0.002580495
3794.25,0.006371895,-0.00214065
3794.5,0.009321945,-0.002652915
3794.75,0.007049235,-0.000718875
3795,0.008797965,-0.00055167
3795.25,0.006808545,-0.00081792
3795.5,0.007029,-0.00159537
3795.75,0.006474135,-0.001568745
3796,0.006650925,-0.00141219
3796.25,0.008233515,-0.001952145
3796.5,0.005948025,-0.001151265
3796.75,0.007813905,-0.00060492
3797,0.007750005,-0.00109482
3797.25,0.006063045,-0.00158685
3797.5,0.007963005,-0.00111612
3797.75,0.006391065,-0.001238595
3798,0.008199435,-0.001688025
3798.25,0.005630655,-0.00162945
3798.5,0.007057755,-0.00091803
3798.75,0.009336855,-0.000772125
3799,0.007004505,-0.001598565
3799.25,0.00755298,-0.00167205
3799.5,0.005999145,-0.00102879
3799.75,0.006791505,-0.000701835
3800,0.004729665,-0.001524015
3800.25,0.00377436,-0.001221555
3800.5,0.00471795,-0.000591075
3800.75,0.00379779,-0.000299265
3801,0.006216405,-0.00119493
3801.25,0.00442401,-0.00078597
3801.5,0.004448505,-0.00099045
3801.75,0.006133335,-0.000716745
3802,0.00464553,-0.00069012
3802.25,0.003909615,-0.001119315
3802.5,0.00334836,-0.00060279
3802.75,0.00283503,-0.000218325
3803,0.00500124,-0.00101175
3803.25,0.00400014,-0.00130143
3803.5,0.004484715,-0.00125883
3803.75,0.005481555,-0.00185523
3804,0.00708864,-0.001249245
3804.25,0.008307,-0.001034115
3804.5,0.00557421,-0.00060066
3804.75,0.00639426,-0.00070716
3805,0.00398523,-0.001745535
3805.25,0.005219565,-0.00197238
3805.5,0.011541405,-0.00252831
3805.75,0.00539103,-0.00248145
3806,0.009845925,-0.0023643
3806.25,0.009626535,-0.00115872
3806.5,0.00649224,-0.00111612
3806.75,0.007767045,-0.002173665
3807,0.007534875,-0.00248997
3807.25,0.01010898,-0.002576235
3807.5,0.006214275,-0.00251127
3807.75,0.00615144,-0.00200433
3808,0.008359185,-0.001551705
3808.25,0.007801125,-0.000618765
3808.5,0.009434835,-0.00091164
3808.75,0.00783627,-0.001325925
3809,0.00844545,-0.00112251
3809.25,0.009353895,-0.00182115
3809.5,0.00916752,-0.00172104
3809.75,0.016463835,-0.001690155
3810,0.01707408,-0.000982995
3810.25,0.01628811,-0.00145905
3810.5,0.0156129,-0.000829635
3810.75,0.01355106,-0.00123966
3811,0.016617195,-0.001613475
3811.25,0.014054805,-0.00143136
3811.5,0.015484035,-0.0014484
3811.75,0.017899455,-0.00090738
3812,0.015494685,-0.00092868
3812.25,0.01667364,-0.001845645
3812.5,0.01648833,-0.001283325
3812.75,0.016389285,-0.001491
3813,0.016853625,-0.00212787
3813.25,0.013784295,-0.00226419
3813.5,0.015458475,-0.002203485
3813.75,0.01451595,-0.001055415
3814,0.014800305,-0.00123753
3814.25,0.013405155,-0.00260073
3814.5,0.013373205,-0.002324895
3814.75,0.01447122,-0.00127587
3815,0.01381092,-0.0018531
3815.25,0.014796045,-0.00280947
3815.5,0.015863175,-0.002738115
3815.75,0.01602825,-0.000923355
3816,0.009664875,-9.9045e-05
3816.25,0.006427275,-0.001355745
3816.5,0.00801732,-0.001477155
3816.75,0.006344205,-0.001577265
3817,0.0083283,-0.001549575
3817.25,0.00655401,-0.00112038
3817.5,0.00693954,-0.002114025
3817.75,0.008849085,-0.00161667
3818,0.00698427,-0.000721005
3818.25,0.008861865,-0.00159111
3818.5,0.0063048,-0.00169335
3818.75,0.006574245,-0.001615605
3819,0.007159995,-0.001477155
3819.25,0.00663921,-0.001115055
3819.5,0.008386875,-0.00112038
3819.75,0.006904395,-0.00169974
3820,0.00776598,-0.0006603
3820.25,0.0086265,-0.000614505
3820.5,0.00572757,-0.00145905
3820.75,0.00752103,-0.0015123
3821,0.006290955,-0.00171252
3821.25,0.007611555,-0.001360005
3821.5,0.007070535,-0.001524015
3821.75,0.00703752,-0.00086052
3822,0.010169685,-0.000331215
3822.25,0.007956615,-0.000459015
3822.5,0.006648795,-0.001168305
3822.75,0.006755295,-0.00088821
3823,0.00520785,-0.000574035
3823.25,0.02162802,-0.00057084
3823.5,0.04517091,-0.00044091
3823.75,0.052918785,-0.00123966
3824,0.0488835,-0.001932975
3824.25,0.04009512,-0.00188505
3824.5,0.04192479,-0.002499555
3824.75,0.03852744,-0.00333771
3825,0.04567359,-0.003892575
3825.25,0.07222191,-0.004201425
3825.5,0.06980223,-0.003234405
3825.75,0.07591959,-0.004463415
3826,0.06513966,-0.004520925
3826.25,0.073488195,-0.002836095
3826.5,0.067119495,-0.003383505
3826.75,0.069036495,-0.004182255
3827,0.06716529,-0.00380631
3827.25,0.06859452,-0.00424935
3827.5,0.072719265,-0.005634915
3827.75,0.06873723,-0.00623025
3828,0.06595545,-0.00614292
3828.25,0.05608716,-0.00632823
3828.5,0.04241469,-0.00443679
3828.75,0.04388226,-0.004902195
3829,0.04010577,-0.00552522
3829.25,0.038939595,-0.00460932
3829.5,0.04381836,-0.005424045
3829.75,0.051165795,-0.005965065
3830,0.053293665,-0.004838295
3830.25,0.04793139,-0.0033015
3830.5,0.04668321,-0.004316445
3830.75,0.048271125,-0.003922395
3831,0.045987765,-0.00470304
3831.25,0.04853205,-0.00475203
3831.5,0.045789675,-0.005076855
3831.75,0.041376315,-0.00422166
3832,0.04463628,-0.0034506
3832.25,0.0430473,-0.00318435
3832.5,0.043235805,-0.00237921
3832.75,0.04137951,-0.00290319
3833,0.034487895,-0.003004365
3833.25,0.043152735,-0.00228549
3833.5,0.04062336,-0.00195534
3833.75,0.042032355,-0.00119919
3834,0.03687456,-0.00148248
3834.25,0.032950035,-0.001698675
3834.5,0.037508235,-0.00109056
3834.75,0.02139372,-0.00192978
3835,0.02020944,-0.001764705
3835.25,0.01815612,-0.001634775
3835.5,0.019296735,-0.00153147
3835.75,0.02196456,-0.00105648
3836,0.0203628,-0.00185097
3836.25,0.019988985,-0.00192765
3836.5,0.01751712,-0.002163015
3836.75,0.02012637,-0.00178494
3837,0.01864602,-0.002094855
3837.25,0.017582085,-0.002561325
3837.5,0.01994745,-0.00211296
3837.75,0.017754615,-0.0018318
3838,0.01775142,-0.00273918
3838.25,0.017976135,-0.003562425
3838.5,0.01698036,-0.00392772
3838.75,0.0177003,-0.00394476
3839,0.007971525,-0.000923355
3839.25,0.00934644,-0.00119493
3839.5,0.008246295,-0.001049025
3839.75,0.00834321,-0.00073698
3840,0.009935385,-0.00167844
3840.25,0.007285665,-0.001837125
3840.5,0.00895665,-0.00176364
3840.75,0.00728034,-0.001905285
3841,0.00709503,-0.001402605
3841.25,0.008367705,-0.001164045
3841.5,0.00765309,-0.00048564
3841.75,0.01034754,-0.000380205
3842,0.007277145,-0.000919095
3842.25,0.008659515,-0.00166566
3842.5,0.007760655,-0.001641165
3842.75,0.007198335,-0.00181902
3843,0.00951258,-0.00199581
3843.25,0.008041815,-0.001217295
3843.5,0.009153675,-0.00135255
3843.75,0.007713795,-0.00119067
3844,0.008333625,-2.0235e-05
3844.25,0.009837405,-0.00069225
3844.5,0.0069864,-0.0016401
3844.75,0.010452975,-0.001534665
3845,0.00718236,-0.00156555
3845.25,0.0085839,-0.001587915
3845.5,0.008297415,-0.001613475
3845.75,0.007811775,-0.001451595
3846,0.00945507,-0.001181085
3846.25,0.008646735,-9.585e-05
3846.5,0.009368805,-0.000209805
3846.75,0.00790656,-0.001006425
3847,0.006885225,-0.000919095
3847.25,0.007400685,-0.001502715
3847.5,0.00944229,-0.001221555
3847.75,0.00906528,-0.001166175
3848,0.008993925,-0.001108665
3848.25,0.014957925,-0.001070325
3848.5,0.012791715,-0.000533565
3848.75,0.019761075,-0.00046221
3849,0.0299691,-0.001981965
3849.25,0.04363305,-0.002940465
3849.5,0.058997805,-0.00283077
3849.75,0.060454725,-0.003321735
3850,0.064205655,-0.00306081
3850.25,0.0662856,-0.00245589
3850.5,0.060867945,-0.00162732
3850.75,0.06531645,-0.00114594
3851,0.06670095,-0.001705065
3851.25,0.071990805,-0.00177642
3851.5,0.078808935,-0.002571975
3851.75,0.07771944,-0.002982
3852,0.08330004,-0.00368064
3852.25,0.072435975,-0.004388865
3852.5,0.07745958,-0.003822285
3852.75,0.06751887,-0.001894635
3853,0.063717885,-0.003134295
3853.25,0.05806167,-0.004478325
3853.5,0.06738468,-0.00471795
3853.75,0.06175509,-0.004765875
3854,0.06253893,-0.005407005
3854.25,0.061472865,-0.005249385
3854.5,0.05487732,-0.00481167
3854.75,0.06516735,-0.00382761
3855,0.06283713,-0.004827645
3855.25,0.06001275,-0.00574248
3855.5,0.054281985,-0.00400653
3855.75,0.06201921,-0.00542511
3856,0.057983925,-0.00512691
3856.25,0.058000965,-0.00497355
3856.5,0.06106923,-0.004088535
3856.75,0.05969538,-0.002433525
3857,0.05395503,-0.003319605
3857.25,0.050980485,-0.00343569
3857.5,0.056558955,-0.00344421
3857.75,0.05409987,-0.003068265
3858,0.03387552,-0.00488835
3858.25,0.033399465,-0.004092795
3858.5,0.03026091,-0.002770065
3858.75,0.030374865,-0.00256878
3859,0.03022896,-0.002955375
3859.25,0.029640015,-0.002995845
3859.5,0.03118959,-0.002976675
3859.75,0.01643934,-0.00105222
3860,0.01697397,-0.00090525
3860.25,0.018448995,-0.00137172
3860.5,0.01509957,-0.001660335
3860.75,0.01785153,-0.00123327
3861,0.017017635,-0.001315275
3861.25,0.01703574,-0.00180837
3861.5,0.017109225,-0.002009655
3861.75,0.01648833,-0.002891475
3862,0.018578925,-0.00226632
3862.25,0.015185835,-0.001724235
3862.5,0.015927075,-0.00296283
3862.75,0.016531995,-0.003649755
3863,0.015469125,-0.00228975
3863.25,0.01711242,-0.00165927
3863.5,0.01523376,-0.00288828
3863.75,0.0089034,-0.001502715
3864,0.006301605,-0.001532535
3864.25,0.00655614,-0.00158046
3864.5,0.00734637,-0.00131208
3864.75,0.006365505,-0.000667755
3865,0.00778089,-0.001259895
3865.25,0.006331425,-0.00153573
3865.5,0.00790443,-0.00049629
3865.75,0.00787035,-0.00079023
3866,0.00620256,-0.00206397
3866.25,0.00840924,-0.002065035
3866.5,0.006101385,-0.00215556
3866.75,0.008105715,-0.001624125
3867,0.00646668,-0.001649685
3867.25,0.007639245,-0.000970215
3867.5,0.00942525,-0.001781745
3867.75,0.005575275,-0.001888245
3868,0.008761755,-0.00046221
3868.25,0.006322905,-0.00058575
3868.5,0.006842625,-0.00177642
3868.75,0.006523125,-0.00172956
3869,0.00594483,-0.001521885
3869.25,0.00793851,-0.00152082
3869.5,0.005794665,-0.00162945
3869.75,0.008176005,-0.0016827
3870,0.00681813,-0.000867975
3870.25,0.00739962,-0.000961695
3870.5,0.00970215,-0.00095637
3870.75,0.006408105,-0.00030459
3871,0.00783414,-0.000390855
3871.25,0.022757985,-0.000352515
3871.5,0.039465705,-0.00020022
3871.75,0.03323226,-0.00010224
3872,0.02066952,-0.00047712
3872.25,0.021616305,-0.00087756
3872.5,0.02155134,-0.001019205
3872.75,0.046684275,-0.00187014
3873,0.049218975,-0.00127374
3873.25,0.06599379,0.0001491
3873.5,0.074229435,0.00468387
3873.75,0.11441721,0.00643473
3874,0.12700551,0.007718055
3874.25,0.126261075,0.006780855
3874.5,0.117638835,0.005728635
3874.75,0.11410197,0.005792535
3875,0.12210864,0.00527601
3875.25,0.12133758,0.004623165
3875.5,0.10676838,0.001828605
3875.75,0.10501326,0.00319713
3876,0.107723685,0.002763675
3876.25,0.101314515,0.003102345
3876.5,0.07876527,0.00075402
3876.75,0.075588375,-0.000444105
3877,0.06798747,-0.0005964
3877.25,0.06998754,-0.00051972
3877.5,0.06455391,-0.001208775
3877.75,0.08222652,-0.0013632
3878,0.07518687,-0.000369555
3878.25,0.07568955,0.000744435
3878.5,0.075803505,0.00072633
3878.75,0.07741698,4.1535e-05
3879,0.075145335,-0.00038553
3879.25,0.073741665,0.001460115
3879.5,0.08400507,0.00539955
3879.75,0.064761585,0.00231744
3880,0.045463785,-0.00101175
3880.25,0.051889995,-0.002735985
3880.5,0.04707939,-0.003534735
3880.75,0.049740825,-0.00315666
3881,0.05179734,-0.003423975
3881.25,0.043472235,-0.003219495
3881.5,0.043365735,-0.004244025
3881.75,0.039210105,-0.003477225
3882,0.041714985,-0.003121515
3882.25,0.04178208,-0.002482515
3882.5,0.038975805,-0.0024282
3882.75,0.040177125,-0.00258582
3883,0.03993537,-0.002222655
3883.25,0.029746515,-0.00092016
3883.5,0.02846745,-0.00113316
3883.75,0.0271149,-0.00110547
3884,0.031018125,-0.00064326
3884.25,0.029339685,-0.0007242
3884.5,0.032555985,-0.001362135
3884.75,0.027469545,-0.001692285
3885,0.02851431,-0.00106287
3885.25,0.02957292,-0.001342965
3885.5,0.03113847,-0.001875465
3885.75,0.026873145,-0.001986225
3886,0.0280734,-0.001455855
3886.25,0.03038871,-0.00086904
3886.5,0.013498875,-0.001956405
3886.75,0.01334019,-0.002103375
3887,0.01406439,-0.00212148
3887.25,0.013903575,-0.00139302
3887.5,0.015777975,-0.001566615
3887.75,0.005888385,-0.00185736
3888,0.005700945,-0.00167844
3888.25,0.006516735,-0.001098015
3888.5,0.006810675,-0.00038127
3888.75,0.00612801,-0.001281195
3889,0.005950155,-0.00186375
3889.25,0.00605133,-0.00168057
3889.5,0.005845785,-0.002120415
3889.75,0.006384675,-0.001600695
3890,0.00680109,-0.0009585
3890.25,0.006105645,-0.002016045
3890.5,0.00637296,-0.001956405
3890.75,0.006623235,-0.000584685
3891,0.006567855,-0.00081366
3891.25,0.006529515,-0.000899925
3891.5,0.006263265,-0.001070325
3891.75,0.005807445,-0.00131421
3892,0.005611485,-0.00133977
3892.25,0.00564663,-0.00121197
3892.5,0.00630693,-0.000631545
3892.75,0.005869215,-0.00064326
3893,0.005656215,-0.00109695
3893.25,0.006435795,-0.000201285
3893.5,0.006878835,-0.000107565
3893.75,0.00586602,-0.000582555
3894,0.005930985,-0.00066882
3894.25,0.0060066,-0.000823245
3894.5,0.005954415,-0.000659235
3894.75,0.00592566,-0.000731655
3895,0.006480525,-0.00033228
3895.25,0.02390712,-0.000250275
3895.5,0.051915555,-0.000228975
3895.75,0.051926205,-0.00028968
3896,0.05416164,-0.00145053
3896.25,0.04647873,-0.00216834
3896.5,0.04891545,0.000207675
3896.75,0.04048065,-0.00271788
3897,0.056527005,-0.00261777
3897.25,0.079995345,-0.00316518
3897.5,0.070188825,-0.002365365
3897.75,0.07840317,-0.0030246
3898,0.08338737,-0.00330363
3898.25,0.083073195,-0.003852105
3898.5,0.083780355,-0.003279135
3898.75,0.08661858,0.00116511
3899,0.155165175,0.00635592
3899.25,0.094104465,-0.00378288
3899.5,0.089392905,-0.00438567
3899.75,0.08369835,-0.003675315
3900,0.07241361,-0.00478185
3900.25,0.062880795,-0.004474065
3900.5,0.05281122,-0.00390216
3900.75,0.05625543,-0.00341439
3901,0.053052975,-0.00373389
3901.25,0.05620005,-0.00256026
3901.5,0.056959395,-0.00514608
3901.75,0.060105405,-0.00421314
3902,0.047700285,-0.00353793
3902.25,0.04622526,-0.003881925
3902.5,0.039761775,-0.00306933
3902.75,0.041016345,-0.002265255
3903,0.051040125,0.00077532
3903.25,0.06780216,0.00277752
3903.5,0.050850555,0.002120415
3903.75,0.036779775,-0.00155064
3904,0.0297348,-0.002606055
3904.25,0.03030351,-0.001935105
3904.5,0.025446045,-0.00136959
3904.75,0.02493804,-0.00203628
3905,0.021746235,-0.002062905
3905.25,0.022206315,-0.002131065
3905.5,0.019735515,-0.00166353
3905.75,0.01376832,-0.000972345
3906,0.014738535,-0.001577265
3906.25,0.015731115,-0.001664595
3906.5,0.016093215,-0.000469665
3906.75,0.015081465,-0.00057936
3907,0.013707615,-0.001732755
3907.25,0.01356171,-0.00237495
3907.5,0.014152785,-0.00234726
3907.75,0.01423479,-0.00229614
3908,0.006842625,-0.001988355
3908.25,0.005739285,-0.00210444
3908.5,0.00669459,-0.00158898
3908.75,0.006650925,-5.751e-05
3909,0.008131275,-2.982e-05
3909.25,0.00623025,-0.00173595
3909.5,0.006667965,-0.00180411
3909.75,0.006284565,-0.001907415
3910,0.006523125,-0.00143775
3910.25,0.00700344,-0.001443075
3910.5,0.00700131,-0.00098193
3910.75,0.00668607,-0.00044091
3911,0.00745926,-0.000520785
3911.25,0.007345305,-0.000855195
3911.5,0.00748056,-0.00076254
3911.75,0.007004505,-0.001098015
3912,0.006263265,-0.00118002
3912.25,0.00674571,-0.00148461
3912.5,0.006173805,-0.0014484
3912.75,0.005664735,-0.00132912
3913,0.006540165,-0.000852
3913.25,0.0066456,-0.00052398
3913.5,0.00622386,-0.00112677
3913.75,0.006657315,-0.00139515
3914,0.007364475,-0.00107778
3914.25,0.00628989,-0.001311015
3914.5,0.00690333,-0.001379175
3914.75,0.00734424,-0.001677375
3915,0.00641982,-0.001754055
3915.25,0.006704175,-0.00176577
3915.5,0.00724413,-0.00069438
3915.75,0.007096095,-0.00062835
3916,0.0067521,-0.00127374
3916.25,0.006929955,-0.001230075
3916.5,0.007338915,-0.00076467
3916.75,0.00616422,-0.00130356
3917,0.006821325,-0.001658205
3917.25,0.006842625,-0.00142284
3917.5,0.006565725,-0.00149313
3917.75,0.00638787,-0.001125705
3918,0.00772338,-0.000410025
3918.25,0.007042845,-0.000448365
3918.5,0.006697785,-0.000931875
3918.75,0.006474135,-0.00096489
3919,0.00784905,-0.000902055
3919.25,0.024892245,-0.00019383
3919.5,0.03002448,-0.000367425
3919.75,0.028087245,-0.000510135
3920,0.031224735,-0.00054741
3920.25,0.041295375,-0.000518655
3920.5,0.03472752,-0.000309915
3920.75,0.035659395,-0.000982995
3921,0.051544935,-0.00163584
3921.25,0.0592992,-0.002341935
3921.5,0.060135225,-0.00252831
3921.75,0.05735877,-0.002309985
3922,0.06535266,-0.002912775
3922.25,0.05936949,-0.003907485
3922.5,0.06273915,-0.00396819
3922.75,0.07537431,-0.00395328
3923,0.065654055,-0.003805245
3923.25,0.07059885,-0.00524619
3923.5,0.066921405,-0.005794665
3923.75,0.07380237,-0.005458125
3924,0.073040895,-0.006774465
3924.25,0.080696115,-0.005047035
3924.5,0.075846105,-0.005064075
3924.75,0.0852213,-0.006559335
3925,0.06693099,-0.005916075
3925.25,0.064942635,-0.006305865
3925.5,0.0633675,-0.00550605
3925.75,0.06405975,-0.00613014
3926,0.06585747,-0.00641982
3926.25,0.068521035,-0.00577443
3926.5,0.06147606,-0.002456955
3926.75,0.062005365,-0.003130035
3927,0.05600622,-0.00354858
3927.25,0.062970255,-0.00423444
3927.5,0.05358654,-0.004018245
3927.75,0.055643055,-0.00364017
3928,0.059692185,-0.00328446
3928.25,0.06141216,-0.0037701
3928.5,0.049233885,-0.003381375
3928.75,0.033825465,-0.002331285
3929,0.035474085,-0.003142815
3929.25,0.035316465,-0.00222372
3929.5,0.033286575,-0.001962795
3929.75,0.028822095,-0.001208775
3930,0.017181645,-0.000361035
3930.25,0.011488155,-0.000578295
3930.5,0.00591075,-0.000608115
3930.75,0.00700557,-0.00025347
3931,0.00898647,-0.00038553
3931.25,0.008516805,-0.000197025
3931.5,0.008433735,-0.000435585
3931.75,0.007062015,-0.001125705
3932,0.006320775,-0.00101601
3932.25,0.007767045,-0.00122475
3932.5,0.006080085,-0.001140615
3932.75,0.006378285,-0.001121445
3933,0.00781284,-7.029e-05
3933.25,0.008163225,0.00035145
3933.5,0.00674784,-0.001074585
3933.75,0.007057755,-0.00163371
3934,0.00688416,-0.002018175
3934.25,0.00746352,-0.001221555
3934.5,0.00548901,-0.000490965
3934.75,0.00765309,-0.000233235
3935,0.007079055,-0.00020874
3935.25,0.00554865,-0.001044765
3935.5,0.007183425,-0.000665625
3935.75,0.00788526,-0.000752955
3936,0.00660726,-0.00143562
3936.25,0.007200465,-0.00137811
3936.5,0.00623664,-0.00070077
3936.75,0.00678831,-0.000243885
3937,0.006759555,-0.000989385
3937.25,0.007336785,-0.00128865
3937.5,0.00730377,-0.001328055
3937.75,0.007098225,-0.00080727
3938,0.00800028,-0.000405765
3938.25,0.007287795,-0.001065
3938.5,0.0062409,-0.000237495
3938.75,0.00747843,-0.00092229
3939,0.00675636,-0.001219425
3939.25,0.00647733,-0.000938265
3939.5,0.006220665,-0.00133764
3939.75,0.007421985,-0.00158259
3940,0.007366605,-0.000480315
3940.25,0.00901203,0.000539955
3940.5,0.00642408,-0.00040257
3940.75,0.00562959,-0.001387695
3941,0.006431535,-0.001626255
3941.25,0.006346335,-0.001613475
3941.5,0.006904395,-0.001715715
3941.75,0.007632855,-0.00160176
3942,0.008054595,-0.00026412
3942.25,0.008529585,0.000712485
3942.5,0.00724839,-0.00100536
3942.75,0.006489045,-0.00132273
3943,0.00741027,-0.00141858
3943.25,0.00746991,-0.00123966
3943.5,0.007779825,-0.001200255
3943.75,0.00803862,-0.000620895
3944,0.006482655,-0.00024708
3944.25,0.00530796,-0.000427065
3944.5,0.00587667,-0.0003195
3944.75,0.007407075,-0.000126735
3945,0.0060918,-0.00058788
3945.25,0.006035355,-0.00051333
3945.5,0.00601938,-0.000554865
3945.75,0.00595974,-0.00011076
3946,0.00658383,-8.307e-05
3946.25,0.006114165,-0.00048351
3946.5,0.00400866,0.00010224
3946.75,0.004376085,3.834e-05
3947,0.00425361,-7.668e-05
3947.25,0.0043026,-0.000118215
3947.5,0.004855335,-0.00030033
3947.75,0.00405339,-9.9045e-05
3948,0.003947955,-0.00051972
3948.25,0.00350598,-0.00036849
3948.5,0.00349746,-0.00039405
3948.75,0.003447405,-0.00034719
3949,0.003051225,-0.000250275
3949.25,0.00274557,-0.000603855
3949.5,0.00356136,-8.52e-06
3949.75,0.0040683,-0.000186375
3950,0.003151335,-0.00087543
3950.25,0.00386808,-0.00075828
3950.5,0.002961765,-0.000767865
3950.75,0.00349746,-0.000838155
3951,0.004163085,-0.000527175
3951.25,0.00458376,0.000260925
3951.5,0.003958605,-1.1715e-05
3951.75,0.003130035,-0.00073272
3952,0.003826545,-0.000723135
3952.25,0.00280521,-0.000727395
3952.5,0.00350598,-0.00069651
3952.75,0.00419184,-0.00073911
3953,0.00554865,-7.5615e-05
3953.25,0.005549715,3.408e-05
3953.5,0.00496077,-0.00045369
3953.75,0.00493947,-0.00081153
3954,0.00483084,-0.00096276
3954.25,0.00468174,-0.001000035
3954.5,0.004548615,-0.00084348
3954.75,0.00427917,-0.000957435
3955,0.005756325,-0.000154425
3955.25,0.005916075,0.000290745
3955.5,0.00444744,-0.000925485
3955.75,0.005268555,-0.001014945
3956,0.0047286,-0.001308885
3956.25,0.005306895,-0.001315275
3956.5,0.00488622,-0.00145905
3956.75,0.0047712,-0.001161915
3957,0.00614718,-0.00048351
3957.25,0.00628563,0.000525045
3957.5,0.00738897,4.473e-05
3957.75,0.005196135,-0.00142284
3958,0.004874505,-0.001598565
3958.25,0.004942665,-0.001707195
3958.5,0.004776525,-0.00169761
3958.75,0.005319675,-0.00073059
3959,0.00528027,-0.00040896
3959.25,0.00579786,-0.00054741
3959.5,0.006143985,-0.000516525
3959.75,0.00529305,-0.001466505
3960,0.004891545,-0.001604955
3960.25,0.004910715,-0.00162306
3960.5,0.005202525,-0.001311015
3960.75,0.005530545,-0.000486705
3961,0.00598317,-0.0005538
3961.25,0.004663635,-0.00158046
3961.5,0.006026835,-0.000680535
3961.75,0.006037485,-0.00060705
3962,0.00531222,-0.00160389
3962.25,0.005538,-0.001374915
3962.5,0.006201495,-0.00075615
3962.75,0.006065175,-0.0002982
3963,0.00540381,-0.001117185
3963.25,0.00508218,-0.00139728
3963.5,0.00629841,-0.001066065
3963.75,0.005852175,-0.000674145
3964,0.00533565,-0.00103518
3964.25,0.00518442,-0.00124392
3964.5,0.00536547,-0.00028116
3964.75,0.005145015,-0.000431325
3965,0.004444245,-0.001321665
3965.25,0.00500124,-0.001385565
3965.5,0.004970355,-0.001438815
3965.75,0.005869215,-0.00059214
3966,0.00612801,-0.001517625
3966.25,0.00611523,-0.00066456
3966.5,0.006655185,0.00024282
3966.75,0.005447475,-0.001044765
3967,0.00509496,-0.001545315
3967.25,0.004955445,-0.001826475
3967.5,0.005102415,-0.001541055
3967.75,0.00466683,-0.000980865
3968,0.003298305,-0.000435585
3968.25,0.003279135,0.0001065
3968.5,0.003004365,-1.1715e-05
3968.75,0.00247506,-0.000612375
3969,0.00268167,-0.00088608
3969.25,0.002733855,-0.000810465
3969.5,0.003134295,-0.000808335
3969.75,0.00346125,-0.00032589
3970,0.003867015,-0.000101175
3970.25,0.00372537,-6.9225e-05
3970.5,0.00229827,-9.372e-05
3970.75,0.00267528,-0.000292875
3971,0.002814795,-0.0004473
3971.25,0.00276687,-0.00033654
3971.5,0.00346125,-0.000365295
3971.75,0.00329085,-0.0002769
3972,0.005000175,4.686e-05
3972.25,0.00437076,0.0003408
3972.5,0.00333984,-0.000329085
3972.75,0.00330363,-0.000448365
3973,0.002292945,-0.000484575
3973.25,0.00265185,-0.00053037
3973.5,0.00297135,-0.000616635
3973.75,0.003166245,-0.000853065
3974,0.004009725,4.047e-05
3974.25,0.00405978,4.26e-06
3974.5,0.003826545,-0.000226845
3974.75,0.00379353,-0.00026412
3975,0.00342291,-0.000742305
3975.25,0.003933045,-0.00054528
3975.5,0.00288189,-0.0002556
3975.75,0.003270615,-9.2655e-05
3976,0.00398736,5.0055e-05
3976.25,0.00343782,-0.00039405
3976.5,0.003181155,-9.372e-05
3976.75,0.003590115,-0.00023004
3977,0.003962865,-0.00035145
3977.25,0.00334836,-0.000640065
3977.5,0.00377649,-0.00060066
3977.75,0.005296245,-0.00020874
3978,0.004861725,-0.00039405
3978.25,0.00449856,-0.00094785
3978.5,0.004665765,-0.000968085
3978.75,0.00509496,-0.000556995
3979,0.00527388,-0.00090312
3979.25,0.00432177,-0.001451595
3979.5,0.005270685,-0.000665625
3979.75,0.005492205,-0.000235365
3980,0.00533778,-0.001524015
3980.25,0.005183355,-0.00156768
3980.5,0.0049203,-0.001898895
3980.75,0.005913945,-0.000706095
3981,0.00524832,-0.0009798
3981.25,0.00486705,-0.001464375
3981.5,0.005666865,-0.000203415
3981.75,0.005070465,-0.00058788
3982,0.00459867,-0.00169122
3982.25,0.00443892,-0.001696545
3982.5,0.0046434,-0.00164223
3982.75,0.004657245,-0.00139089
3983,0.00492243,-0.00120771
3983.25,0.005617875,-2.982e-05
3983.5,0.00637083,0.00025134
3983.75,0.00541659,-0.001204515
3984,0.005515635,-0.001536795
3984.25,0.00525897,-0.00135894
3984.5,0.004991655,-0.000844545
3984.75,0.00493308,-0.001080975
3985,0.00447513,-0.00139515
3985.25,0.0059427,0.00020448
3985.5,0.0065817,0.00044943
3985.75,0.00490113,-0.001481415
3986,0.004908585,-0.001609215
3986.25,0.004987395,-0.00128865
3986.5,0.00469665,-0.00162093
3986.75,0.004936275,-0.00180411
3987,0.00459015,-0.001747665
3987.25,0.006235575,-0.00029181
3987.5,0.00617061,-0.00029607
3987.75,0.00525897,-0.001272675
3988,0.005741415,-0.000588945
3988.25,0.005125845,-0.001506975
3988.5,0.0048351,-0.001664595
3988.75,0.00488622,-0.001528275
3989,0.005051295,-0.001602825
3989.25,0.00542937,-0.000424935
3989.5,0.00622173,-0.00047073
3989.75,0.00505662,-0.00178281
3990,0.00499059,-0.00131421
3990.25,0.00533991,-0.00096276
3990.5,0.00613227,-0.000465405
3990.75,0.004433595,-0.001095885
3991,0.003988425,-0.001151265
3991.25,0.0038979,-0.00015549
3991.5,0.009298515,-0.00034293
3991.75,0.02464836,-0.000793425
3992,0.036549735,-0.000980865
3992.25,0.027201165,-0.0020022
3992.5,0.03880647,-0.00243459
3992.75,0.038262255,-0.001044765
3993,0.049602375,-0.001771095
3993.25,0.052488525,-0.00232383
3993.5,0.052141335,-0.003477225
3993.75,0.0531861,-0.00377862
3994,0.05767614,-0.003164115
3994.25,0.06116721,-0.00357414
3994.5,0.059566515,-0.002995845
3994.75,0.057131925,-0.002885085
3995,0.052102995,-0.002465475
3995.25,0.04837017,-0.003119385
3995.5,0.043768305,-0.00465618
3995.75,0.047267895,-0.00503532
3996,0.04394403,-0.004420815
3996.25,0.060090495,-0.00662643
3996.5,0.059572905,-0.00610458
3996.75,0.0564876,-0.00571905
3997,0.054852825,-0.00635805
3997.25,0.055287345,-0.00646881
3997.5,0.059232105,-0.00572118
3997.75,0.056659065,-0.005579535
3998,0.058450395,-0.00241968
3998.25,0.057853995,-0.00132912
3998.5,0.043932315,-0.004035285
3998.75,0.04037202,-0.004633815
3999,0.049074135,-0.00380631
3999.25,0.04839147,-0.000584685
3999.5,0.03484041,-0.002980935
3999.75,0.03639957,-0.003000105
4000,0.034138575,-0.002503815
4000.25,0.040884285,-0.002942595
4000.5,0.0320778,-0.002776455
4000.75,0.040586085,-0.003147075
4001,0.038398575,-0.003630585
4001.25,0.02989029,-0.00237495
4001.5,0.032321685,-0.001609215
4001.75,0.02340444,-0.00139728
4002,0.02551953,-0.001166175
4002.25,0.02077602,-0.001002165
4002.5,0.02058645,-0.0015123
4002.75,0.019292475,-0.000691185
4003,0.015573495,-0.00074763
4003.25,0.0177642,-0.00113529
4003.5,0.010269795,-0.00073059
4003.75,0.011581875,4.7925e-05
4004,0.010893885,-0.00026412
4004.25,0.00801519,-0.00103518
4004.5,0.010544565,-0.000968085
4004.75,0.00685434,-0.0011502
4005,0.0111399,-0.001189605
4005.25,0.00676275,-0.001447335
4005.5,0.01070325,-0.00064965
4005.75,0.010018455,1.065e-06
4006,0.009068475,-0.000744435
4006.25,0.01253931,-0.001351485
4006.5,0.00707586,-0.001413255
4006.75,0.008682945,-0.001541055
4007,0.00755724,-0.00180624
4007.25,0.01121658,-0.00097128
4007.5,0.01005786,-0.00058575
4007.75,0.00827718,-0.000746565
4008,0.01213887,-0.000744435
4008.25,0.007025805,-0.001404735
4008.5,0.010680885,-0.00128013
4008.75,0.007355955,-0.001639035
4009,0.009690435,-0.00047286
4009.25,0.01008555,-0.000363165
4009.5,0.007309095,-0.00073272
4009.75,0.012572325,-0.00080088
4010,0.007769175,-0.000620895
4010.25,0.01146792,-0.00087543
4010.5,0.008184525,-0.00108204
4010.75,0.009483825,-0.000522915
4011,0.01204515,-0.00045582
4011.25,0.007779825,-0.00113316
4011.5,0.012570195,-0.00144414
4011.75,0.00670098,-0.001185345
4012,0.011241075,-0.00087117
4012.25,0.008086545,-0.0005964
4012.5,0.009341115,-0.000422805
4012.75,0.01025382,-0.000235365
4013,0.007630725,-0.00066243
4013.25,0.010182465,-0.00087756
4013.5,0.00695445,-0.00119067
4013.75,0.010548825,-0.00116937
4014,0.00878199,-0.00124392
4014.25,0.010472145,-0.000410025
4014.5,0.012697995,-8.8395e-05
4014.75,0.008144055,-0.000916965
4015,0.011047245,-0.00077106
4015.25,0.012246435,-0.001639035
4015.5,0.041874735,-0.001894635
4015.75,0.04071069,-0.001677375
4016,0.03800772,-0.00146118
4016.25,0.050386215,-0.002122545
4016.5,0.04933293,-0.00296283
4016.75,0.05249172,-0.003609285
4017,0.06140151,-0.00433242
4017.25,0.054079635,-0.0036849
4017.5,0.05767401,-0.004584825
4017.75,0.05494548,-0.00352089
4018,0.062544255,-0.003647625
4018.25,0.06126519,-0.005010825
4018.5,0.05103054,-0.003381375
4018.75,0.062650755,-0.00347616
4019,0.06866055,-0.00376797
4019.25,0.068738295,-0.00404913
4019.5,0.07049022,-0.00614931
4019.75,0.073912065,-0.00626433
4020,0.060348225,-0.00592779
4020.25,0.04679397,-0.007191945
4020.5,0.04674711,-0.00795981
4020.75,0.048009135,-0.00827505
4021,0.036986385,-0.007064145
4021.25,0.04075116,-0.007336785
4021.5,0.04422306,-0.00775107
4021.75,0.03662748,-0.006046005
4022,0.05632359,-0.004099185
4022.25,0.062180025,-0.00279243
4022.5,0.08135535,-0.003922395
4022.75,0.06113952,-0.00333345
4023,0.064011825,-0.00401292
4023.25,0.06034716,-0.004001205
4023.5,0.055885875,-0.00397032
4023.75,0.055881615,-0.004018245
4024,0.058901955,-0.003713655
4024.25,0.05924595,-0.003123645
4024.5,0.06130353,-0.00292875
4024.75,0.0629202,-0.0038553
4025,0.05260674,-0.00532074
4025.25,0.062292915,-0.00371259
4025.5,0.049116735,-0.001713585
4025.75,0.050601345,-0.00139941
4026,0.02710851,-0.0011289
4026.25,0.02113173,-0.000885015
4026.5,0.021663165,-0.001178955
4026.75,0.01547019,-0.00167631
4027,0.013490355,-0.002065035
4027.25,0.013920615,-0.00182754
4027.5,0.014171955,-0.00178707
4027.75,0.014293365,-0.00145905
4028,0.014951535,-0.00121197
4028.25,0.013070745,-0.001630515
4028.5,0.014387085,-0.002514465
4028.75,0.01129752,-0.002216265
4029,0.00902481,-0.00210018
4029.25,0.01030494,-0.00121836
4029.5,0.01073307,-0.001317405
4029.75,0.00905037,-0.00233448
4030,0.009579675,-0.00099471
4030.25,0.0092655,-0.000806205
4030.5,0.00764031,-0.001860555
4030.75,0.008212215,-0.00170613
4031,0.008433735,-0.00107565
4031.25,0.009292125,-0.001862685
4031.5,0.009070605,-0.002878695
4031.75,0.00858603,-0.00217047
4032,0.007709535,-0.001856295
4032.25,0.00917178,-0.00129078
4032.5,0.00921651,-0.000292875
4032.75,0.008299545,-0.001066065
4033,0.008408175,-0.0023004
4033.25,0.0081579,-0.002569845
4033.5,0.00833682,-0.002593275
4033.75,0.008127015,-0.002714685
4034,0.008674425,-0.00203628
4034.25,0.00935922,-0.000384465
4034.5,0.00826653,-0.000318435
4034.75,0.00816855,-0.0020235
4035,0.008095065,-0.001747665
4035.25,0.007875675,-0.00182115
4035.5,0.008406045,-0.00179985
4035.75,0.00850296,-0.00109269
4036,0.008721285,-0.00081579
4036.25,0.0074976,-0.00092229
4036.5,0.008535975,-0.000880755
4036.75,0.008717025,-0.001066065
4037,0.00840924,-0.001664595
4037.25,0.00686499,-0.00138876
4037.5,0.00866271,-0.00081366
4037.75,0.009390105,-0.000814725
4038,0.008787315,-0.00158685
4038.25,0.00680109,-0.001355745
4038.5,0.00905037,-0.00071142
4038.75,0.008655255,-0.000748695
4039,0.00727608,-0.00076041
4039.25,0.007111005,-0.000384465
4039.5,0.00876921,-0.00088182
4039.75,0.009739425,-0.001886115
4040,0.01562355,-0.00205758
4040.25,0.01289076,-0.002235435
4040.5,0.028140495,-0.002571975
4040.75,0.033278055,-0.002339805
4041,0.03091482,-0.00286059
4041.25,0.031395135,-0.00379353
4041.5,0.034081065,-0.00414285
4041.75,0.032238615,-0.004133265
4042,0.030796605,-0.00372324
4042.25,0.022331985,-0.00341226
4042.5,0.019379805,-0.002039475
4042.75,0.02015193,-0.001745535
4043,0.015586275,-0.00219177
4043.25,0.01673328,-0.002314245
4043.5,0.01630515,-0.0029607
4043.75,0.01432851,-0.00297987
4044,0.01704639,-0.00220455
4044.25,0.01331889,-0.00217899
4044.5,0.01773438,-0.0024495
4044.75,0.01867158,-0.002725335
4045,0.01639461,-0.002712555
4045.25,0.014399865,-0.003262095
4045.5,0.0188931,-0.003117255
4045.75,0.01675671,-0.003130035
4046,0.01753203,-0.00360396
4046.25,0.01758954,-0.003479355
4046.5,0.01321665,-0.003277005
4046.75,0.01713372,-0.002934075
4047,0.01463736,-0.00262416
4047.25,0.01958535,-0.00240051
4047.5,0.01487592,-0.002842485
4047.75,0.014327445,-0.00354432
4048,0.0164223,-0.003313215
4048.25,0.01492491,-0.00325038
4048.5,0.016968645,-0.003064005
4048.75,0.014059065,-0.00214704
4049,0.01854591,-0.00177855
4049.25,0.0155916,-0.00297348
4049.5,0.01739997,-0.003649755
4049.75,0.01881003,-0.00363804
4050,0.014244375,-0.002919165
4050.25,0.016133685,-0.002101245
4050.5,0.01241577,-0.001253505
4050.75,0.015501075,-0.00119067
4051,0.01531683,-0.001969185
4051.25,0.012561675,-0.001958535
4051.5,0.0155277,-0.00200433
4051.75,0.009762855,-0.002116155
4052,0.01155099,-0.000865845
4052.25,0.010024845,-0.000684795
4052.5,0.01056693,-0.001389825
4052.75,0.01177464,-0.00120771
4053,0.007360215,-0.000955305
4053.25,0.01274805,-0.001862685
4053.5,0.008337885,-0.001564485
4053.75,0.012708645,-0.000853065
4054,0.010444455,-0.001129965
4054.25,0.007792605,-0.002118285
4054.5,0.01054776,-0.00221733
4054.75,0.00673506,-0.001764705
4055,0.01093968,-0.00105009
4055.25,0.0085626,-0.00068586
4055.5,0.008915115,-0.000795555
4055.75,0.010501965,-0.001636905
4056,0.00691824,-0.001779615
4056.25,0.011087715,-0.001656075
4056.5,0.00705456,-0.001440945
4056.75,0.009430575,-0.0015549
4057,0.01105683,-0.00048351
4057.25,0.008763885,1.1715e-05
4057.5,0.012783195,-0.00094998
4057.75,0.007752135,-0.001915935
4058,0.009977985,-0.00149952
4058.25,0.01022826,-0.00157194
4058.5,0.00865632,-0.001112925
4058.75,0.012700125,-0.00067521
4059,0.007539135,-0.0011289
4059.25,0.011153745,-0.00141432
4059.5,0.009946035,-0.00095424
4059.75,0.008112105,-0.001157655
4060,0.010957785,-0.001455855
4060.25,0.007189815,-0.000821115
4060.5,0.011277285,-0.00044943
4060.75,0.00797685,-0.001098015
4061,0.00815364,-0.00135042
4061.25,0.01139763,-0.001251375
4061.5,0.00745713,-0.001232205
4061.75,0.013901445,-0.00089673
4062,0.00910575,-0.000565515
4062.25,0.01156164,-0.000821115
4062.5,0.0118428,-0.00143136
4062.75,0.006927825,-0.001436685
4063,0.01139976,-0.001472895
4063.25,0.00784479,-0.00139515
4063.5,0.011085585,-0.001098015
4063.75,0.01026021,-0.00037488
4064,0.005042775,-5.964e-05
4064.25,0.0073272,-0.000441975
4064.5,0.004359045,-0.00078384
4064.75,0.006902265,-0.00086904
4065,0.00744648,-0.00109908
4065.25,0.005481555,-0.00092016
4065.5,0.008870385,-0.00033015
4065.75,0.00901416,-0.00032589
4066,0.010199505,-0.000914835
4066.25,0.00773403,-0.000936135
4066.5,0.0048777,-0.00048564
4066.75,0.007701015,-0.00054315
4067,0.005950155,-0.00053037
4067.25,0.009971595,-0.00025986
4067.5,0.00772551,-0.000569775
4067.75,0.007907625,-0.000735915
4068,0.010470015,-0.00086265
4068.25,0.00697788,-0.001215165
4068.5,0.00892044,-0.00119067
4068.75,0.007015155,-0.000814725
4069,0.00549327,-0.000631545
4069.25,0.00711207,-0.000757215
4069.5,0.005568885,-0.0010224
4069.75,0.00975966,-0.00090312
4070,0.00675849,-0.0005325
4070.25,0.007434765,-0.00081153
4070.5,0.00964038,-0.0005964
4070.75,0.00729951,-0.000420675
4071,0.012142065,-0.000885015
4071.25,0.006631755,-0.001042635
4071.5,0.007647765,-0.00103944
4071.75,0.00857538,-0.000838155
4072,0.00714189,-0.00087117
4072.25,0.010301745,-0.000201285
4072.5,0.00710994,-0.00020235
4072.75,0.00868827,-0.000818985
4073,0.009690435,-0.00150591
4073.25,0.007747875,-0.00151656
4073.5,0.01116546,-0.001786005
4073.75,0.00818133,-0.001815825
4074,0.0116937,-0.00092229
4074.25,0.010184595,-0.00046647
4074.5,0.009520035,-0.00087969
4074.75,0.01855869,-0.0009798
4075,0.01409847,-0.00109056
4075.25,0.01757463,-0.00103092
4075.5,0.017437245,-0.001021335
4075.75,0.01572153,-0.000712485
4076,0.01880577,-0.00079236
4076.25,0.01665021,-0.00107565
4076.5,0.02051616,-0.00109482
4076.75,0.016242315,-0.00126948
4077,0.018272205,-0.001515495
4077.25,0.022668525,-0.00162519
4077.5,0.01776846,-0.001025595
4077.75,0.01380027,-0.000893535
4078,0.006661575,-0.001293975
4078.25,0.01066917,-0.0016614
4078.5,0.009662745,-0.001479285
4078.75,0.00798324,-0.001021335
4079,0.012380625,-0.00073059
4079.25,0.00824097,-0.000499485
4079.5,0.011737365,-0.00151017
4079.75,0.00913557,-0.002312115
4080,0.00844119,-0.002256735
4080.25,0.012423225,-0.002333415
4080.5,0.006350595,-0.002582625
4080.75,0.011194215,-0.00167205
4081,0.009221835,-0.000316305
4081.25,0.00952323,-0.00076893
4081.5,0.010885365,-0.00234939
4081.75,0.00693315,-0.002327025
4082,0.013066485,-0.00251979
4082.25,0.00752103,-0.002169405
4082.5,0.0097341,-0.002333415
4082.75,0.01002804,-0.001040505
4083,0.009805455,-0.00015975
4083.25,0.01313571,-0.00220668
4083.5,0.007070535,-0.00280095
4083.75,0.01280982,-0.00281799
4084,0.008197305,-0.002073555
4084.25,0.009198405,-0.001730625
4084.5,0.011351835,-0.000910575
4084.75,0.00735063,-0.000755085
4085,0.01344882,-0.00150378
4085.25,0.008365575,-0.00170826
4085.5,0.00916113,-0.002309985
4085.75,0.011013165,-0.00243033
4086,0.00706521,-0.002188575
4086.25,0.012851355,-0.001068195
4086.5,0.008403915,-0.000976605
4086.75,0.009128115,-0.00229827
4087,0.012318855,-0.00253044
4087.25,0.030127785,-0.002718945
4087.5,0.01995597,-0.00169761
4087.75,0.01867584,-0.00256878
4088,0.014091015,-0.00131634
4088.25,0.013081395,-0.001134225
4088.5,0.01275657,-0.001421775
4088.75,0.01226454,-0.00198303
4089,0.013624545,-0.00286485
4089.25,0.01247328,-0.00260073
4089.5,0.012668175,-0.00209805
4089.75,0.013535085,-0.000848805
4090,0.01239447,-0.0003834
4090.25,0.018014475,-0.001387695
4090.5,0.009694695,-0.00110121
4090.75,0.01555965,-0.00160389
4091,0.015077205,-0.00161241
4091.25,0.0145692,-0.00135468
4091.5,0.01571088,-0.0009798
4091.75,0.01629663,-0.001072455
4092,0.01628811,-0.00165714
4092.25,0.014583045,-0.001445205
4092.5,0.01234974,-0.00143349
4092.75,0.01381518,-0.001562355
4093,0.011426385,-0.00152721
4093.25,0.01121019,-0.001244985
4093.5,0.01339983,-0.001357875
4093.75,0.01702083,-0.00254322
4094,0.01299087,-0.00207036
4094.25,0.01348077,-0.00177003
4094.5,0.01726791,-0.001898895
4094.75,0.01367247,-0.00223011
4095,0.016057005,-0.001751925
4095.25,0.017260455,-0.00165927
4095.5,0.01258617,-0.001636905
4095.75,0.0131421,-0.00178281
4096,0.011381655,-0.001274805
4096.25,0.013665015,-0.001489935
4096.5,0.01285455,-0.000718875
4096.75,0.014623515,-0.000548475
4097,0.01419006,-0.00060279
4097.25,0.013385985,-0.001278
4097.5,0.01511022,-0.001732755
4097.75,0.01698888,-0.001668855
4098,0.011375265,-0.001213035
4098.25,0.005223825,-0.00070503
4098.5,0.00620895,-0.000508005
4098.75,0.00691185,6.0705e-05
4099,0.00597678,-0.000827505
4099.25,0.00555504,-0.001421775
4099.5,0.006212145,-0.00151017
4099.75,0.006107775,-0.001869075
4100,0.00657105,-0.002105505
4100.25,0.006949125,-0.00102879
4100.5,0.00744009,-0.000919095
4100.75,0.006305865,-0.00238134
4101,0.007439025,-0.00119919
4101.25,0.006437925,-0.00106287
4101.5,0.005786145,-0.00167844
4101.75,0.0059214,-0.00190848
4102,0.006861795,-0.000833895
4102.25,0.00699066,-0.00092229
4102.5,0.00556143,-0.00165288
4102.75,0.005634915,-0.001852035
4103,0.006094995,-0.00148674
4103.25,0.00636018,-0.001080975
4103.5,0.006891615,-0.00140793
4103.75,0.006322905,-0.001381305
4104,0.0066456,-0.000729525
4104.25,0.005749935,-0.00203415
4104.5,0.005945895,-0.002175795
4104.75,0.005899035,-0.00228336
4105,0.006467745,-0.002307855
4105.25,0.00619617,-0.001577265
4105.5,0.00758919,-0.00018318
4105.75,0.00705243,-0.00017466
4106,0.00605133,-0.001330185
4106.25,0.00593844,-0.00183606
4106.5,0.006088605,-0.001702935
4106.75,0.005760585,-0.00184458
4107,0.00569562,-0.00196812
4107.25,0.00677553,-0.00103305
4107.5,0.006052395,-0.000848805
4107.75,0.00626859,-0.000761475
4108,0.00573822,-0.00099258
4108.25,0.005690295,-0.001879725
4108.5,0.005332455,-0.002033085
4108.75,0.005519895,-0.001722105
4109,0.005926725,-0.001468635
4109.25,0.006120555,-0.00072207
4109.5,0.005879865,-0.001266285
4109.75,0.00578508,-0.001538925
4110,0.00675849,-0.00113103
4110.25,0.005950155,-0.00143349
4110.5,0.00591075,-0.001592175
4110.75,0.00590436,-0.00202563
4111,0.0073485,-0.00066669
4111.25,0.006580635,-0.000363165
4111.5,0.00512052,-0.00109482
4111.75,0.00475203,-0.001174695
4112,0.00310341,-0.0009798
4112.25,0.00358692,-0.00048138
4112.5,0.00366573,-0.000416415
4112.75,0.00491391,-0.00042174
4113,0.007805385,-0.000735915
4113.25,0.008365575,-0.00128226
4113.5,0.007639245,-0.00145053
4113.75,0.008118495,-0.00121197
4114,0.014568135,-0.00085626
4114.25,0.011119665,-0.000850935
4114.5,0.005074725,-0.000348255
4114.75,0.00803649,-9.4785e-05
4115,0.003123645,-0.000160815
4115.25,0.00564663,-0.00069225
4115.5,0.00378288,-0.000767865
4115.75,0.0057297,-0.00086691
4116,0.00405339,-0.00085626
4116.25,0.006143985,-0.00066669
4116.5,0.004065105,-0.0002982
4116.75,0.00490326,-0.000388725
4117,0.00419823,-0.00032163
4117.25,0.00276048,-0.00056019
4117.5,0.004738185,-0.000912705
4117.75,0.003783945,-0.00087756
4118,0.00827718,-0.000778515
4118.25,0.003999075,-0.000292875
4118.5,0.0073485,-0.000424935
4118.75,0.00389364,-0.000910575
4119,0.007571085,-0.000865845
4119.25,0.00485214,-0.000305655
4119.5,0.00516525,-0.00049416
4119.75,0.005432565,-0.000586815
4120,0.00511626,-0.00018744
4120.25,0.00751038,-0.000405765
4120.5,0.003967125,-0.000663495
4120.75,0.0080514,-0.000424935
4121,0.0043665,-0.00052611
4121.25,0.009468915,-0.000520785
4121.5,0.006787245,-0.000265185
4121.75,0.008849085,-0.00023643
4122,0.00784479,-0.00074337
4122.25,0.00737406,-0.001161915
4122.5,0.0089247,-0.001074585
4122.75,0.00597465,-0.00125031
4123,0.011151615,-0.00126096
4123.25,0.0069225,-0.000916965
4123.5,0.010783125,-5.538e-05
4123.75,0.009545595,-0.00039831
4124,0.00665199,-0.001313145
4124.25,0.00970215,-0.00179772
4124.5,0.00586815,-0.002086335
4124.75,0.010970565,-0.00175512
4125,0.00737832,-0.001824345
4125.25,0.00818346,-0.00081792
4125.5,0.00969789,-0.000852
4125.75,0.00748695,-0.001123575
4126,0.011775705,-0.00192126
4126.25,0.005751,-0.002450565
4126.5,0.01034541,-0.00187653
4126.75,0.007108875,-0.001913805
4127,0.008222865,-0.001042635
4127.25,0.011053635,-0.000752955
4127.5,0.006476265,-0.001834995
4127.75,0.01187475,-0.00243885
4128,0.0071142,-0.00115872
4128.25,0.00876069,-0.000812595
4128.5,0.0084987,-0.001741275
4128.75,0.00533991,-0.001728495
4129,0.011349705,-0.000665625
4129.25,0.006499695,-0.00101814
4129.5,0.010031235,-0.00248784
4129.75,0.008717025,-0.00234087
4130,0.006280305,-0.002148105
4130.25,0.011545665,-0.002454825
4130.5,0.007089705,-0.0009798
4130.75,0.009877875,-0.00101388
4131,0.0086904,-0.000663495
4131.25,0.007784085,-0.000895665
4131.5,0.011317755,-0.000859455
4131.75,0.005700945,-0.000480315
4132,0.008589225,-0.000365295
4132.25,0.00692037,-0.00043878
4132.5,0.005828745,-0.00060066
4132.75,0.009848055,-0.00032802
4133,0.00578508,-0.000111825
4133.25,0.010161165,-0.00017892
4133.5,0.008265465,-0.00068799
4133.75,0.007539135,-0.000742305
4134,0.012029175,-0.00090312
4134.25,0.00576804,-0.00088608
4134.5,0.009615885,-0.00108204
4134.75,0.007494405,-0.00084987
4135,0.008003475,-0.00032589
4135.25,0.010608465,-0.000303525
4135.5,0.004716885,-0.000882885
4135.75,0.009089775,-0.000639
4136,0.004356915,-0.00017253
4136.25,0.00315453,-0.000177855
4136.5,0.006169545,-0.00018318
4136.75,0.003029925,-0.000299265
4137,0.00691398,-0.00051546
4137.25,0.005720115,-0.00010224
4137.5,0.007057755,-0.00011502
4137.75,0.007573215,-0.00065178
4138,0.021022035,-0.000333345
4138.25,0.012122895,-0.00012141
4138.5,0.007255845,1.8105e-05
4138.75,0.00697788,-0.00042387
4139,0.007268625,-0.000816855
4139.25,0.007886325,-0.00023004
4139.5,0.010896015,-0.000533565
4139.75,0.00828996,-0.00074337
4140,0.004173735,-0.00047073
4140.25,0.00433881,-0.000748695
4140.5,0.003903225,-0.00096276
4140.75,0.00467535,-0.000471795
4141,0.00315666,-0.000326955
4141.25,0.00364017,-0.00021939
4141.5,0.003824415,-0.000614505
4141.75,0.003671055,-0.001338705
4142,0.004256805,-0.00124605
4142.25,0.004033155,-0.001278
4142.5,0.004422945,-0.00139302
4142.75,0.00420249,-0.00114594
4143,0.005588055,0.00027264
4143.25,0.0056019,0.00020661
4143.5,0.003134295,-0.000974475
4143.75,0.003815895,-0.00109908
4144,0.004378215,-0.00097767
4144.25,0.0043026,-0.000842415
4144.5,0.004129005,-0.00079023
4144.75,0.004248285,-0.000652845
4145,0.0053037,-0.000241755
4145.25,0.006178065,-9.4785e-05
4145.5,0.00574674,-0.000488835
4145.75,0.005366535,-0.001187475
4146,0.005677515,-0.000831765
4146.25,0.00522915,-0.000723135
4146.5,0.00515034,-0.00066456
4146.75,0.00536973,-0.000356775
4147,0.006510345,-0.00039405
4147.25,0.005709465,-0.00074976
4147.5,0.006921435,-0.0006177
4147.75,0.00637509,-0.000776385
4148,0.006503955,-0.00143775
4148.25,0.005896905,-0.001485675
4148.5,0.005600835,-0.00145053
4148.75,0.006348465,-0.000627285
4149,0.005686035,-0.000682665
4149.25,0.005340975,-0.001751925
4149.5,0.00582129,-0.001692285
4149.75,0.005873475,-0.0018957
4150,0.005690295,-0.001244985
4150.25,0.00595122,-0.00136746
4150.5,0.005502855,-0.00140793
4150.75,0.006180195,-0.000567645
4151,0.00585324,-0.00092655
4151.25,0.005394225,-0.002054385
4151.5,0.006165285,-0.001930845
4151.75,0.005943765,-0.002365365
4152,0.00555078,-0.00179559
4152.25,0.00648585,-0.001027725
4152.5,0.00623451,-0.00060492
4152.75,0.00637296,-0.000729525
4153,0.006440055,-0.000955305
4153.25,0.005424045,-0.001585785
4153.5,0.00595122,-0.001756185
4153.75,0.00560829,-0.00193617
4154,0.005617875,-0.001952145
4154.25,0.005962935,-0.00185523
4154.5,0.00603003,-0.00182541
4154.75,0.00697362,-0.00065391
4155,0.00752955,-0.000390855
4155.25,0.006146115,-0.0015549
4155.5,0.00616848,-0.002192835
4155.75,0.00653484,-0.00224076
4156,0.00585324,-0.002273775
4156.25,0.00627285,-0.002352585
4156.5,0.005668995,-0.001136355
4156.75,0.006680745,-0.000301395
4157,0.00640704,-0.001083105
4157.25,0.0060066,-0.001592175
4157.5,0.006480525,-0.00105009
4157.75,0.006567855,-0.001019205
4158,0.0054528,-0.00147396
4158.25,0.00577869,-0.00126309
4158.5,0.00564024,-0.00107991
4158.75,0.00648585,-0.00028542
4159,0.00593631,-0.000603855
4159.25,0.00834534,-0.000944655
4159.5,0.03251445,-0.00102666
4159.75,0.03089139,-0.000938265
4160,0.040068495,-0.000499485
4160.25,0.04739463,-0.000963825
4160.5,0.05525433,-0.00131847
4160.75,0.06323544,-0.001894635
4161,0.074295465,-0.002269515
4161.25,0.077701335,-0.00233022
4161.5,0.08785398,-0.002797755
4161.75,0.101783115,-0.003078915
4162,0.10178418,-0.00319074
4162.25,0.099033285,-0.002505945
4162.5,0.09123216,-0.003364335
4162.75,0.098530605,-0.00333132
4163,0.101849145,-0.002748765
4163.25,0.09823773,-0.0032589
4163.5,0.106015425,-0.003091695
4163.75,0.10584396,-0.00438567
4164,0.10804425,-0.004324965
4164.25,0.104530815,-0.004981005
4164.5,0.10468098,-0.004016115
4164.75,0.11058534,-0.00476481
4165,0.09189885,-0.00454968
4165.25,0.083937975,-0.00502893
4165.5,0.09423333,-0.003519825
4165.75,0.08955798,-0.002906385
4166,0.08698494,-0.00361461
4166.25,0.090655995,-0.00380844
4166.5,0.08974755,-0.00397032
4166.75,0.08152575,-0.00371472
4167,0.084142455,-0.00354219
4167.25,0.08711913,-0.004476195
4167.5,0.064765845,-0.003164115
4167.75,0.0652206,-0.00223437
4168,0.065651925,-0.002753025
4168.25,0.070163265,-0.003447405
4168.5,0.064535805,-0.002763675
4168.75,0.063223725,-0.001856295
4169,0.072218715,-0.00255387
4169.25,0.074778975,-0.002503815
4169.5,0.06582765,-0.003091695
4169.75,0.056893365,-0.00240264
4170,0.04914549,-0.000974475
4170.25,0.04712199,-0.00079662
4170.5,0.03304695,-0.000914835
4170.75,0.01383222,-0.00121836
4171,0.008437995,-0.000940395
4171.25,0.009010965,-0.000972345
4171.5,0.008433735,-0.00082218
4171.75,0.007006635,-0.000938265
4172,0.007496535,-0.000855195
4172.25,0.006966165,-0.00041322
4172.5,0.00662217,-0.000620895
4172.75,0.00650076,-0.00123114
4173,0.0064326,-0.001477155
4173.25,0.00639213,-0.001483545
4173.5,0.006350595,-0.001481415
4173.75,0.00586176,-0.00128439
4174,0.00541659,-0.00137598
4174.25,0.00590436,-0.001786005
4174.5,0.00622173,-0.001351485
4174.75,0.00684369,-0.000791295
4175,0.006627495,-0.001002165
4175.25,0.00675423,-0.00062196
4175.5,0.00723135,-0.00096915
4175.75,0.006714825,-0.002352585
4176,0.00694806,-0.001042635
4176.25,0.006936345,-0.00110973
4176.5,0.006440055,-0.001417515
4176.75,0.005943765,-0.001894635
4177,0.006282435,-0.002160885
4177.25,0.006552945,-0.001971315
4177.5,0.006821325,-0.00108843
4177.75,0.007136565,-0.00084348
4178,0.006099255,-0.001509105
4178.25,0.006412365,-0.001594305
4178.5,0.0067734,-0.00165714
4178.75,0.006386805,-0.001227945
4179,0.00685008,-0.0006816
4179.25,0.006944865,-0.00076041
4179.5,0.006770205,-0.00157833
4179.75,0.00632823,-0.00197664
4180,0.00685008,-0.001854165
4180.25,0.006868185,-0.001758315
4180.5,0.00668394,-0.00116724
4180.75,0.006793635,-0.000876495
4181,0.006335685,-0.001730625
4181.25,0.006667965,-0.00190209
4181.5,0.00649437,-0.002020305
4181.75,0.006584895,-0.00196599
4182,0.006672225,-0.001709325
4182.25,0.00688416,-0.001281195
4182.5,0.006403845,-0.00107352
4182.75,0.0067521,-0.00093294
4183,0.00622812,-0.000612375
4183.25,0.010391205,-0.000314175
4183.5,0.028419525,-0.000853065
4183.75,0.038485905,-0.00120345
4184,0.05055768,-0.001068195
4184.25,0.05254284,-0.000286485
4184.5,0.058090425,-0.0014484
4184.75,0.06684153,-0.002746635
4185,0.08121264,-0.00301182
4185.25,0.08584539,-0.00316731
4185.5,0.091614495,-0.003807375
4185.75,0.09507042,-0.00488409
4186,0.09882348,-0.004103445
4186.25,0.09313851,-0.003756255
4186.5,0.08765802,-0.00269019
4186.75,0.08737686,-0.00265611
4187,0.095661495,-0.00246441
4187.25,0.101474265,-0.003198195
4187.5,0.095974605,-0.00417054
4187.75,0.0979587,-0.00282438
4188,0.09918984,-0.00350385
4188.25,0.083371395,-0.00420036
4188.5,0.078710955,-0.00400014
4188.75,0.084395925,-0.00404061
4189,0.077631045,-0.003941565
4189.25,0.07245621,-0.00375093
4189.5,0.08232876,-0.0040683
4189.75,0.087331065,-0.00408534
4190,0.07838613,-0.00395967
4190.25,0.08202843,-0.0036849
4190.5,0.072431715,-0.0028116
4190.75,0.079807905,-0.003873405
4191,0.081727035,-0.003654015
4191.25,0.071381625,-0.003879795
4191.5,0.063538965,-0.003345165
4191.75,0.074246475,-0.0041109
4192,0.07459686,-0.00379779
4192.25,0.080708895,-0.00408534
4192.5,0.08134683,-0.0026838
4192.75,0.078523515,-0.002182185
4193,0.071400795,-0.002158755
4193.25,0.074293335,-0.001615605
4193.5,0.079113525,-0.00194469
4193.75,0.073066455,-0.00307572
4194,0.059040405,-0.0035997
4194.25,0.04448292,-0.003083175
4194.5,0.036560385,-0.00329937
4194.75,0.03832509,-0.002963895
4195,0.02392203,-0.00274344
4195.25,0.0145905,-0.001170435
4195.5,0.0086265,-0.00073485
4195.75,0.00880542,-0.001289715
4196,0.00934857,-0.001349355
4196.25,0.009177105,-0.000991515
4196.5,0.009360285,-0.000812595
4196.75,0.009038655,-0.00124605
4197,0.007803255,-0.00142923
4197.25,0.008723415,-0.00138663
4197.5,0.0090738,-0.0011715
4197.75,0.009394365,-0.00130995
4198,0.00960204,-0.000948915
4198.25,0.00977457,1.704e-05
4198.5,0.008457165,-0.00111825
4198.75,0.0063474,-0.001066065
4199,0.006423015,-0.00100749
4199.25,0.006953385,-0.000710355
4199.5,0.007336785,-0.0013632
4199.75,0.00660726,-0.001426035
4200,0.005918205,-0.001549575
4200.25,0.00639852,-0.001509105
4200.5,0.006751035,-0.00149526
4200.75,0.006120555,-0.00151443
4201,0.006531645,-0.00143349
4201.25,0.00599169,-0.000978735
4201.5,0.007649895,-0.000373815
4201.75,0.007673325,-0.00037914
4202,0.0071994,-0.000806205
4202.25,0.006995985,-0.000578295
4202.5,0.007104615,-0.00125031
4202.75,0.00633675,-0.00139302
4203,0.006542295,-0.00147183
4203.25,0.00684582,-0.0015336
4203.5,0.006563595,-0.00138876
4203.75,0.00647733,-0.00164649
4204,0.006567855,-0.001577265
4204.25,0.00658596,-0.00149739
4204.5,0.00644538,-0.001281195
4204.75,0.00667329,-0.001321665
4205,0.006559335,-0.00137385
4205.25,0.007545525,-0.00028542
4205.5,0.007592385,0.000273705
4205.75,0.007483755,-0.00046647
4206,0.005590185,-0.001195995
4206.25,0.007138695,-0.000989385
4206.5,0.007997085,-0.0014697
4206.75,0.01978557,-0.00159324
4207,0.018193395,-0.000946785
4207.25,0.01703148,-0.000512265
4207.5,0.016757775,-0.000416415
4207.75,0.015381795,-0.000537825
4208,0.02009655,-0.000429195
4208.25,0.029761425,-0.000563385
4208.5,0.029593155,-0.00046434
4208.75,0.056857155,-0.000848805
4209,0.063349395,-0.00233661
4209.25,0.0677127,-0.002209875
4209.5,0.064989495,-0.00414285
4209.75,0.07212606,-0.004565655
4210,0.071370975,-0.00388086
4210.25,0.067711635,-0.00372324
4210.5,0.06162303,-0.00364869
4210.75,0.061153365,-0.004561395
4211,0.06291168,-0.004220595
4211.25,0.065445315,-0.004797825
4211.5,0.06516735,-0.00440271
4211.75,0.067811745,-0.00593418
4212,0.065762685,-0.00679044
4212.25,0.067592355,-0.00601725
4212.5,0.05549715,-0.00564876
4212.75,0.062586855,-0.005117325
4213,0.061826445,-0.00461997
4213.25,0.055121205,-0.00468174
4213.5,0.056162775,-0.00553374
4213.75,0.059240625,-0.006009795
4214,0.07856292,-0.00660087
4214.25,0.07531893,-0.00569349
4214.5,0.07023675,-0.00505236
4214.75,0.08444598,-0.005119455
4215,0.0793212,-0.005899035
4215.25,0.07161912,-0.00597891
4215.5,0.07284813,-0.004789305
4215.75,0.06979158,-0.00429195
4216,0.06650712,-0.00399801
4216.25,0.06421311,-0.004529445
4216.5,0.05995524,-0.00359331
4216.75,0.05920335,-0.00365295
4217,0.059091525,-0.002789235
4217.25,0.053496015,-0.00316305
4217.5,0.04926903,-0.003560295
4217.75,0.03681918,-0.00144201
4218,0.036826635,-0.000852
4218.25,0.032692305,-0.001076715
4218.5,0.03378819,-0.00070716
4218.75,0.03225885,-0.000778515
4219,0.02855478,-0.001076715
4219.25,0.024383175,-0.000420675
4219.5,0.023733525,-0.000539955
4219.75,0.021771795,-0.000412155
4220,0.023957175,-0.000269445
4220.25,0.02422662,-5.325e-05
4220.5,0.027346005,-0.00019596
4220.75,0.026106345,-0.000959565
4221,0.02485071,-0.000948915
4221.25,0.020214765,-0.00123327
4221.5,0.028937115,-0.00083283
4221.75,0.02257587,-0.000940395
4222,0.02517447,-0.000889275
4222.25,0.02983065,-0.000186375
4222.5,0.006657315,0.000113955
4222.75,0.005986365,6.7095e-05
4223,0.00572118,-0.000944655
4223.25,0.00538464,-0.001479285
4223.5,0.00559338,-0.00118428
4223.75,0.005228085,-0.000893535
4224,0.005012955,-0.00095424
4224.25,0.00578721,-0.00118641
4224.5,0.005366535,-0.000912705
4224.75,0.00473073,-0.00111186
4225,0.006101385,0.000182115
4225.25,0.00687351,0.00053463
4225.5,0.0057084,-0.0015336
4225.75,0.00547836,-0.001364265
4226,0.00556356,-0.001187475
4226.25,0.00554652,-0.001059675
4226.5,0.00475629,-0.00110334
4226.75,0.00544854,-0.00107778
4227,0.005945895,-0.001110795
4227.25,0.00646881,-0.0007668
4227.5,0.00631545,-0.00028968
4227.75,0.00634314,-0.00010011
4228,0.00613653,-0.000495225
4228.25,0.00591075,-0.00107352
4228.5,0.005019345,-0.00098832
4228.75,0.0047286,-0.001010685
4229,0.00576804,-0.001151265
4229.25,0.00563811,-0.00125457
4229.5,0.00588519,-0.00073698
4229.75,0.00652632,-0.000397245
4230,0.00599808,-0.00010011
4230.25,0.00622386,-0.000497355
4230.5,0.00570414,-0.000539955
4230.75,0.005920335,-0.000260925
4231,0.00609819,-0.000431325
4231.25,0.020389425,-0.00081153
4231.5,0.02587311,-0.000710355
4231.75,0.03730695,-0.001406865
4232,0.03202242,-0.001545315
4232.25,0.047074065,-0.001768965
4232.5,0.053956095,-0.002412225
4232.75,0.06118851,-0.0035784
4233,0.05114769,-0.0038553
4233.25,0.06191271,-0.004060845
4233.5,0.087810315,-0.004052325
4233.75,0.086479065,-0.004944795
4234,0.088860405,-0.003730695
4234.25,0.09456774,-0.004727535
4234.5,0.07971525,-0.003153465
4234.75,0.088336425,-0.00282225
4235,0.10179909,-0.00288615
4235.25,0.104187885,-0.00420675
4235.5,0.104760855,-0.00508644
4235.75,0.103024905,-0.004808475
4236,0.104720385,-0.005234475
4236.25,0.11018064,-0.005541195
4236.5,0.099388995,-0.00493095
4236.75,0.09567108,-0.00470091
4237,0.10520922,-0.00533565
4237.25,0.11306253,-0.00571692
4237.5,0.11170785,-0.00612162
4237.75,0.111027315,-0.006374025
4238,0.100136625,-0.005845785
4238.25,0.115297965,-0.00672867
4238.5,0.1077567,-0.004855335
4238.75,0.100121715,-0.00507153
4239,0.11294964,-0.0038553
4239.25,0.105683145,-0.004778655
4239.5,0.100666995,-0.005375055
4239.75,0.092862675,-0.00547197
4240,0.097401705,-0.005368665
4240.25,0.08313816,-0.005266425
4240.5,0.068844795,-0.00529305
4240.75,0.07317615,-0.005756325
4241,0.07584717,-0.00514821
4241.25,0.06899283,-0.003737085
4241.5,0.05556744,-0.005179095
4241.75,0.054039165,-0.00483297
4242,0.04636158,-0.005311155
4242.25,0.04561821,-0.003913875
4242.5,0.02836308,-0.000876495
4242.75,0.026773035,-0.0011502
4243,0.026391765,-0.00115446
4243.25,0.02625225,-0.00097767
4243.5,0.02529801,-0.00119919
4243.75,0.024095625,-0.001155525
4244,0.02879547,-0.000324825
4244.25,0.03067413,-0.00039405
4244.5,0.022683435,-0.000548475
4244.75,0.01582164,-0.000429195
4245,0.01589406,-0.00047499
4245.25,0.015337065,-0.000490965
4245.5,0.01593453,-0.000141645
4245.75,0.0145053,-0.000784905
4246,0.01542333,-0.00119067
4246.25,0.015077205,-0.001298235
4246.5,0.01450317,-0.00108417
4246.75,0.015239085,-0.001174695
4247,0.015400965,-0.00119067
4247.25,0.015058035,-0.001336575
4247.5,0.01631154,-0.000375945
4247.75,0.016561815,0.00043665
4248,0.01483119,-0.0004047
4248.25,0.01494621,-0.001157655
4248.5,0.01366395,-0.001304625
4248.75,0.01350207,-0.000776385
4249,0.01498029,-0.00090951
4249.25,0.015311505,-0.00102879
4249.5,0.014985615,-0.00081153
4249.75,0.015978195,-0.00068373
4250,0.01548936,-0.000891405
4250.25,0.015697035,0.000426
4250.5,0.01636692,0.0005325
4250.75,0.015469125,-0.000914835
4251,0.014872725,-0.00118428
4251.25,0.01616457,-0.00114381
4251.5,0.01490787,-0.001095885
4251.75,0.014783265,-0.00110547
4252,0.015002655,-0.001080975
4252.25,0.01460115,-0.00117789
4252.5,0.013618155,-0.000991515
4252.75,0.01433916,-0.00078597
4253,0.015209265,-6.39e-05
4253.25,0.01540842,0.000399375
4253.5,0.01649046,-0.0002556
4253.75,0.01476516,-0.001100145
4254,0.015479775,-0.00102666
4254.25,0.015356235,-0.000980865
4254.5,0.01538712,-0.000880755
4254.75,0.01515495,-0.00075828
4255,0.016563945,-0.00074763
4255.25,0.02420319,-0.00108204
4255.5,0.04314528,-0.00149526
4255.75,0.04981857,-0.001189605
4256,0.05023605,-0.000927615
4256.25,0.05487306,-0.001969185
4256.5,0.059278965,-0.0014058
4256.75,0.068371935,-0.001969185
4257,0.07223043,-0.00269019
4257.25,0.089887065,-0.00278178
4257.5,0.097124805,-0.00369342
4257.75,0.09881496,-0.003238665
4258,0.0903546,-0.003042705
4258.25,0.099587085,-0.003166245
4258.5,0.084127545,-0.002045865
4258.75,0.093307845,-0.00306507
4259,0.085720785,-0.003973515
4259.25,0.0945933,-0.00369981
4259.5,0.10381833,-0.003877665
4259.75,0.094289775,-0.004674285
4260,0.083371395,-0.004863855
4260.25,0.081096555,-0.004597605
4260.5,0.07466715,-0.004555005
4260.75,0.076572435,-0.004804215
4261,0.065232315,-0.003093825
4261.25,0.071509425,-0.003398415
4261.5,0.066981045,-0.004416555
4261.75,0.06457521,-0.004422945
4262,0.08156835,-0.00501402
4262.25,0.09362628,-0.004736055
4262.5,0.098928915,-0.00501402
4262.75,0.09814614,-0.005803185
4263,0.08856327,-0.004244025
4263.25,0.068789415,-0.004874505
4263.5,0.0615144,-0.00493734
4263.75,0.06612585,-0.00510987
4264,0.06611733,-0.004968225
4264.25,0.06266673,-0.004716885
4264.5,0.065813805,-0.00357414
4264.75,0.06340371,-0.00286272
4265,0.063287625,-0.00218538
4265.25,0.066665805,-0.001195995
4265.5,0.059268315,-0.00306294
4265.75,0.043553175,-0.0037062
4266,0.044098455,-0.00360396
4266.25,0.02833752,-0.000872235
4266.5,0.025347,-0.00099684
4266.75,0.02385174,-0.001095885
4267,0.01555326,-0.000682665
4267.25,0.016027185,-0.000154425
4267.5,0.01730412,0.00030885
4267.75,0.01602825,-3.195e-06
4268,0.011673465,-0.00050268
4268.25,0.004301535,-0.00102027
4268.5,0.00459867,-0.001164045
4268.75,0.005191875,-0.00141219
4269,0.00476055,-0.00140154
4269.25,0.004657245,-0.001530405
4269.5,0.00572757,-0.00056871
4269.75,0.00605985,-0.000614505
4270,0.00552522,-0.001178955
4270.25,0.00502467,-0.000825375
4270.5,0.00469239,-0.00046647
4270.75,0.004836165,-0.00049629
4271,0.00436863,-0.001202385
4271.25,0.00479463,-0.00126522
4271.5,0.004644465,-0.00183819
4271.75,0.00473712,-0.001151265
4272,0.00505236,-0.000395115
4272.25,0.005091765,-0.000525045
4272.5,0.00461358,-0.000563385
4272.75,0.00417267,2.6625e-05
4273,0.00450069,-0.000173595
4273.25,0.00514821,-0.00020022
4273.5,0.00517377,-0.00026412
4273.75,0.00458376,-0.00067734
4274,0.00464127,-0.000782775
4274.25,0.00547623,-0.000363165
4274.5,0.00516312,-0.00020022
4274.75,0.004623165,-0.000433455
4275,0.004333485,-0.000793425
4275.25,0.00424722,-0.00075189
4275.5,0.0043878,-0.0008733
4275.75,0.004670025,-0.00086691
4276,0.004342005,-0.00068799
4276.25,0.00500124,-0.000380205
4276.5,0.004789305,-0.00020874
4276.75,0.004214205,-0.00056445
4277,0.00496716,-0.00021087
4277.25,0.00499911,-0.00028116
4277.5,0.005004435,-0.000885015
4277.75,0.004320705,-0.00093081
4278,0.004687065,-0.0009798
4278.25,0.004497495,-0.00098193
4278.5,0.0045795,-0.00095424
4278.75,0.00455607,-0.000780645
4279,0.00430899,-0.000682665
4279.25,0.004851075,-0.00041748
4279.5,0.00431751,-0.00011502
4279.75,0.004220595,-0.000103305
4280,0.003496395,-6.39e-06
4280.25,0.00340587,-5.4315e-05
4280.5,0.00300969,0.00013419
4280.75,0.00308424,-0.0001917
4281,0.00524406,-0.00015123
4281.25,0.020236065,-8.52e-06
4281.5,0.02144058,4.26e-06
4281.75,0.021077415,1.065e-06
4282,0.01807518,-5.751e-05
4282.25,0.022366065,3.195e-06
4282.5,0.01701444,-0.000109695
4282.75,0.017978265,6.816e-05
4283,0.014216685,0.00010437
4283.25,0.018257295,-4.899e-05
4283.5,0.020263755,0
4283.75,0.022832535,0.000486705
4284,0.033075705,0.000539955
4284.25,0.02762184,0.000527175
4284.5,0.02885511,0.00031098
4284.75,0.030719925,3.3015e-05
4285,0.024843255,-5.964e-05
4285.25,0.030291795,0.00039405
4285.5,0.026459925,0.000488835
4285.75,0.03370512,0.000422805
4286,0.027697455,0.00024282
4286.25,0.02860164,0.00032376
4286.5,0.02932797,0.00034506
4286.75,0.01313997,-0.000356775
4287,0.01436046,-0.000471795
4287.25,0.013066485,-0.000250275
4287.5,0.012529725,4.473e-05
4287.75,0.011694765,0
4288,0.012086685,-0.00028542
4288.25,0.013515915,-9.159e-05
4288.5,0.005157795,-0.000214065
4288.75,0.00375732,-0.000674145
4289,0.00444744,-0.00065604
4289.25,0.0040896,-0.000495225
4289.5,0.005145015,-0.000631545
4289.75,0.00583407,-0.000220455
4290,0.006103515,-0.00023856
4290.25,0.00600447,-0.000646455
4290.5,0.00558486,-0.000584685
4290.75,0.006122685,-0.00018105
4291,0.00611736,-0.00017466
4291.25,0.00565941,-0.00065391
4291.5,0.00576804,-0.00091803
4291.75,0.005230215,-0.0010011
4292,0.00529731,-0.00063474
4292.25,0.00532713,-0.00027903
4292.5,0.00492669,-0.000778515
4292.75,0.005336715,-0.001083105
4293,0.004876635,-0.00135255
4293.25,0.004750965,-0.001360005
4293.5,0.00499485,-0.0014697
4293.75,0.00594057,-0.00068799
4294,0.005950155,-0.000640065
4294.25,0.00465618,-0.001217295
4294.5,0.0053037,-0.000237495
4294.75,0.00544002,-0.000252405
4295,0.00511839,-0.001038375
4295.25,0.00489048,-0.001238595
4295.5,0.00523128,-0.00145479
4295.75,0.00535269,-0.001357875
4296,0.00499059,-0.00145692
4296.25,0.005560365,-0.00079023
4296.5,0.005762715,-0.00045795
4296.75,0.00488409,-0.000978735
4297,0.0055167,-0.00037275
4297.25,0.00603855,-0.000580425
4297.5,0.00519081,-0.001272675
4297.75,0.00532287,-0.00114168
4298,0.00534417,-0.00113742
4298.25,0.00549966,-0.001281195
4298.5,0.005228085,-0.001253505
4298.75,0.005543325,-0.001219425
4299,0.00536973,-0.001191735
4299.25,0.006369765,-0.0002556
4299.5,0.007411335,0.00050694
4299.75,0.00596613,-0.00073059
4300,0.00527814,-0.0014058
4300.25,0.00510774,-0.001477155
4300.5,0.00515034,-0.001575135
4300.75,0.005159925,-0.00148674
4301,0.00568071,-0.000657105
4301.25,0.005313285,-0.00125031
4301.5,0.00534843,-0.00157833
4301.75,0.00594057,-0.00057723
4302,0.00695445,0.00064113
4302.25,0.006561465,-0.000627285
4302.5,0.00551883,-0.001896765
4302.75,0.00571905,-0.00183819
4303,0.0060279,-0.00162732
4303.25,0.00569775,-0.0013632
4303.5,0.00529944,-0.00145053
4303.75,0.005679645,-0.00128013
4304,0.00420036,-0.00075402
4304.25,0.00405552,-8.52e-05
4304.5,0.004352655,0.00019809
4304.75,0.004118355,-0.000211935
4305,0.003509175,-0.000644325
4305.25,0.00392559,-0.000465405
4305.5,0.003581595,-0.000510135
4305.75,0.003475095,-0.000348255
4306,0.00334836,-0.000260925
4306.25,0.00338031,-0.000297135
4306.5,0.002614575,3.834e-05
4306.75,0.002921295,0
4307,0.003234405,-1.704e-05
4307.25,0.003681705,-0.00010224
4307.5,0.003762645,-0.00019596
4307.75,0.00370194,-0.00032163
4308,0.003247185,-0.000412155
4308.25,0.003355815,-0.00045156
4308.5,0.00316944,-0.000382335
4308.75,0.00323121,-0.000431325
4309,0.00315666,3.408e-05
4309.25,0.00321204,-8.52e-05
4309.5,0.00294366,-0.00060279
4309.75,0.003619935,-0.000226845
4310,0.003935175,-0.00032376
4310.25,0.003277005,-0.000605985
4310.5,0.003302565,-0.000633675
4310.75,0.003911745,-0.00075615
4311,0.004154565,-0.00050055
4311.25,0.004829775,0.000412155
4311.5,0.003636975,-5.325e-05
4311.75,0.00336753,-0.000535695
4312,0.00339309,-0.00064326
4312.25,0.004222725,-0.000179985
4312.5,0.00405126,-5.6445e-05
4312.75,0.00338031,-0.00013632
4313,0.003720045,-0.000160815
4313.25,0.00426,-0.00026199
4313.5,0.005149275,-4.26e-05
4313.75,0.00535908,-0.000241755
4314,0.00501189,-0.000797685
4314.25,0.00490965,-0.000693315
4314.5,0.00535695,-0.000757215
4314.75,0.005121585,-0.000821115
4315,0.0061557,-0.000569775
4315.25,0.005801055,-0.00028329
4315.5,0.005287725,-0.00064965
4315.75,0.00593205,-0.00021726
4316,0.006082215,-0.00020874
4316.25,0.00496077,-0.000810465
4316.5,0.00483723,-0.001063935
4316.75,0.00502893,-0.00110334
4317,0.00499911,-0.00098832
4317.25,0.00499485,-0.00122901
4317.5,0.00499485,-0.000825375
4317.75,0.005338845,-0.000508005
4318,0.005666865,-0.000205545
4318.25,0.005668995,-0.00020235
4318.5,0.00482658,-0.000652845
4318.75,0.004981005,-0.001119315
4319,0.00537612,-0.00134829
4319.25,0.00490539,-0.001524015
4319.5,0.00533139,-0.001370655
4319.75,0.005398485,-0.001573005
4320,0.005153535,-0.00155064
4320.25,0.00534843,-0.001306755
4320.5,0.006186585,0.00031524
4320.75,0.006116295,0.00037062
4321,0.005658345,-0.001462245
4321.25,0.00588732,-0.00088395
4321.5,0.005096025,-0.001293975
4321.75,0.00507153,-0.00168057
4322,0.0048777,-0.001426035
4322.25,0.004810605,-0.00130782
4322.5,0.00492882,-0.00130782
4322.75,0.0052185,-0.001270545
4323,0.00564876,-0.00042387
4323.25,0.00566154,-0.0004899
4323.5,0.005622135,-0.000814725
4323.75,0.005828745,-0.000633675
4324,0.00546984,-0.00119067
4324.25,0.004942665,-0.001046895
4324.5,0.00480102,-0.000791295
4324.75,0.00454116,-0.00062835
4325,0.004893675,-0.000740175
4325.25,0.00485853,-0.000844545
4325.5,0.00582342,-0.00105648
4325.75,0.005826615,-0.000277965
4326,0.005364405,-0.000282225
4326.25,0.005191875,-0.00065604
4326.5,0.005788275,-0.00054315
4326.75,0.00536973,-0.000348255
4327,0.004787175,-0.0005325
4327.25,0.016480875,-0.00109482
4327.5,0.032106555,-0.00094572
4327.75,0.034347315,-0.00217473
4328,0.04519434,-0.00356349
4328.25,0.04338171,-0.002661435
4328.5,0.035708385,-0.003807375
4328.75,0.04152861,-0.002912775
4329,0.05296884,-0.00384039
4329.25,0.057941325,-0.00422166
4329.5,0.070661685,-0.00467535
4329.75,0.071300685,-0.005215305
4330,0.069458235,-0.005076855
4330.25,0.07348713,-0.005451735
4330.5,0.06914193,-0.004774395
4330.75,0.07191732,-0.005843655
4331,0.081639705,-0.00526749
4331.25,0.081863355,-0.00525897
4331.5,0.090353535,-0.005113065
4331.75,0.086359785,-0.003999075
4332,0.085309695,-0.005607225
4332.25,0.078333945,-0.006105645
4332.5,0.08001345,-0.004714755
4332.75,0.081337245,-0.00433455
4333,0.074836485,-0.002893605
4333.25,0.075432885,-0.00284994
4333.5,0.074154885,-0.00326103
4333.75,0.072529695,-0.003355815
4334,0.073780005,-0.00286272
4334.25,0.077737545,-0.00418332
4334.5,0.08484216,-0.00510561
4334.75,0.076463805,-0.00418758
4335,0.080561925,-0.00402783
4335.25,0.076338135,-0.003873405
4335.5,0.072968475,-0.00413859
4335.75,0.07930629,-0.004936275
4336,0.07873971,-0.002776455
4336.25,0.07958319,-0.003841455
4336.5,0.083631255,-0.00360396
4336.75,0.078802545,-0.002522985
4337,0.072438105,0.000295005
4337.25,0.10005249,0.002819055
4337.5,0.10678968,0.002742375
4337.75,0.09640806,0.00316518
4338,0.079752525,0.00272853
4338.25,0.075411585,0.00202563
4338.5,0.058371585,0.001545315
4338.75,0.052701525,0.002716815
4339,0.045759855,0.00188931
4339.25,0.045314685,0.001792395
4339.5,0.043749135,0.00173169
4339.75,0.04303878,0.002258865
4340,0.040298535,0.00181689
4340.25,0.04450209,0.001240725
4340.5,0.041976975,0.00201285
4340.75,0.044982405,0.002763675
4341,0.046524525,0.003172635
4341.25,0.04369269,0.00292875
4341.5,0.04418472,0.003206715
4341.75,0.04462137,0.00343569
4342,0.04153287,0.00290532
4342.25,0.03536865,0.003632715
4342.5,0.03854022,0.004344135
4342.75,0.0395541,0.00526749
4343,0.03380736,0.004465545
4343.25,0.03813978,0.00469665
4343.5,0.039248445,0.00712272
4343.75,0.03217578,0.00751038
4344,0.0277539,0.00416202
4344.25,0.035631705,0.00472647
4344.5,0.03555822,0.00522063
4344.75,0.03384996,0.005592315
4345,0.033416505,0.006041745
4345.25,0.02895948,0.00626859
4345.5,0.034932,0.00636657
4345.75,0.038458215,0.006923565
4346,0.03768822,0.006831975
4346.25,0.03072525,0.00647307
4346.5,0.0360396,0.006212145
4346.75,0.0410025,0.006987465
4347,0.03464445,0.006691395
4347.25,0.028215045,0.00772125
4347.5,0.03474456,0.00706521
4347.75,0.035075775,0.00683091
4348,0.03330681,0.007123785
4348.25,0.02957931,0.007464585
4348.5,0.03238878,0.00546345
4348.75,0.03161133,0.005764845
4349,0.030178905,0.00618339
4349.25,0.033207765,0.006650925
4349.5,0.034605045,0.006844755
4349.75,0.03597357,0.005901165
4350,0.03052503,0.006365505
4350.25,0.038543415,0.007805385
4350.5,0.041574405,0.006682875
4350.75,0.03410982,0.003918135
4351,0.030928665,0.002454825
4351.25,0.055666485,0.00224076
4351.5,0.05833857,0.002041605
4351.75,0.04529445,0.00137172
4352,0.051996495,6.9225e-05
4352.25,0.06703962,0.00058575
4352.5,0.05242143,-0.00015336
4352.75,0.051704685,8.307e-05
4353,0.065174805,0.00015549
4353.25,0.091527165,0.0018744
4353.5,0.094690215,0.001059675
4353.75,0.09955407,0.00045795
4354,0.093571965,0.00010863
4354.25,0.089848725,-5.0055e-05
4354.5,0.08859309,0.000103305
4354.75,0.101776725,0.000288615
4355,0.108217845,0.000821115
4355.25,0.1110156,0.00126522
4355.5,0.114627015,0.00209592
4355.75,0.12148881,0.000919095
4356,0.112656765,0.0001491
4356.25,0.107221005,4.047e-05
4356.5,0.098796855,-0.00017466
4356.75,0.101480655,-0.00031524
4357,0.086434335,0.000407895
4357.25,0.094249305,0.000350385
4357.5,0.081396885,-0.000373815
4357.75,0.101589285,-0.001049025
4358,0.10568634,-0.00143136
4358.25,0.113208435,-0.00099897
4358.5,0.110643915,-0.000895665
4358.75,0.13114623,-0.001283325
4359,0.100884255,-0.000629415
4359.25,0.093094845,-0.00418758
4359.5,0.081296775,-0.003343035
4359.75,0.078962295,-0.00362526
4360,0.076992045,-0.004288755
4360.25,0.076653375,-0.003875535
4360.5,0.074231565,-0.00539742
4360.75,0.053355435,-0.00393624
4361,0.05130318,-0.00292875
4361.25,0.065803155,-0.002437785
4361.5,0.06300966,-0.001815825
4361.75,0.03739428,4.7925e-05
4362,0.035033175,-0.000284355
4362.25,0.03353259,-0.00040683
4362.5,0.01604955,-0.000356775
4362.75,0.016446795,-0.00071355
4363,0.005907555,-0.001181085
4363.25,0.00490752,-0.00101601
4363.5,0.004301535,-0.00086265
4363.75,0.00521424,-0.000546345
4364,0.005877735,-1.065e-05
4364.25,0.005617875,7.029e-05
4364.5,0.00506301,-0.00100323
4364.75,0.005317545,-0.001061805
4365,0.005262165,-0.001296105
4365.25,0.00492882,-0.00123114
4365.5,0.00518016,-0.00103305
4365.75,0.005264295,-0.001210905
4366,0.00489474,-0.001202385
4366.25,0.00477972,-0.001178955
4366.5,0.00496716,-0.00096915
4366.75,0.005064075,-0.00112038
4367,0.005087505,-0.001046895
4367.25,0.005760585,-0.000446235
4367.5,0.005664735,-8.946e-05
4367.75,0.00582129,-0.000126735
4368,0.005360145,-0.00115446
4368.25,0.005053425,-0.001289715
4368.5,0.0042813,-0.000488835
4368.75,0.00453264,-0.00053676
4369,0.00458589,-0.000697575
4369.25,0.00480315,-0.00056871
4369.5,0.00482445,-0.000750825
4369.75,0.004599735,-0.000733785
4370,0.004657245,-0.000880755
4370.25,0.00469452,-0.00082005
4370.5,0.004435725,-0.00077958
4370.75,0.004823385,-0.000925485
4371,0.00459654,-0.00084348
4371.25,0.00468174,-0.000976605
4371.5,0.005185485,-0.00078171
4371.75,0.00497568,-0.000752955
4372,0.00460293,-0.000833895
4372.25,0.004787175,-0.000769995
4372.5,0.00495012,-0.00083283
4372.75,0.004857465,-0.000780645
4373,0.004733925,-0.00090738
4373.25,0.00477972,-0.000846675
4373.5,0.00531009,-0.000776385
4373.75,0.004755225,-0.000887145
4374,0.00458163,-0.000761475
4374.25,0.005662605,-0.00079023
4374.5,0.00548049,-0.00052824
4374.75,0.005358015,-0.000269445
4375,0.004642335,-0.00017892
4375.25,0.015486165,0.000659235
4375.5,0.025352325,0.00233874
4375.75,0.03656571,0.00197877
4376,0.047958015,0.00019383
4376.25,0.04951824,-4.047e-05
4376.5,0.05123928,-0.000101175
4376.75,0.05829171,-0.00013206
4377,0.06105645,-7.1355e-05
4377.25,0.064184355,6.7095e-05
4377.5,0.081986895,-3.9405e-05
4377.75,0.09909825,0.00043026
4378,0.09323649,0.000456885
4378.25,0.091169325,-7.9875e-05
4378.5,0.085015755,-0.000505875
4378.75,0.08765376,-0.000503745
4379,0.08978589,-8.733e-05
4379.25,0.09464229,0.000137385
4379.5,0.099235635,0.000365295
4379.75,0.113585445,0.000676275
4380,0.112060365,0.00084987
4380.25,0.11131593,0.001102275
4380.5,0.09649965,0.0005964
4380.75,0.109898415,0.00103944
4381,0.09255063,0.000263055
4381.25,0.087316155,-6.9225e-05
4381.5,0.07827111,-3.408e-05
4381.75,0.105981345,-0.000706095
4382,0.09712587,-7.9875e-05
4382.25,0.09739212,0.00013632
4382.5,0.0857964,-0.000122475
4382.75,0.09194145,-0.00042387
4383,0.10280871,-0.00024069
4383.25,0.08873154,-0.00022152
4383.5,0.091970205,0.00042174
4383.75,0.08707014,0.00012993
4384,0.09794805,0.00037488
4384.25,0.110795145,0.00208953
4384.5,0.06748053,-0.00360822
4384.75,0.07256058,-0.004282365
4385,0.06506298,-0.003862755
4385.25,0.063558135,-0.003153465
4385.5,0.04009512,-0.00255174
4385.75,0.031503765,-0.00201498
4386,0.02865489,-0.00170187
4386.25,0.031603875,-0.001615605
4386.5,0.031554885,-0.001304625
4386.75,0.02538321,-0.001496325
4387,0.02352585,-0.00392133
4387.25,0.024749535,-0.00356775
4387.5,0.02077176,-0.00404274
4387.75,0.024408735,-0.00440058
4388,0.029041485,-0.004156695
4388.25,0.049391505,-0.001988355
4388.5,0.054533325,-0.00175938
4388.75,0.042547815,-0.00171039
4389,0.04586316,-0.00260712
4389.25,0.04670664,-0.001479285
4389.5,0.04785258,-0.00126096
4389.75,0.045242265,-0.0019596
4390,0.04001631,-0.00232809
4390.25,0.016135815,-0.00285633
4390.5,0.01751073,-0.003174765
4390.75,0.01668642,-0.002586885
4391,0.005732895,-0.00212787
4391.25,0.00630693,-0.0017679
4391.5,0.006516735,-0.001428165
4391.75,0.00642621,-0.001078845
4392,0.006048135,-0.001210905
4392.25,0.006546555,-0.00075402
4392.5,0.006618975,-0.000552735
4392.75,0.005236605,-0.00071994
4393,0.005096025,-0.00117576
4393.25,0.00596187,-0.00133551
4393.5,0.00508857,-0.00148035
4393.75,0.005302635,-0.00158259
4394,0.00501828,-0.001645425
4394.25,0.005935245,-0.001930845
4394.5,0.00507153,-0.001775355
4394.75,0.005988495,-0.001524015
4395,0.00653271,-0.00123327
4395.25,0.00524406,-0.001460115
4395.5,0.00554865,-0.001745535
4395.75,0.005385705,-0.001918065
4396,0.00485001,-0.00195747
4396.25,0.005798925,-0.000885015
4396.5,0.00549114,-0.0008094
4396.75,0.005545455,-0.001285455
4397,0.005151405,-0.00199794
4397.25,0.00558699,-0.00223011
4397.5,0.005764845,-0.00152508
4397.75,0.00570414,-0.001268415
4398,0.005751,-0.001336575
4398.25,0.00634953,-0.001159785
4398.5,0.00597678,-0.00104157
4398.75,0.00556569,-0.00126309
4399,0.005072595,-0.001172565
4399.25,0.01440093,0.0004686
4399.5,0.028583535,0.00119919
4399.75,0.026775165,0.00114381
4400,0.04274697,0.000401505
4400.25,0.05832153,-0.000224715
4400.5,0.06379137,1.704e-05
4400.75,0.068107815,-2.13e-05
4401,0.071929035,-0.000235365
4401.25,0.07650534,-0.00046647
4401.5,0.089303445,-0.00033654
4401.75,0.099957705,0.000120345
4402,0.098392155,-9.372e-05
4402.25,0.091222575,-0.00014697
4402.5,0.08669526,-0.000252405
4402.75,0.08605626,0.00017466
4403,0.099968355,-0.000512265
4403.25,0.098577465,-0.00032589
4403.5,0.101508345,-0.000495225
4403.75,0.10438491,0.00064326
4404,0.10445946,0.00163797
4404.25,0.100062075,0.001278
4404.5,0.104581935,0.00137385
4404.75,0.10989096,0.001719975
4405,0.099548745,0.00062622
4405.25,0.096969315,0.000167205
4405.5,0.09187968,0.000510135
4405.75,0.0842415,0.002584755
4406,0.08022006,0.002207745
4406.25,0.074521245,0.00106287
4406.5,0.08241396,0.001462245
4406.75,0.082012455,0.001213035
4407,0.07845003,0.00101601
4407.25,0.068450745,0.0012141
4407.5,0.055885875,0.001839255
4407.75,0.061530375,0.00163584
4408,0.0762966,0.001536795
4408.25,0.046622505,-0.00120984
4408.5,0.04832544,-0.00070929
4408.75,0.05014233,-0.001021335
4409,0.05062584,-0.001195995
4409.25,0.05230215,-0.000582555
4409.5,0.040590345,-0.000267315
4409.75,0.037352745,4.899e-05
4410,0.043272015,-0.00027051
4410.25,0.03385635,-0.000158685
4410.5,0.02035641,-0.000686925
4410.75,0.021548145,-0.000818985
4411,0.01996662,-0.00095211
4411.25,0.020212635,-0.000891405
4411.5,0.02165145,-0.000552735
4411.75,0.023154165,-0.00040257
4412,0.01930419,-0.000808335
4412.25,0.019976205,-0.00058575
4412.5,0.020159385,-0.0006816
4412.75,0.013581945,-0.00090099
4413,0.012101595,-0.001087365
4413.25,0.00626433,-0.000842415
4413.5,0.00468813,-0.0013206
4413.75,0.00540381,-0.001002165
4414,0.006152505,-0.0008094
4414.25,0.005157795,-0.002341935
4414.5,0.00479676,-0.002094855
4414.75,0.00448365,-0.002050125
4415,0.004891545,-0.00223011
4415.25,0.00520572,-0.00237495
4415.5,0.00538038,-0.00178494
4415.75,0.004719015,-0.00215343
4416,0.004356915,-0.00197025
4416.25,0.006229185,-0.000582555
4416.5,0.005747805,-0.000179985
4416.75,0.004463415,-0.001330185
4417,0.004865985,-0.00188718
4417.25,0.00426639,-0.001883985
4417.5,0.0047712,-0.00109056
4417.75,0.005153535,-0.00108843
4418,0.00479889,-0.001255635
4418.25,0.004891545,-0.001532535
4418.5,0.0052824,-0.00131634
4418.75,0.00605772,-0.0009585
4419,0.005049165,-0.001485675
4419.25,0.005875605,-0.00069012
4419.5,0.005617875,-0.00044943
4419.75,0.00551244,-0.000963825
4420,0.00515247,-0.001189605
4420.25,0.00465192,-0.00166566
4420.5,0.004371825,-0.00114381
4420.75,0.00449856,-0.001189605
4421,0.00443679,-0.001387695
4421.25,0.00473499,-0.00137598
4421.5,0.004501755,-0.001408995
4421.75,0.004765875,-0.00116724
4422,0.005208915,-0.00078597
4422.25,0.00541659,-0.00041109
4422.5,0.005502855,-0.000350385
4422.75,0.00506301,-0.000799815
4423,0.004927755,-0.000341865
4423.25,0.027101055,0.000840285
4423.5,0.042411495,7.881e-05
4423.75,0.05864742,0.00087756
4424,0.07136991,0.001149135
4424.25,0.07232202,0.00024495
4424.5,0.073285845,0.00013206
4424.75,0.07166385,0.000269445
4425,0.08359398,0.00068586
4425.25,0.095060835,0.00032589
4425.5,0.087437565,-9.372e-05
4425.75,0.092737005,-0.000175725
4426,0.10193967,0.00024495
4426.25,0.11477505,0.00059853
4426.5,0.102963135,0.00015762
4426.75,0.101717085,0.000222585
4427,0.118137255,9.2655e-05
4427.25,0.102202725,0.00025347
4427.5,0.10054239,0.00093933
4427.75,0.111817545,0.001238595
4428,0.099256935,0.00095637
4428.25,0.093307845,0.00042813
4428.5,0.090660255,0.00061131
4428.75,0.091020225,0.00071142
4429,0.078212535,0.001377045
4429.25,0.094613535,0.000948915
4429.5,0.08435013,-0.001517625
4429.75,0.07034538,-0.00354858
4430,0.06536331,-0.003443145
4430.25,0.06302457,-0.004572045
4430.5,0.04911567,-0.003317475
4430.75,0.04178208,-0.00301182
4431,0.04297914,-0.0034506
4431.25,0.05382936,-0.00370194
4431.5,0.03032055,-0.002471865
4431.75,0.021228645,-0.00218751
4432,0.025252215,-0.002343
4432.25,0.02410947,-0.00280734
4432.5,0.023573775,-0.002258865
4432.75,0.02459511,-0.00294579
4433,0.02371755,-0.002761545
4433.25,0.021094455,-0.002765805
4433.5,0.015735375,-0.00322695
4433.75,0.00983634,-0.00114594
4434,0.00908871,-0.00068799
4434.25,0.00820476,-0.00058788
4434.5,0.007590255,-0.00053676
4434.75,0.006589155,-0.0007668
4435,0.0064965,-0.000840285
4435.25,0.005096025,-0.000586815
4435.5,0.004111965,-0.00074124
4435.75,0.00517377,-0.000469665
4436,0.00508005,-0.00032589
4436.25,0.00452838,-0.000827505
4436.5,0.00431964,-0.000633675
4436.75,0.004039545,-0.000480315
4437,0.004322835,-0.000972345
4437.25,0.00422166,-0.00127161
4437.5,0.004469805,-0.001164045
4437.75,0.00471369,-0.00118215
4438,0.00511626,-0.00040044
4438.25,0.005317545,-0.0009372
4438.5,0.00450282,-0.001462245
4438.75,0.004597605,-0.001313145
4439,0.00405126,-0.0013206
4439.25,0.00440484,-0.00156981
4439.5,0.004963965,-0.00132486
4439.75,0.004910715,-0.000963825
4440,0.00410238,-0.00117789
4440.25,0.00478398,-0.00049842
4440.5,0.004648725,-0.00054315
4440.75,0.00336114,-0.001340835
4441,0.00340161,-0.00149952
4441.25,0.003958605,-0.001462245
4441.5,0.004388865,-0.001451595
4441.75,0.003728565,-0.001432425
4442,0.004007595,-0.001690155
4442.25,0.003766905,-0.00167631
4442.5,0.00498846,-0.00052824
4442.75,0.005323935,0.00027477
4443,0.004425075,-0.000831765
4443.25,0.00378075,-0.001483545
4443.5,0.003432495,-0.001121445
4443.75,0.00381057,-0.001112925
4444,0.00326955,-0.00098832
4444.25,0.00374454,-0.00113955
4444.5,0.00324612,-0.0010437
4444.75,0.00344634,-0.00096276
4445,0.0039192,-0.00092655
4445.25,0.00412794,-0.00057723
4445.5,0.00483723,2.2365e-05
4445.75,0.004324965,-0.000407895
4446,0.00397032,-0.001044765
4446.25,0.004484715,-0.001066065
4446.5,0.00426,-0.001002165
4446.75,0.004124745,-0.000791295
4447,0.00401292,-0.000544215
4447.25,0.004382475,-0.00055167
4447.5,0.003406935,-0.00028329
4447.75,0.005779755,-0.000473925
4448,0.02133195,-0.000250275
4448.25,0.02682735,-0.000105435
4448.5,0.025569585,0.000160815
4448.75,0.025695255,0.00013845
4449,0.015980325,-9.159e-05
4449.25,0.016749255,-0.000744435
4449.5,0.01581312,-0.00079662
4449.75,0.017256195,-0.00113529
4450,0.01808157,-0.000546345
4450.25,0.019729125,-2.0235e-05
4450.5,0.0223224,0.000456885
4450.75,0.023230845,7.881e-05
4451,0.030044715,7.242e-05
4451.25,0.029588895,1.491e-05
4451.5,0.034040595,-0.000331215
4451.75,0.021833565,-0.00087543
4452,0.01862046,-0.0011076
4452.25,0.024640905,-0.00111399
4452.5,0.028070205,-0.001093755
4452.75,0.027339615,-0.00100323
4453,0.022853835,-0.00051333
4453.25,0.021991185,-0.00060066
4453.5,0.021808005,-0.00166992
4453.75,0.018564015,-0.002275905
4454,0.02024139,-0.00160176
4454.25,0.02036706,-0.001577265
4454.5,0.01971528,-0.00209166
4454.75,0.024353355,-0.00248145
4455,0.015094245,-0.00188718
4455.25,0.01894422,-0.00142071
4455.5,0.0148035,-0.001730625
4455.75,0.01747665,-0.002099115
4456,0.01129326,-0.001653945
4456.25,0.01272036,-0.00119706
4456.5,0.012708645,-0.001076715
4456.75,0.01313784,-0.00126522
4457,0.013748085,-0.00090312
4457.25,0.01364904,-0.001138485
4457.5,0.01368099,-0.00150165
4457.75,0.010467885,-0.002050125
4458,0.005436825,-0.00188505
4458.25,0.00620256,-0.00200007
4458.5,0.006233445,-0.00109056
4458.75,0.005534805,-0.00059427
4459,0.00633462,-0.00126096
4459.25,0.00625581,-0.00112677
4459.5,0.00625368,-0.001526145
4459.75,0.006212145,-0.002180055
4460,0.005818095,-0.00234513
4460.25,0.00566793,-0.002580495
4460.5,0.005760585,-0.002593275
4460.75,0.005681775,-0.002350455
4461,0.005754195,-0.00282012
4461.25,0.00582129,-0.002725335
4461.5,0.00682026,-0.00039618
4461.75,0.006610455,-0.00057936
4462,0.005579535,-0.002569845
4462.25,0.00514182,-0.00335049
4462.5,0.006114165,-0.002865915
4462.75,0.005683905,-0.00291384
4463,0.005641305,-0.00273492
4463.25,0.005573145,-0.002891475
4463.5,0.00566367,-0.002535765
4463.75,0.00600447,-0.001745535
4464,0.006736125,-0.00101814
4464.25,0.00676488,-0.00127161
4464.5,0.006233445,-0.00125457
4464.75,0.005728635,-0.00199155
4465,0.005539065,-0.0028542
4465.25,0.005230215,-0.002203485
4465.5,0.005754195,-0.002030955
4465.75,0.00539742,-0.002050125
4466,0.00607476,-0.002267385
4466.25,0.00562107,-0.00250275
4466.5,0.006655185,-0.001244985
4466.75,0.006542295,-0.00126309
4467,0.00571692,-0.00242394
4467.25,0.006742515,-0.00181476
4467.5,0.006331425,-0.001500585
4467.75,0.00591288,-0.00261351
4468,0.00601512,-0.003008625
4468.25,0.006077955,-0.002885085
4468.5,0.00562533,-0.001950015
4468.75,0.0061344,-0.00211083
4469,0.00550818,-0.00255387
4469.25,0.006107775,-0.00142284
4469.5,0.006192975,-0.00129717
4469.75,0.00584898,-0.00223437
4470,0.00589584,-0.002269515
4470.25,0.0059214,-0.00190422
4470.5,0.006237705,-0.001585785
4470.75,0.00622173,-0.00227697
4471,0.00615357,-0.00214491
4471.25,0.005187615,-0.001291845
4471.5,0.00515034,-0.00113529
4471.75,0.004586955,-0.00126948
4472,0.00438141,-0.000403635
4472.25,0.00356562,-0.00023004
4472.5,0.003430365,-0.000429195
4472.75,0.003852105,-0.00048777
4473,0.00375093,-0.0006603
4473.25,0.003585855,-0.00063687
4473.5,0.004344135,-0.00040257
4473.75,0.00448578,-0.000591075
4474,0.00417906,-0.00067308
4474.25,0.004122615,-0.000695445
4474.5,0.00307146,-0.000395115
4474.75,0.00333558,-0.000218325
4475,0.003668925,-0.00052824
4475.25,0.00380844,-0.00079236
4475.5,0.00382335,-0.001274805
4475.75,0.0039831,-0.0013419
4476,0.004940535,-0.00068373
4476.25,0.00452412,-0.00120984
4476.5,0.00381696,-0.001656075
4476.75,0.00422166,-0.001526145
4477,0.0037275,-0.000706095
4477.25,0.00355071,-0.00050055
4477.5,0.00389364,-0.001379175
4477.75,0.00343995,-0.00169548
4478,0.004137525,-0.00171039
4478.25,0.0041961,-0.00175725
4478.5,0.00452838,-0.000725265
4478.75,0.00490539,-0.00038127
4479,0.004586955,-0.00099045
4479.25,0.00477333,-0.00070077
4479.5,0.004109835,-0.00050481
4479.75,0.00353367,-0.001609215
4480,0.00384252,-0.001534665
4480.25,0.004284495,-0.00101175
4480.5,0.00396393,-0.00089886
4480.75,0.004022505,-0.00067095
4481,0.00433242,-0.00080301
4481.25,0.0050907,-0.00014271
4481.5,0.005632785,-0.00015975
4481.75,0.00484575,-0.000748695
4482,0.004936275,-0.00163584
4482.25,0.005862825,-0.00185949
4482.5,0.005421915,-0.001338705
4482.75,0.005794665,-0.00142284
4483,0.005443215,-0.00143988
4483.25,0.00625794,-0.00118002
4483.5,0.00676062,-0.0003408
4483.75,0.005784015,-0.000620895
4484,0.00524406,-0.00142497
4484.25,0.0051546,-0.00143562
4484.5,0.005854305,-0.00133977
4484.75,0.005764845,-0.00184884
4485,0.00525258,-0.00185949
4485.25,0.00558699,-0.0020661
4485.5,0.005428305,-0.001943625
4485.75,0.005864955,-0.001306755
4486,0.00594909,-0.00058575
4486.25,0.00658383,-0.000431325
4486.5,0.005511375,-0.001370655
4486.75,0.005221695,-0.001881855
4487,0.00521424,-0.00157194
4487.25,0.005534805,-0.00141645
4487.5,0.00547623,-0.00199794
4487.75,0.005634915,-0.002395185
4488,0.005441085,-0.00203202
4488.25,0.00599169,-0.00120558
4488.5,0.005775495,-0.00081579
4488.75,0.005890515,-0.00094785
4489,0.00574035,-0.00103944
4489.25,0.00531435,-0.00136533
4489.5,0.00511413,-0.00219603
4489.75,0.00528879,-0.002269515
4490,0.005417655,-0.00248571
4490.25,0.00610671,-0.00219177
4490.5,0.005536935,-0.00253257
4490.75,0.005717985,-0.00207675
4491,0.006080085,-0.00110121
4491.25,0.00584472,-0.00186375
4491.5,0.00581703,-0.002846745
4491.75,0.00626859,-0.00163371
4492,0.00618978,-0.001568745
4492.25,0.00490539,-0.002655045
4492.5,0.0054102,-0.0023217
4492.75,0.00478824,-0.002305725
4493,0.00503106,-0.00243033
4493.25,0.005600835,-0.001673115
4493.5,0.005952285,-0.00112677
4493.75,0.005960805,-0.00169548
4494,0.00485427,-0.001913805
4494.25,0.00540168,-0.001562355
4494.5,0.00574674,-0.00083283
4494.75,0.005641305,-0.001085235
4495,0.00485001,-0.001732755
4495.25,0.02598813,-0.001174695
4495.5,0.065430405,-0.001383435
4495.75,0.083771835,-0.001095885
4496,0.0764031,-0.001313145
4496.25,0.071926905,-0.002953245
4496.5,0.078602325,-0.00441549
4496.75,0.08198796,-0.00490539
4497,0.077509635,-0.004687065
4497.25,0.08140434,-0.004305795
4497.5,0.0823032,-0.004595475
4497.75,0.08704671,-0.00598743
4498,0.082176465,-0.00485214
4498.25,0.082293615,-0.003381375
4498.5,0.08186655,-0.00290745
4498.75,0.08802864,-0.0034932
4499,0.09259962,-0.004165215
4499.25,0.09278706,-0.005191875
4499.5,0.093993705,-0.005426175
4499.75,0.103056855,-0.004900065
4500,0.097959765,-0.005786145
4500.25,0.074810925,-0.00432177
4500.5,0.058667655,-0.002906385
4500.75,0.06448362,-0.004180125
4501,0.055415145,-0.004301535
4501.25,0.05436186,-0.00423444
4501.5,0.058648485,-0.005362275
4501.75,0.06566364,-0.005522025
4502,0.066339915,-0.005899035
4502.25,0.06793635,-0.0064752
4502.5,0.0573183,-0.003751995
4502.75,0.06526533,-0.004052325
4503,0.063451635,-0.00595761
4503.25,0.06164646,-0.006601935
4503.5,0.05189745,-0.007477365
4503.75,0.05419146,-0.005999145
4504,0.06011073,-0.005362275
4504.25,0.059937135,-0.004729665
4504.5,0.055168065,-0.004910715
4504.75,0.062005365,-0.00414711
4505,0.05697324,-0.00390855
4505.25,0.05217009,-0.003730695
4505.5,0.03255492,-0.001628385
4505.75,0.024772965,-0.00136959
4506,0.024847515,-0.00161667
4506.25,0.02525754,-0.001747665
4506.5,0.023139255,-0.00151443
4506.75,0.025518465,-0.000827505
4507,0.02531292,-0.00083496
4507.25,0.022979505,-0.001506975
4507.5,0.021739845,-0.00173808
4507.75,0.02522559,-0.00113742
4508,0.02620965,-0.000744435
4508.25,0.026093565,-0.001685895
4508.5,0.0237069,-0.001813695
4508.75,0.025111635,-0.00121836
4509,0.027503625,-0.001225815
4509.25,0.02578791,-0.002128935
4509.5,0.024438555,-0.002578365
4509.75,0.02551101,-0.003057615
4510,0.026370465,-0.002635875
4510.25,0.02548545,-0.00175512
4510.5,0.023793165,-0.001570875
4510.75,0.022304295,-0.001964925
4511,0.01404096,-0.00162732
4511.25,0.007694625,-0.00243672
4511.5,0.008329365,-0.003249315
4511.75,0.00863715,-0.002678475
4512,0.00777237,-0.00282012
4512.25,0.00795981,-0.0035784
4512.5,0.008169615,-0.00259221
4512.75,0.008305935,-0.00196386
4513,0.00923994,-0.000827505
4513.25,0.009102555,-0.00185097
4513.5,0.008340015,-0.003008625
4513.75,0.008325105,-0.00326103
4514,0.00814512,-0.003347295
4514.25,0.00872448,-0.001981965
4514.5,0.008269725,-0.0021726
4514.75,0.00941886,-0.00207462
4515,0.007905495,-0.00143988
4515.25,0.009326205,-0.001051155
4515.5,0.00881607,-0.001773225
4515.75,0.00825162,-0.001479285
4516,0.009311295,-0.00152934
4516.25,0.00804288,-0.00192126
4516.5,0.008003475,-0.00179346
4516.75,0.00797472,-0.00166353
4517,0.00808335,-0.001832865
4517.25,0.008827785,-0.000710355
4517.5,0.00876708,-0.000703965
4517.75,0.00885015,-0.00150804
4518,0.00831552,-0.001583655
4518.25,0.009108945,-0.000942525
4518.5,0.00893322,-0.001317405
4518.75,0.0079449,-0.000965955
4519,0.00711846,-0.001187475
4519.25,0.006527385,-0.00056232
4519.5,0.023328825,-0.000269445
4519.75,0.02452056,-0.0001704
4520,0.029367375,-0.0005325
4520.25,0.04344987,-0.00188292
4520.5,0.041421045,-0.003415455
4520.75,0.04315593,-0.003777555
4521,0.039780945,-0.004075755
4521.25,0.040805475,-0.00356988
4521.5,0.04765662,-0.00419184
4521.75,0.040909845,-0.004452765
4522,0.042577635,-0.00434307
4522.25,0.056582385,-0.00536973
4522.5,0.05446197,-0.00526962
4522.75,0.053238285,-0.005777625
4523,0.05539491,-0.005443215
4523.25,0.057909375,-0.00645603
4523.5,0.058248045,-0.00644751
4523.75,0.068101425,-0.006538035
4524,0.06465615,-0.00580425
4524.25,0.057781575,-0.00611949
4524.5,0.05381658,-0.00655827
4524.75,0.04640631,-0.008518935
4525,0.044045205,-0.006222795
4525.25,0.045099555,-0.005786145
4525.5,0.04309203,-0.00605772
4525.75,0.043951485,-0.005402745
4526,0.044454165,-0.0042387
4526.25,0.040909845,-0.00290319
4526.5,0.048856875,-0.00342291
4526.75,0.041508375,-0.004552875
4527,0.05048526,-0.00415989
4527.25,0.049342515,-0.0041109
4527.5,0.036941655,-0.002691255
4527.75,0.055374675,-0.00331641
4528,0.04883877,-0.00408747
4528.25,0.05371434,-0.00518016
4528.5,0.050482065,-0.004135395
4528.75,0.05348643,-0.0032163
4529,0.049120995,-0.004216335
4529.25,0.04677906,-0.00404061
4529.5,0.03454647,-0.00387873
4529.75,0.03223542,-0.00415137
4530,0.02305512,-0.004180125
4530.25,0.020193465,-0.003130035
4530.5,0.009543465,-0.00185949
4530.75,0.01088643,-0.00147183
4531,0.009837405,-0.001134225
4531.25,0.00830487,-0.00137172
4531.5,0.006710565,-0.002154495
4531.75,0.00729951,-0.002237565
4532,0.00535695,-0.001743405
4532.25,0.005700945,-0.001602825
4532.5,0.005490075,-0.001690155
4532.75,0.006250485,-0.000980865
4533,0.00637935,-0.00067095
4533.25,0.006278175,-0.001078845
4533.5,0.00561468,-0.001577265
4533.75,0.00498846,-0.00224928
4534,0.00522915,-0.002173665
4534.25,0.005051295,-0.00224928
4534.5,0.005032125,-0.00176364
4534.75,0.005407005,-0.000906315
4535,0.005794665,-0.000599595
4535.25,0.00545493,-0.00131634
4535.5,0.00582342,-0.00155916
4535.75,0.005526285,-0.00146118
4536,0.0067947,-0.001472895
4536.25,0.00718449,-0.0009585
4536.5,0.005815965,-0.00132699
4536.75,0.005605095,-0.00080514
4537,0.006900135,-0.000808335
4537.25,0.00561681,-0.001391955
4537.5,0.005377185,-0.00209805
4537.75,0.005236605,-0.00191274
4538,0.00535056,-0.002135325
4538.25,0.005070465,-0.002260995
4538.5,0.005057685,-0.00217047
4538.75,0.00615996,-0.00175086
4539,0.00609819,-0.000699705
4539.25,0.00569562,-0.000808335
4539.5,0.005664735,-0.001999005
4539.75,0.00542724,-0.002324895
4540,0.005034255,-0.00237708
4540.25,0.00509283,-0.00243033
4540.5,0.00493308,-0.002292945
4540.75,0.005630655,-0.002099115
4541,0.005055555,-0.002282295
4541.25,0.005266425,-0.001864815
4541.5,0.00646242,-0.001342965
4541.75,0.006435795,-0.000931875
4542,0.00578721,-0.001115055
4542.25,0.00595974,-0.00135468
4542.5,0.00613227,-0.00135468
4542.75,0.005021475,-0.001415385
4543,0.00506301,-0.00103944
4543.25,0.003856365,-0.00046221
4543.5,0.00448152,-0.00045369
4543.75,0.004269585,-0.00030459
4544,0.011684115,-0.00132912
4544.25,0.03063366,-0.002620965
4544.5,0.038762805,-0.002099115
4544.75,0.037942755,-0.002218395
4545,0.04335828,-0.002599665
4545.25,0.045054825,-0.004346265
4545.5,0.048548025,-0.00516525
4545.75,0.04695585,-0.004555005
4546,0.055698435,-0.002535765
4546.25,0.056852895,-0.001707195
4546.5,0.048675825,-0.002716815
4546.75,0.051408615,-0.00401079
4547,0.058047825,-0.003017145
4547.25,0.065641275,-0.002101245
4547.5,0.067194045,-0.00210657
4547.75,0.06782985,-0.002499555
4548,0.077134755,-0.004293015
4548.25,0.07563843,-0.00361035
4548.5,0.078003795,-0.004122615
4548.75,0.082001805,-0.005441085
4549,0.066559305,-0.004555005
4549.25,0.068978985,-0.00400014
4549.5,0.076076145,-0.00460293
4549.75,0.07539135,-0.005930985
4550,0.07759377,-0.005379315
4550.25,0.07313994,-0.004733925
4550.5,0.070550925,-0.004192905
4550.75,0.080768535,-0.005724375
4551,0.073754445,-0.00625368
4551.25,0.066814905,-0.006561465
4551.5,0.072783165,-0.00636231
4551.75,0.07275654,-0.00595335
4552,0.070902375,-0.006180195
4552.25,0.073149525,-0.005956545
4552.5,0.067289895,-0.004827645
4552.75,0.06781707,-0.004186515
4553,0.068301645,-0.0047925
4553.25,0.060825345,-0.004301535
4553.5,0.057890205,-0.00453264
4553.75,0.05622987,-0.004934145
4554,0.04338171,-0.001705065
4554.25,0.04241682,-0.001479285
4554.5,0.03952002,-0.000533565
4554.75,0.023980605,-0.00066243
4555,0.01252014,-0.00097767
4555.25,0.00921864,-0.00151869
4555.5,0.010959915,-0.00073485
4555.75,0.00932088,-0.00122049
4556,0.00821328,-0.001658205
4556.25,0.010297485,-0.00185949
4556.5,0.008239905,-0.001945755
4556.75,0.010751175,-0.000993645
4557,0.00856473,-0.001006425
4557.25,0.00895239,-0.002122545
4557.5,0.009396495,-0.002393055
4557.75,0.007852245,-0.00270723
4558,0.009187755,-0.00257091
4558.25,0.00816429,-0.00182115
4558.5,0.00811743,-0.00156129
4558.75,0.01000674,-0.0019383
4559,0.00761049,-0.001210905
4559.25,0.009194145,-0.00201924
4559.5,0.007875675,-0.00250914
4559.75,0.009040785,-0.002836095
4560,0.01047108,-0.00243672
4560.25,0.00760836,-0.0024708
4560.5,0.009690435,-0.00231318
4560.75,0.006900135,-0.002484645
4561,0.01015158,-0.001443075
4561.25,0.010178205,-0.000416415
4561.5,0.007820295,-0.0015975
4561.75,0.010429545,-0.002184315
4562,0.00721218,-0.00212361
4562.25,0.0092016,-0.002145975
4562.5,0.00966168,-0.00263481
4562.75,0.007637115,-0.002531505
4563,0.011415735,-0.002256735
4563.25,0.008623305,-0.001151265
4563.5,0.01013241,-0.00140793
4563.75,0.008425215,-0.00269871
4564,0.00780432,-0.0016188
4564.25,0.01138059,-0.0014058
4564.5,0.007326135,-0.001881855
4564.75,0.00864993,-0.001645425
4565,0.009370935,-0.001387695
4565.25,0.007402815,-0.00170187
4565.5,0.01120806,-0.001093755
4565.75,0.007788345,-0.00118215
4566,0.01053072,-0.001711455
4566.25,0.009681915,-0.00170826
4566.5,0.008397525,-0.002033085
4566.75,0.010489185,-0.00143775
4567,0.007000245,-0.000872235
4567.25,0.021735585,-0.00049203
4567.5,0.042535035,-0.00034293
4567.75,0.042929085,5.325e-06
4568,0.04884942,-0.000459015
4568.25,0.051868695,-0.0012141
4568.5,0.05155026,-0.003647625
4568.75,0.05735025,-0.003136425
4569,0.053136045,-0.003415455
4569.25,0.05081754,-0.00326955
4569.5,0.051868695,-0.00367638
4569.75,0.05591463,-0.00376371
4570,0.057076545,-0.002456955
4570.25,0.0529092,-0.002627355
4570.5,0.051253125,-0.002222655
4570.75,0.06348891,-0.00228336
4571,0.0640704,-0.00224076
4571.25,0.07064571,-0.002488905
4571.5,0.06611307,-0.002885085
4571.75,0.06961053,-0.00312684
4572,0.07111431,-0.00289041
4572.25,0.054382095,-0.00376584
4572.5,0.057236295,-0.004105575
4572.75,0.051617355,-0.0034932
4573,0.05280483,-0.00474777
4573.25,0.050345745,-0.005117325
4573.5,0.047272155,-0.005647695
4573.75,0.054763365,-0.00644112
4574,0.04859382,-0.005487945
4574.25,0.043825815,-0.004212075
4574.5,0.041817225,-0.004224855
4574.75,0.054554625,-0.004644465
4575,0.051694035,-0.00456459
4575.25,0.04115799,-0.004013985
4575.5,0.041105805,-0.005253645
4575.75,0.0426639,-0.00482019
4576,0.04597818,-0.004209945
4576.25,0.04932015,-0.003713655
4576.5,0.03080406,-0.004050195
4576.75,0.049086915,-0.003230145
4577,0.051010305,-0.00342078
4577.25,0.05348643,-0.002267385
4577.5,0.03161346,-0.00300543
4577.75,0.030690105,-0.002627355
4578,0.032080995,-0.00235578
4578.25,0.02560899,-0.002069295
4578.5,0.019754685,-0.002177925
4578.75,0.019942125,-0.00226206
4579,0.01903794,-0.002288685
4579.25,0.01972593,-0.00261138
4579.5,0.02079519,-0.00301395
4579.75,0.018834525,-0.00184671
4580,0.017117745,-0.00036849
4580.25,0.013040925,-0.001805175
4580.5,0.01346799,-0.001783875
4580.75,0.015895125,-0.00223011
4581,0.011703285,-0.00236856
4581.25,0.01455003,-0.00267315
4581.5,0.01319535,-0.002882955
4581.75,0.013415805,-0.002501685
4582,0.01568106,-0.001328055
4582.25,0.0143775,-0.001624125
4582.5,0.014193255,-0.00147609
4582.75,0.01320813,-0.001147005
4583,0.015539415,-0.002067165
4583.25,0.015111285,-0.002791365
4583.5,0.013880145,-0.00155916
4583.75,0.01682274,-0.001860555
4584,0.014286975,-0.000759345
4584.25,0.014700195,-0.000976605
4584.5,0.01381731,-0.00159324
4584.75,0.01415811,-0.002052255
4585,0.014781135,-0.00172317
4585.25,0.012936555,-0.00126948
4585.5,0.01547232,-0.00164436
4585.75,0.015181575,-0.00235365
4586,0.012529725,-0.0016614
4586.25,0.016749255,-0.00143136
4586.5,0.014587305,-0.00266676
4586.75,0.015924945,-0.002286555
4587,0.012966375,-0.00195108
4587.25,0.014199645,-0.00200007
4587.5,0.01566828,-0.00179346
4587.75,0.011805525,-0.00191913
4588,0.014896155,-0.001404735
4588.25,0.016191195,-0.000608115
4588.5,0.01460754,-0.000627285
4588.75,0.01291632,-0.00158472
4589,0.013111215,-0.00180837
4589.25,0.01483971,-0.00183393
4589.5,0.012898215,-0.001734885
4589.75,0.013138905,-0.001645425
4590,0.016372245,-0.001272675
4590.25,0.015030345,-0.00073698
4590.5,0.015648045,-0.000706095
4590.75,0.013043055,-0.00076041
4591,0.01474812,-0.00062835
4591.25,0.036803205,-0.000567645
4591.5,0.038223915,-0.00057084
4591.75,0.0375519,-0.000669885
4592,0.028700685,-0.0014484
4592.25,0.03096381,-0.001675245
4592.5,0.03130248,-0.002646525
4592.75,0.034462335,-0.00375093
4593,0.046456365,-0.003820155
4593.25,0.064429305,-0.0053889
4593.5,0.08897649,-0.004508145
4593.75,0.099214335,-0.005236605
4594,0.09048879,-0.004687065
4594.25,0.084841095,-0.004382475
4594.5,0.07383006,-0.00326103
4594.75,0.064706205,-0.003479355
4595,0.06334407,-0.003468705
4595.25,0.06906738,-0.003611415
4595.5,0.07620501,-0.00408108
4595.75,0.081579,-0.00522276
4596,0.07990482,-0.00592779
4596.25,0.069015195,-0.005291985
4596.5,0.057019035,-0.00393411
4596.75,0.06099042,-0.005411265
4597,0.04748196,-0.005758455
4597.25,0.05856222,-0.006065175
4597.5,0.054090285,-0.0017466
4597.75,0.10227195,0.002465475
4598,0.11396139,0.00314388
4598.25,0.098087565,0.001979835
4598.5,0.054509895,-0.003466575
4598.75,0.05712021,-0.001492065
4599,0.138461715,0.00811104
4599.25,0.09974151,0.00182754
4599.5,0.045847185,-0.004229115
4599.75,0.045276345,-0.00403209
4600,0.05042136,-0.003507045
4600.25,0.04342005,-0.001464375
4600.5,0.046748175,-0.00207675
4600.75,0.04208241,-0.00186588
4601,0.042952515,-0.002101245
4601.25,0.037561485,-0.00177429
4601.5,0.041278335,-0.001161915
4601.75,0.03336219,-0.00069864
4602,0.030479235,-0.00053889
4602.25,0.03862755,-0.000812595
4602.5,0.03442719,-0.000791295
4602.75,0.035327115,-0.001400475
4603,0.01944477,-0.002024565
4603.25,0.011635125,-0.00185523
4603.5,0.00682452,-0.00155064
4603.75,0.00786822,-0.000993645
4604,0.00713124,-0.00075402
4604.25,0.00711846,-0.00091803
4604.5,0.00599382,-0.00166566
4604.75,0.00667542,-0.001981965
4605,0.006540165,-0.00211722
4605.25,0.006433665,-0.002135325
4605.5,0.007519965,-0.00115446
4605.75,0.00689055,-0.00126309
4606,0.006212145,-0.002365365
4606.25,0.00569136,-0.00212361
4606.5,0.00614079,-0.001504845
4606.75,0.006220665,-0.001489935
4607,0.00680961,-0.00150804
4607.25,0.006981075,-0.002131065
4607.5,0.007179165,-0.001455855
4607.75,0.007089705,-0.00108204
4608,0.00578295,-0.001971315
4608.25,0.00637722,-0.001975575
4608.5,0.005564625,-0.001941495
4608.75,0.00613653,-0.00163158
4609,0.00590862,-0.002114025
4609.25,0.00628563,-0.00218964
4609.5,0.00672441,-0.00115659
4609.75,0.007807515,-0.000346125
4610,0.006657315,-0.00200646
4610.25,0.006371895,-0.002214135
4610.5,0.005751,-0.001387695
4610.75,0.006263265,-0.001460115
4611,0.006582765,-0.00162732
4611.25,0.006112035,-0.00110547
4611.5,0.00687138,-0.000420675
4611.75,0.00619191,-0.000199155
4612,0.00584046,5.538e-05
4612.25,0.005905425,2.556e-05
4612.5,0.005325,0.00013206
4612.75,0.006246225,4.5795e-05
4613,0.00612162,-0.00017892
4613.25,0.00574035,-0.000277965
4613.5,0.0064326,-5.325e-05
4613.75,0.00687138,-0.00022791
4614,0.005717985,-0.0008094
4614.25,0.00571905,-0.00076041
4614.5,0.005850045,-0.0007455
4614.75,0.005952285,-0.00046221
4615,0.00583833,-0.00023856
4615.25,0.00604494,-0.00013206
4615.5,0.006680745,-0.000239625
4615.75,0.00639426,-5.751e-05
4616,0.00448152,-0.000263055
4616.25,0.00400653,-0.000659235
4616.5,0.0043026,-0.000889275
4616.75,0.00437502,-0.001436685
4617,0.00452838,-0.000742305
4617.25,0.00464979,-0.00068586
4617.5,0.0045369,-0.00038127
4617.75,0.005611485,-0.000246015
4618,0.007181295,-0.000299265
4618.25,0.00628563,-0.00030672
4618.5,0.00525045,0.00013845
4618.75,0.005833005,-5.8575e-05
4619,0.005558235,-0.00024708
4619.25,0.00551244,-0.000250275
4619.5,0.006361245,-0.00082857
4619.75,0.006197235,-0.000497355
4620,0.004836165,-0.000297135
4620.25,0.005002305,-0.00067947
4620.5,0.004546485,-0.00056232
4620.75,0.004527315,-0.000397245
4621,0.003015015,-0.000512265
4621.25,0.004105575,-0.00029394
4621.5,0.004075755,-0.000520785
4621.75,0.004146045,-0.00066456
4622,0.003901095,-0.000497355
4622.25,0.00399801,-0.000795555
4622.5,0.003756255,-0.00087543
4622.75,0.004501755,-0.0008946
4623,0.0044304,-0.001038375
4623.25,0.00432816,-0.0008946
4623.5,0.00340161,-0.000816855
4623.75,0.005019345,-0.000258795
4624,0.00493308,-2.6625e-05
4624.25,0.004591215,-0.000497355
4624.5,0.004201425,-0.000484575
4624.75,0.004356915,-0.000290745
4625,0.004342005,-0.00065604
4625.25,0.00483297,-0.001864815
4625.5,0.004929885,-0.00169974
4625.75,0.005641305,-0.000680535
4626,0.006065175,-0.00073698
4626.25,0.006011925,-0.002343
4626.5,0.00524193,-0.001685895
4626.75,0.006399585,-0.000982995
4627,0.00671376,-0.001155525
4627.25,0.005943765,-0.00208527
4627.5,0.006169545,-0.002501685
4627.75,0.006736125,-0.00034719
4628,0.00638361,-0.00027903
4628.25,0.006227055,-0.00069012
4628.5,0.00574461,-0.000925485
4628.75,0.006252615,-0.00084987
4629,0.006312255,-0.00121623
4629.25,0.006646665,-0.000893535
4629.5,0.006655185,-0.000748695
4629.75,0.007460325,-0.00050481
4630,0.007181295,-0.000375945
4630.25,0.006733995,-0.00113103
4630.5,0.005481555,-0.001206645
4630.75,0.005432565,-0.00141645
4631,0.005634915,-0.00135468
4631.25,0.00594483,-0.001470765
4631.5,0.006018315,-0.00185949
4631.75,0.006863925,-0.00100749
4632,0.00721431,-0.00032802
4632.25,0.007157865,-0.00060705
4632.5,0.00585963,-0.001208775
4632.75,0.005524155,-0.001127835
4633,0.00594483,-0.00155703
4633.25,0.00582342,-0.00136107
4633.5,0.00630267,-0.0014697
4633.75,0.006580635,-0.001234335
4634,0.006961905,-0.00076893
4634.25,0.00637935,-0.001223685
4634.5,0.00648372,-0.00167844
4634.75,0.005992755,-0.00188718
4635,0.006721215,-0.001151265
4635.25,0.006557205,-0.0011715
4635.5,0.00620256,-0.00151869
4635.75,0.00608328,-0.001413255
4636,0.006831975,-0.00070503
4636.25,0.00631332,-0.00096276
4636.5,0.00568284,-0.00130782
4636.75,0.00566154,-0.001402605
4637,0.005818095,-0.001440945
4637.25,0.005306895,-0.00158472
4637.5,0.00557634,-0.00178068
4637.75,0.0063687,-0.001038375
4638,0.00677127,-0.000346125
4638.25,0.006584895,-0.00063474
4638.5,0.005668995,-0.00160389
4638.75,0.006024705,-0.001511235
4639,0.00602577,-0.00161028
4639.25,0.00626007,-0.00118428
4639.5,0.005801055,-0.00087543
4639.75,0.00533352,-0.00107778
4640,0.004135395,-0.000676275
4640.25,0.00446448,-0.000194895
4640.5,0.005157795,-0.00032163
4640.75,0.004616775,-0.00034719
4641,0.00437928,-0.00129717
4641.25,0.004612515,-0.001068195
4641.5,0.004714755,-0.00100536
4641.75,0.004978875,-0.00098193
4642,0.004846815,-0.00127374
4642.25,0.00505236,-0.000627285
4642.5,0.00335475,-0.000405765
4642.75,0.00278391,-0.0006816
4643,0.00390642,-0.00067734
4643.25,0.00405552,-0.000495225
4643.5,0.00482019,-0.00076254
4643.75,0.00405978,-0.00111612
4644,0.00391281,-0.000961695
4644.25,0.004782915,-0.000418545
4644.5,0.00452412,-0.0005112
4644.75,0.00405126,-0.00120771
4645,0.00349746,-0.001142745
4645.25,0.00337818,-8.733e-05
4645.5,0.0041322,-0.00028755
4645.75,0.004310055,-0.00061983
4646,0.00454755,-0.001010685
4646.25,0.005015085,-0.000697575
4646.5,0.005377185,-0.000614505
4646.75,0.004231245,-0.001394085
4647,0.004478325,-0.00146331
4647.25,0.004388865,-0.001547445
4647.5,0.00388086,-0.00120345
4647.75,0.0039618,-0.001281195
4648,0.00405978,-0.00102027
4648.25,0.005875605,-6.0705e-05
4648.5,0.00549114,-0.00019596
4648.75,0.004190775,-0.00039192
4649,0.004346265,-0.000574035
4649.25,0.004750965,-0.000929745
4649.5,0.00466257,-0.00107352
4649.75,0.00494586,-0.001132095
4650,0.0054528,-0.000936135
4650.25,0.00660513,-0.00047073
4650.5,0.007206855,-0.000499485
4650.75,0.006970425,-0.001061805
4651,0.006653055,-0.001645425
4651.25,0.00558699,-0.001604955
4651.5,0.005568885,-0.00176151
4651.75,0.00651567,-0.00192126
4652,0.00584472,-0.00186375
4652.25,0.00671802,-0.00101388
4652.5,0.00682665,-0.00110334
4652.75,0.00661152,-0.00225354
4653,0.006039615,-0.00261351
4653.25,0.00652419,-0.00258156
4653.5,0.006880965,-0.00204906
4653.75,0.00688416,-0.00118215
4654,0.006329295,-0.00171039
4654.25,0.006780855,-0.00103731
4654.5,0.00608115,-0.00102453
4654.75,0.005862825,-0.002224785
4655,0.005924595,-0.001417515
4655.25,0.005749935,-0.001404735
4655.5,0.00567432,-0.00179559
4655.75,0.00642195,-0.00178494
4656,0.00608115,-0.001283325
4656.25,0.006780855,-0.00066669
4656.5,0.00630693,-0.000454755
4656.75,0.00622173,-0.000852
4657,0.006073695,-0.00146757
4657.25,0.0057936,-0.00167631
4657.5,0.0067521,-0.002369625
4657.75,0.00696723,-0.002344065
4658,0.006325035,-0.001668855
4658.25,0.00724839,-0.000740175
4658.5,0.00706521,-0.000976605
4658.75,0.00653484,-0.002275905
4659,0.006069435,-0.00219603
4659.25,0.00685221,-0.00130356
4659.5,0.00636657,-0.0016614
4659.75,0.00602577,-0.00193404
4660,0.005647695,-0.00218325
4660.25,0.006431535,-0.001400475
4660.5,0.00610245,-0.001023465
4660.75,0.00580425,-0.001698675
4661,0.00548262,-0.002013915
4661.25,0.00623025,-0.00188292
4661.5,0.00576591,-0.00221946
4661.75,0.00672228,-0.00126309
4662,0.006143985,-0.00117363
4662.25,0.006544425,-0.00109695
4662.5,0.006397455,-0.000710355
4662.75,0.00510348,-0.00072633
4663,0.004410165,-0.000968085
4663.25,0.020180685,-0.00153786
4663.5,0.04006743,-0.001283325
4663.75,0.053811255,-0.00191913
4664,0.052614195,-0.00340374
4664.25,0.05737368,-0.00246867
4664.5,0.05252154,-0.001964925
4664.75,0.06232806,-0.00303099
4665,0.070774575,-0.003306825
4665.25,0.0813021,-0.002067165
4665.5,0.074082465,-0.00180837
4665.75,0.08210937,-0.00226419
4666,0.08250129,-0.00186162
4666.25,0.086249025,-0.002233305
4666.5,0.08066097,-0.001181085
4666.75,0.077435085,-0.00306933
4667,0.079458585,-0.00366786
4667.25,0.083303235,-0.00347616
4667.5,0.080293545,-0.004116225
4667.75,0.08704245,-0.00446874
4668,0.086091405,-0.00495438
4668.25,0.07679715,-0.00373815
4668.5,0.072651105,-0.00355284
4668.75,0.0676701,-0.00391494
4669,0.06975111,-0.00348468
4669.25,0.059442975,-0.00462423
4669.5,0.049892055,-0.00456246
4669.75,0.05336502,-0.00431325
4670,0.053359695,-0.003967125
4670.25,0.05937162,-0.00330363
4670.5,0.05461107,-0.00377223
4670.75,0.056331045,-0.003786075
4671,0.06630264,-0.003930915
4671.25,0.05872197,-0.004474065
4671.5,0.054431085,-0.00539742
4671.75,0.048317985,-0.00453477
4672,0.052369245,-0.00436863
4672.25,0.044777925,-0.001528275
4672.5,0.04347543,-0.001594305
4672.75,0.038773455,-0.001658205
4673,0.037959795,-0.00119706
4673.25,0.03162411,-0.00101175
4673.5,0.035768025,-0.001021335
4673.75,0.036402765,5.538e-05
4674,0.03472965,4.047e-05
4674.25,0.03211614,-0.00074337
4674.5,0.026604765,-0.000752955
4674.75,0.009569025,-0.00184245
4675,0.009628665,-0.00184458
4675.25,0.0105435,-0.001734885
4675.5,0.01085235,-0.00118002
4675.75,0.010239975,-0.00074763
4676,0.010180335,-0.00145692
4676.25,0.00934644,-0.00078384
4676.5,0.007728705,-0.000444105
4676.75,0.010193115,-0.001017075
4677,0.009436965,-0.002020305
4677.25,0.009485955,-0.00164862
4677.5,0.00989172,-0.000852
4677.75,0.009852315,-0.00079449
4678,0.008708505,-0.00153786
4678.25,0.00982143,-0.001500585
4678.5,0.008521065,-0.001338705
4678.75,0.00946146,-0.001057545
4679,0.009743685,-0.00080301
4679.25,0.010367775,-0.000450495
4679.5,0.01040292,-0.000801945
4679.75,0.00994071,-0.001839255
4680,0.010099395,-0.001913805
4680.25,0.00934857,-0.00174873
4680.5,0.00894813,-0.00175086
4680.75,0.009083385,-0.00188079
4681,0.009145155,-0.00150591
4681.25,0.009607365,-0.00047712
4681.5,0.00979587,-0.00078597
4681.75,0.010602075,-0.00099684
4682,0.010067445,-0.00106713
4682.25,0.009530685,-0.00179559
4682.5,0.00969789,-0.001749795
4682.75,0.00948702,-0.001737015
4683,0.010857675,-0.000721005
4683.25,0.010014195,-0.00068373
4683.5,0.00991089,-0.00185097
4683.75,0.009654225,-0.00174447
4684,0.008910855,-0.00144627
4684.25,0.00989811,-0.001215165
4684.5,0.008993925,-0.000848805
4684.75,0.008938545,-0.000916965
4685,0.010222935,-0.000865845
4685.25,0.010131345,-0.00077958
4685.5,0.01001739,-0.001264155
4685.75,0.00960417,-0.001481415
4686,0.008991795,-0.00171678
4686.25,0.010425285,-0.001304625
4686.5,0.01014732,-0.00117363
4686.75,0.009247395,-0.000586815
4687,0.009645705,-0.000529305
4687.25,0.00857964,-0.000701835
4687.5,0.018500115,-0.00179772
4687.75,0.024489675,-0.002631615
4688,0.02842059,-0.00235365
4688.25,0.02905107,-0.00182115
4688.5,0.039440145,-0.003413325
4688.75,0.039056745,-0.00330363
4689,0.04532214,-0.00418332
4689.25,0.041832135,-0.00482019
4689.5,0.053898585,-0.005044905
4689.75,0.05942274,-0.004865985
4690,0.059163945,-0.00407682
4690.25,0.058218225,-0.004122615
4690.5,0.058705995,-0.004101315
4690.75,0.050986875,-0.003319605
4691,0.051913425,-0.004073625
4691.25,0.06280092,-0.00556782
4691.5,0.063517665,-0.005078985
4691.75,0.06390426,-0.005820225
4692,0.06811101,-0.00673293
4692.25,0.068870355,-0.006540165
4692.5,0.062073525,-0.006065175
4692.75,0.060667725,-0.005162055
4693,0.049840935,-0.00496503
4693.25,0.044155965,-0.004618905
4693.5,0.04696863,-0.00391494
4693.75,0.04509636,-0.00359331
4694,0.04737333,-0.003196065
4694.25,0.049702485,-0.00258795
4694.5,0.049700355,-0.0022791
4694.75,0.044745975,-0.001969185
4695,0.05686674,-0.00083496
4695.25,0.08503173,0.000405765
4695.5,0.076467,0.00071781
4695.75,0.08021154,0.00153999
4696,0.04643187,-0.001347225
4696.25,0.035876655,-0.00293301
4696.5,0.030768915,-0.00290319
4696.75,0.02875713,-0.004258935
4697,0.02902125,-0.00440484
4697.25,0.027448245,-0.003741345
4697.5,0.026877405,-0.00394902
4697.75,0.025222395,-0.00457524
4698,0.01743831,-0.0047499
4698.25,0.016923915,-0.003685965
4698.5,0.016517085,-0.00250275
4698.75,0.015737505,-0.00228975
4699,0.011094105,-0.00173595
4699.25,0.012968505,-0.000872235
4699.5,0.012303945,-0.00065391
4699.75,0.011790615,-0.001285455
4700,0.012299685,-0.00166779
4700.25,0.0121836,-0.002137455
4700.5,0.009260175,-0.00191487
4700.75,0.008058855,-0.00148248
4701,0.009168585,-0.000375945
4701.25,0.008382615,-0.000665625
4701.5,0.00780006,-0.001472895
4701.75,0.00791508,-0.001453725
4702,0.008150445,-0.001070325
4702.25,0.00851574,-0.00090312
4702.5,0.007730835,-0.000631545
4702.75,0.008308065,-0.000365295
4703,0.0083283,-0.000865845
4703.25,0.00780006,-0.00132912
4703.5,0.008011995,-0.001170435
4703.75,0.008589225,-0.00139728
4704,0.007750005,-0.001615605
4704.25,0.008386875,-0.001117185
4704.5,0.00919947,0.000120345
4704.75,0.00906741,-0.000231105
4705,0.00853704,-0.00090312
4705.25,0.007920405,-0.001538925
4705.5,0.008557275,-0.00180411
4705.75,0.008406045,-0.001711455
4706,0.00841776,-0.00102879
4706.25,0.00851148,-0.00046221
4706.5,0.008659515,-0.001095885
4706.75,0.008393265,-0.00158685
4707,0.008925765,-0.00108843
4707.25,0.00895665,-0.00070929
4707.5,0.00804075,-0.00103092
4707.75,0.00825375,-0.001019205
4708,0.00852852,-0.000403635
4708.25,0.00812382,-0.001023465
4708.5,0.007362345,-0.00145692
4708.75,0.00726543,-0.001379175
4709,0.00764883,-0.00132273
4709.25,0.007556175,-0.001334445
4709.5,0.00863715,-0.00072633
4709.75,0.009083385,0.000295005
4710,0.00892896,-0.000388725
4710.25,0.00808122,-0.0011502
4710.5,0.00812382,-0.001236465
4710.75,0.00743583,-0.00124392
4711,0.007404945,-0.001157655
4711.25,0.018074115,-0.000916965
4711.5,0.01310589,-0.000850935
4711.75,0.01310802,-0.001538925
4712,0.01208775,-0.0011502
4712.25,0.01833717,-0.000906315
4712.5,0.02271645,-0.00245802
4712.75,0.024807045,-0.003057615
4713,0.03424827,-0.002880825
4713.25,0.036581685,-0.002050125
4713.5,0.035995935,-0.00318648
4713.75,0.034632735,-0.00279243
4714,0.03615249,-0.00278817
4714.25,0.040837425,-0.00252192
4714.5,0.03193509,-0.00209805
4714.75,0.04016115,-0.001585785
4715,0.038226045,-0.002035215
4715.25,0.03725796,-0.003153465
4715.5,0.03517482,-0.003221625
4715.75,0.04354572,-0.005581665
4716,0.03665943,-0.00601086
4716.25,0.034449555,-0.00568923
4716.5,0.0366786,-0.005641305
4716.75,0.03423549,-0.005490075
4717,0.02764314,-0.004806345
4717.25,0.02545989,-0.00430899
4717.5,0.03185415,-0.00597039
4717.75,0.028828485,-0.005306895
4718,0.02708082,-0.004280235
4718.25,0.027642075,-0.00537399
4718.5,0.028647435,-0.006446445
4718.75,0.0278817,-0.0056658
4719,0.02680818,-0.003864885
4719.25,0.028202265,-0.003202455
4719.5,0.02213496,-0.004957575
4719.75,0.02271219,-0.004220595
4720,0.02383683,-0.005106675
4720.25,0.02623308,-0.00670098
4720.5,0.023580165,-0.00621747
4720.75,0.022338375,-0.005553975
4721,0.02187084,-0.005115195
4721.25,0.01692924,-0.004618905
4721.5,0.01612197,-0.003234405
4721.75,0.01522098,-0.002970285
4722,0.01242855,-0.00277326
4722.25,0.00880968,-0.001971315
4722.5,0.008282505,-0.0020235
4722.75,0.009145155,-0.00188292
4723,0.00814938,-0.001115055
4723.25,0.007547655,-0.000840285
4723.5,0.00672228,-0.0016188
4723.75,0.008484855,-0.002955375
4724,0.010386945,-0.00271788
4724.25,0.01008129,-0.002022435
4724.5,0.010297485,-0.002154495
4724.75,0.011513715,-0.001728495
4725,0.00934218,-0.00120132
4725.25,0.008469945,-0.00240477
4725.5,0.010363515,-0.00263907
4725.75,0.010244235,-0.00274557
4726,0.00951045,-0.00250275
4726.25,0.00886293,-0.001615605
4726.5,0.009085515,-0.000582555
4726.75,0.009345375,-0.00079023
4727,0.00848805,-0.001600695
4727.25,0.007920405,-0.00235365
4727.5,0.00816855,-0.002405835
4727.75,0.00884589,-0.002680605
4728,0.00957435,-0.001283325
4728.25,0.00852426,-0.001093755
4728.5,0.007409205,-0.001768965
4728.75,0.008734065,-0.001460115
4729,0.00904611,-0.00094146
4729.25,0.00869892,-0.00082857
4729.5,0.009072735,-0.00106287
4729.75,0.00900138,-0.000748695
4730,0.00943164,-0.00105222
4730.25,0.00882885,-0.00174021
4730.5,0.008840565,-0.00171039
4730.75,0.00837303,-0.00184032
4731,0.00818772,-0.001888245
4731.25,0.00919947,-0.0005538
4731.5,0.009102555,-0.000350385
4731.75,0.009221835,-0.0016401
4732,0.00789804,-0.001945755
4732.25,0.006689265,-0.0018531
4732.5,0.008118495,-0.001779615
4732.75,0.007059885,-0.00137598
4733,0.008295285,-0.00089673
4733.25,0.007686105,-0.00142923
4733.5,0.00791721,-0.001915935
4733.75,0.00810465,-0.001404735
4734,0.008188785,-0.00109695
4734.25,0.00836877,-0.00116937
4734.5,0.008158965,-0.001010685
4734.75,0.012955725,-0.001362135
4735,0.020506575,-0.00293727
4735.25,0.027135135,-0.00423444
4735.5,0.0213213,-0.002910645
4735.75,0.020123175,-0.001673115
4736,0.03008412,-0.00113742
4736.25,0.028534545,-0.000906315
4736.5,0.034191825,-0.00086265
4736.75,0.031931895,-0.00111825
4737,0.04523055,-0.002141715
4737.25,0.062218365,-0.00136533
4737.5,0.056669715,-0.001123575
4737.75,0.07230924,-0.002989455
4738,0.064695555,-0.00217473
4738.25,0.074419005,-0.003632715
4738.5,0.06577227,-0.003602895
4738.75,0.06363801,-0.002861655
4739,0.064175835,-0.002929815
4739.25,0.0649863,-0.00305868
4739.5,0.070915155,-0.004493235
4739.75,0.071643615,-0.004331355
4740,0.069317655,-0.004716885
4740.25,0.05236818,-0.00609606
4740.5,0.04772265,-0.00584898
4740.75,0.052831455,-0.004893675
4741,0.042213405,-0.004339875
4741.25,0.05066205,-0.00293727
4741.5,0.055040265,-0.00370407
4741.75,0.06086049,-0.00371472
4742,0.05539065,-0.003027795
4742.25,0.053877285,-0.003447405
4742.5,0.063590085,-0.003468705
4742.75,0.054597225,-0.003656145
4743,0.06182964,-0.004237635
4743.25,0.0588519,-0.00438354
4743.5,0.05617023,-0.0039405
4743.75,0.055662225,-0.003219495
4744,0.04950972,-0.004812735
4744.25,0.05159286,-0.006173805
4744.5,0.052748385,-0.005771235
4744.75,0.04674285,-0.00527175
4745,0.05033829,-0.005453865
4745.25,0.05246403,-0.003321735
4745.5,0.055302255,-0.003849975
4745.75,0.05028291,-0.00425148
4746,0.053165865,-0.004013985
4746.25,0.04858317,-0.00319287
4746.5,0.045987765,-0.005862825
4746.75,0.0417054,-0.00460293
4747,0.028709205,-0.00248997
4747.25,0.01933401,-0.003266355
4747.5,0.01860768,-0.004629555
4747.75,0.017516055,-0.00412794
4748,0.01665873,-0.00431751
4748.25,0.01760232,-0.00313323
4748.5,0.017959095,-0.00221946
4748.75,0.016911135,-0.002047995
4749,0.01607937,-0.00082005
4749.25,0.015603315,-0.001470765
4749.5,0.01670346,-0.001826475
4749.75,0.01681422,-0.002073555
4750,0.01569384,-0.00196812
4750.25,0.015890865,-0.00233874
4750.5,0.01454577,-0.002224785
4750.75,0.01325073,-0.001783875
4751,0.00918456,-0.001649685
4751.25,0.00747417,-0.002716815
4751.5,0.009074865,-0.00227697
4751.75,0.008148315,-0.001585785
4752,0.006625365,-0.001532535
4752.25,0.00741879,-0.001777485
4752.5,0.00771273,-0.002065035
4752.75,0.00742731,-0.001670985
4753,0.007758525,-0.001402605
4753.25,0.007581735,-0.00175512
4753.5,0.00661578,-0.002448435
4753.75,0.007287795,-0.00260073
4754,0.007338915,-0.002525115
4754.25,0.00783201,-0.001259895
4754.5,0.007387905,-0.00112677
4754.75,0.00770634,-0.00066882
4755,0.009454005,-0.000410025
4755.25,0.007732965,-0.000965955
4755.5,0.00724413,-0.001168305
4755.75,0.00744009,-0.001119315
4756,0.007242,-0.00095424
4756.25,0.00724413,-0.002037345
4756.5,0.0072846,-0.00241755
4756.75,0.00717171,-0.00232383
4757,0.00759132,-0.001760445
4757.25,0.009360285,-0.00158685
4757.5,0.00885654,-0.00209805
4757.75,0.009066345,-0.001607085
4758,0.009117465,-0.00157407
4758.25,0.00929958,-0.001756185
4758.5,0.008003475,-0.00169548
4758.75,0.00730377,-0.001632645
4759,0.00715254,-0.001545315
4759.25,0.015281685,-0.002054385
4759.5,0.01602399,-0.00225993
4759.75,0.011513715,-0.00234087
4760,0.015935595,-0.00239199
4760.25,0.022785675,-0.00279882
4760.5,0.035981025,-0.005375055
4760.75,0.03082323,-0.00437076
4761,0.03628668,-0.004953315
4761.25,0.06141429,-0.003728565
4761.5,0.06477969,-0.004033155
4761.75,0.08092509,-0.0049416
4762,0.094594365,-0.00545493
4762.25,0.06881817,-0.005232345
4762.5,0.05080689,-0.004146045
4762.75,0.04402923,-0.004395255
4763,0.062469705,-0.00563172
4763.25,0.063653985,-0.00310767
4763.5,0.056275665,-0.003078915
4763.75,0.054111585,-0.00513543
4764,0.06971064,-0.00677979
4764.25,0.074440305,-0.007824555
4764.5,0.05447262,-0.004821255
4764.75,0.056697405,-0.007087575
4765,0.062597505,-0.00732294
4765.25,0.05086866,-0.005654085
4765.5,0.06070287,-0.005911815
4765.75,0.06178491,-0.006702045
4766,0.05781672,-0.00843267
4766.25,0.051517245,-0.006838365
4766.5,0.06310977,-0.00651993
4766.75,0.061943595,-0.007588125
4767,0.052605675,-0.005962935
4767.25,0.06031947,-0.006633885
4767.5,0.047825955,-0.00546345
4767.75,0.043893975,-0.005779755
4768,0.04153287,-0.0048777
4768.25,0.04369056,-0.00512052
4768.5,0.034232295,-0.003703005
4768.75,0.040503015,-0.00325677
4769,0.034901115,-0.002838225
4769.25,0.034960755,-0.001296105
4769.5,0.03204798,-0.0016614
4769.75,0.02194539,-0.002491035
4770,0.029471745,-0.00191274
4770.25,0.028198005,-0.00128439
4770.5,0.020743005,-0.00071142
4770.75,0.019087995,-0.0006603
4771,0.00939543,-0.00095637
4771.25,0.00473286,-0.000542085
4771.5,0.00443679,-0.00091803
4771.75,0.00469665,-0.000784905
4772,0.005038515,-0.000959565
4772.25,0.004288755,-0.00169335
4772.5,0.004288755,-0.002082075
4772.75,0.004041675,-0.00192978
4773,0.00494799,-0.00195108
4773.25,0.004744575,-0.000985125
4773.5,0.0052611,-0.001971315
4773.75,0.00513543,-0.00253896
4774,0.005236605,-0.002576235
4774.25,0.00492243,-0.002425005
4774.5,0.00481167,-0.00186801
4774.75,0.004831905,-0.00172104
4775,0.00581916,-0.001006425
4775.25,0.00561894,-0.00105222
4775.5,0.005298375,-0.002039475
4775.75,0.005274945,-0.001521885
4776,0.005121585,-0.001922325
4776.25,0.00515034,-0.002197095
4776.5,0.00468813,-0.00220242
4776.75,0.004938405,-0.002052255
4777,0.005939505,-0.00171678
4777.25,0.006380415,-0.00137598
4777.5,0.00493521,-0.00230466
4777.75,0.00540594,-0.002390925
4778,0.00631758,-0.00214704
4778.25,0.005283465,-0.001826475
4778.5,0.004789305,-0.00289467
4778.75,0.005081115,-0.00344421
4779,0.00640491,-0.001803045
4779.25,0.00558912,-0.001185345
4779.5,0.00547197,-0.001894635
4779.75,0.004657245,-0.00233022
4780,0.004618905,-0.00219603
4780.25,0.00435585,-0.00209379
4780.5,0.004840425,-0.00240051
4780.75,0.00475416,-0.002378145
4781,0.005428305,-0.001236465
4781.25,0.005417655,-0.000326955
4781.5,0.00558912,-0.00179559
4781.75,0.0051759,-0.002612445
4782,0.00507792,-0.00233448
4782.25,0.00508644,-0.00186375
4782.5,0.004995915,-0.00152934
4782.75,0.00426426,-0.0013845
4783,0.00465831,-0.000616635
4783.25,0.004765875,-0.00098193
4783.5,0.00365295,-0.001055415
4783.75,0.0035784,-0.00126096
4784,0.00295218,-0.00049629
4784.25,0.002439915,-0.000714615
4784.5,0.003468705,-0.00129078
4784.75,0.00300117,-0.001151265
4785,0.005438955,-0.00075402
4785.25,0.005330325,-0.00073272
4785.5,0.005700945,-0.001413255
4785.75,0.006118425,-0.002033085
4786,0.01842024,-0.001198125
4786.25,0.019701435,-0.001183215
4786.5,0.015456345,-0.000663495
4786.75,0.013967475,-0.0006177
4787,0.018378705,-0.000213
4787.25,0.0196173,-0.000109695
4787.5,0.019477785,-0.00073485
4787.75,0.01865028,-0.0008946
4788,0.01060953,-0.001492065
4788.25,0.0222585,-0.0014484
4788.5,0.015300855,-0.001700805
4788.75,0.00951471,-0.001121445
4789,0.010964175,-0.000620895
4789.25,0.011062155,-0.000925485
4789.5,0.003788205,-0.002180055
4789.75,0.005347365,-0.002995845
4790,0.00771912,-0.002184315
4790.25,0.005289855,-0.00203841
4790.5,0.0084561,-0.002565585
4790.75,0.005607225,-0.00180837
4791,0.01046256,-0.001977705
4791.25,0.00883311,-0.00244311
4791.5,0.00686073,-0.002618835
4791.75,0.006090735,-0.00211722
4792,0.005558235,-0.0028329
4792.25,0.00435372,-0.002318505
4792.5,0.006380415,-0.001653945
4792.75,0.005583795,-0.000461145
4793,0.004510275,-0.00062409
4793.25,0.005432565,-0.001183215
4793.5,0.004861725,-0.00160815
4793.75,0.006603,-0.0017466
4794,0.002774325,-0.00105861
4794.25,0.005928855,-0.00218112
4794.5,0.005309025,-0.000887145
4794.75,0.00819198,-0.001443075
4795,0.00627711,-0.002776455
4795.25,0.005994885,-0.00273279
4795.5,0.00646668,-0.002559195
4795.75,0.006540165,-0.0018744
4796,0.008058855,-0.002484645
4796.25,0.00769569,-0.00321843
4796.5,0.00793425,-0.001779615
4796.75,0.007896975,-0.00309702
4797,0.006307995,-0.00346977
4797.25,0.006446445,-0.003289785
4797.5,0.007177035,-0.00383613
4797.75,0.006682875,-0.002354715
4798,0.006625365,-0.0020022
4798.25,0.006152505,-0.002188575
4798.5,0.006567855,-0.00105222
4798.75,0.0052824,-0.000904185
4799,0.00636657,-0.001443075
4799.25,0.005696685,-0.002787105
4799.5,0.006154635,-0.002403705
4799.75,0.006197235,-0.00277965
4800,0.005715855,-0.00246228
4800.25,0.00564663,-0.002331285
4800.5,0.006627495,-0.001581525
4800.75,0.00673719,-0.001786005
4801,0.005147145,-0.002772195
4801.25,0.005660475,-0.00288615
4801.5,0.0053889,-0.00202563
4801.75,0.006410235,-0.00154425
4802,0.006101385,-0.00161028
4802.25,0.005455995,-0.00248571
4802.5,0.006073695,-0.002542155
4802.75,0.006491175,-0.001221555
4803,0.006584895,-0.002412225
4803.25,0.00593418,-0.002559195
4803.5,0.006587025,-0.002378145
4803.75,0.00533139,-0.00220668
4804,0.005157795,-0.002131065
4804.25,0.005788275,-0.003125775
4804.5,0.00492669,-0.002540025
4804.75,0.004863855,-0.00200433
4805,0.00640917,-0.00115446
4805.25,0.006150375,-0.00107352
4805.5,0.006808545,-0.001996875
4805.75,0.006031095,-0.003164115
4806,0.005251515,-0.002934075
4806.25,0.00553161,-0.002863785
4806.5,0.005664735,-0.002721075
4806.75,0.005023605,-0.00138663
4807,0.0059427,-0.002254605
4807.25,0.004740315,-0.001504845
4807.5,0.005283465,-0.0011715
4807.75,0.00458163,-0.00188931
4808,0.002978805,-0.001221555
4808.25,0.002644395,-0.00108417
4808.5,0.003149205,-0.00113316
4808.75,0.00349107,-1.704e-05
4809,0.00393411,-0.00012354
4809.25,0.003781815,-7.242e-05
4809.5,0.0038127,-0.000243885
4809.75,0.003743475,3.5145e-05
4810,0.00505875,-4.5795e-05
4810.25,0.00375519,-0.000850935
4810.5,0.00235365,-0.00015123
4810.75,0.002985195,0.000124605
4811,0.004094925,-0.00035571
4811.25,0.0033867,-0.00066456
4811.5,0.003792465,-0.00062196
4811.75,0.004770135,-0.000441975
4812,0.0054528,-0.00020874
4812.25,0.004829775,-0.000450495
4812.5,0.003909615,-0.000808335
4812.75,0.004090665,-0.00175938
4813,0.0036423,-0.001892505
4813.25,0.00336753,-0.001406865
4813.5,0.00704391,-0.002120415
4813.75,0.0106713,-0.002111895
4814,0.01166814,-0.001319535
4814.25,0.014489325,-0.001964925
4814.5,0.009656355,-0.00182115
4814.75,0.009903435,-0.00175725
4815,0.011884335,-0.002120415
4815.25,0.012900345,-0.00319713
4815.5,0.010288965,-0.00272427
4815.75,0.01234761,-0.001975575
4816,0.01177251,-0.001195995
4816.25,0.015337065,-0.000993645
4816.5,0.012312465,-0.00187014
4816.75,0.01144662,-0.00181902
4817,0.01205367,-0.001996875
4817.25,0.01868862,-0.00140154
4817.5,0.01815186,-0.00129291
4817.75,0.020159385,-0.00086265
4818,0.017454285,-0.00083922
4818.25,0.018466035,-0.001019205
4818.5,0.01473321,-0.000808335
4818.75,0.01782171,-0.002367495
4819,0.0170187,-0.00207888
4819.25,0.019390455,-0.00269871
4819.5,0.02183676,-0.0032163
4819.75,0.01943199,-0.002934075
4820,0.01878234,-0.002088465
4820.25,0.00890766,-0.001728495
4820.5,0.009023745,-0.00248571
4820.75,0.006751035,-0.003017145
4821,0.007206855,-0.003481485
4821.25,0.007177035,-0.00334623
4821.5,0.008546625,-0.00347616
4821.75,0.0091803,-0.003777555
4822,0.009556245,-0.00281586
4822.25,0.00905676,-0.001675245
4822.5,0.00806418,-0.0031098
4822.75,0.008148315,-0.00362739
4823,0.008163225,-0.003170505
4823.25,0.009145155,-0.00274983
4823.5,0.008007735,-0.00356136
4823.75,0.008227125,-0.0045156
4824,0.008280375,-0.00284142
4824.25,0.008493375,-0.00252192
4824.5,0.00854556,-0.00271362
4824.75,0.008031165,-0.002887215
4825,0.00755298,-0.00303312
4825.25,0.00763392,-0.003008625
4825.5,0.00770208,-0.00302247
4825.75,0.00804927,-0.003232275
4826,0.008109975,-0.003451665
4826.25,0.009439095,-0.00204906
4826.5,0.01001313,-0.001820085
4826.75,0.008885295,-0.00308637
4827,0.009566895,-0.003982035
4827.25,0.00818985,-0.003892575
4827.5,0.007451805,-0.003366465
4827.75,0.00819624,-0.00359544
4828,0.008723415,-0.00388512
4828.25,0.00813021,-0.003377115
4828.5,0.008802225,-0.001943625
4828.75,0.00743583,-0.002407965
4829,0.0079023,-0.00350811
4829.25,0.00768717,-0.003458055
4829.5,0.00810891,-0.00336753
4829.75,0.00871383,-0.002789235
4830,0.008946,-0.00225141
4830.25,0.0086691,-0.002770065
4830.5,0.00818133,-0.00269658
4830.75,0.007871415,-0.00145053
4831,0.00697149,-0.001238595
4831.25,0.00738684,-0.00147183
4831.5,0.016027185,-0.002065035
4831.75,0.02148318,-0.003383505
4832,0.019816455,-0.00292236
4832.25,0.02242251,-0.0024495
4832.5,0.033733875,-0.00312471
4832.75,0.055221315,-0.004816995
4833,0.05764419,-0.00394902
4833.25,0.0606411,-0.003387765
4833.5,0.065637015,-0.004416555
4833.75,0.06980862,-0.00537612
4834,0.072067485,-0.00591714
4834.25,0.07015155,-0.00569349
4834.5,0.057636735,-0.004936275
4834.75,0.063417555,-0.00545919
4835,0.062260965,-0.005741415
4835.25,0.06367422,-0.00527814
4835.5,0.059423805,-0.00686286
4835.75,0.05906064,-0.008035425
4836,0.06496713,-0.007839465
4836.25,0.056179815,-0.006325035
4836.5,0.05827254,-0.006022575
4836.75,0.065091735,-0.00574887
4837,0.049934655,-0.005089635
4837.25,0.04513044,-0.0047286
4837.5,0.052211625,-0.005366535
4837.75,0.053553525,-0.006263265
4838,0.05294967,-0.0056019
4838.25,0.05335224,-0.005498595
4838.5,0.04933293,-0.00545067
4838.75,0.038479515,-0.00450069
4839,0.0344847,-0.00387234
4839.25,0.03209697,-0.00455607
4839.5,0.030372735,-0.005027865
4839.75,0.03049734,-0.00635805
4840,0.030577215,-0.006710565
4840.25,0.02961765,-0.00656892
4840.5,0.024875205,-0.00397245
4840.75,0.02339166,-0.00386169
4841,0.026979645,-0.00454116
4841.25,0.01998366,-0.004981005
4841.5,0.024907155,-0.008235645
4841.75,0.01371507,-0.00576591
4842,0.009364545,-0.004444245
4842.25,0.010550955,-0.004388865
4842.5,0.01181511,-0.00310767
4842.75,0.00800667,-0.002045865
4843,0.007681845,-0.001690155
4843.25,0.009049305,-0.00249849
4843.5,0.007275015,-0.002324895
4843.75,0.00784905,-0.00235152
4844,0.008452905,-0.003198195
4844.25,0.00695445,-0.00290532
4844.5,0.006699915,-0.002982
4844.75,0.007385775,-0.002880825
4845,0.00786396,-0.002263125
4845.25,0.00864993,-0.0024495
4845.5,0.00757002,-0.00231744
4845.75,0.006940605,-0.002938335
4846,0.007076925,-0.00321417
4846.25,0.007720185,-0.002635875
4846.5,0.007758525,-0.002563455
4846.75,0.00750612,-0.002365365
4847,0.00587241,-0.00300117
4847.25,0.007353825,-0.00289041
4847.5,0.0085626,-0.002865915
4847.75,0.007820295,-0.002459085
4848,0.007886325,-0.002465475
4848.25,0.007794735,-0.003100215
4848.5,0.006685005,-0.002565585
4848.75,0.006804285,-0.00215556
4849,0.00697362,-0.00264759
4849.25,0.00679683,-0.00239625
4849.5,0.008553015,-0.002218395
4849.75,0.007741485,-0.00267102
4850,0.00779793,-0.00172104
4850.25,0.008212215,-0.002013915
4850.5,0.007675455,-0.001862685
4850.75,0.008591355,-0.00241542
4851,0.006804285,-0.002738115
4851.25,0.00696723,-0.00279243
4851.5,0.00689907,-0.003044835
4851.75,0.00721005,-0.00263055
4852,0.007183425,-0.002614575
4852.25,0.007568955,-0.002348325
4852.5,0.00754659,-0.00194682
4852.75,0.00706095,-0.00165075
4853,0.00771273,-0.00176364
4853.25,0.006829845,-0.00038553
4853.5,0.00727821,-0.00053676
4853.75,0.00705882,-0.000623025
4854,0.00627285,-0.000895665
4854.25,0.006989595,-0.000612375
4854.5,0.007372995,-0.000546345
4854.75,0.0071781,-0.00012141
4855,0.007121655,-0.000205545
4855.25,0.008344275,0.00010224
4855.5,0.01051794,8.307e-05
4855.75,0.0098619,-0.000184245
4856,0.01313571,0.0005964
4856.25,0.02262912,1.3845e-05
4856.5,0.02557704,-0.00027903
4856.75,0.02343426,-0.000554865
4857,0.04199508,-0.001189605
4857.25,0.04293228,-0.001483545
4857.5,0.04523481,-0.002001135
4857.75,0.04119846,-0.002693385
4858,0.041239995,-0.002139585
4858.25,0.04108557,-0.000582555
4858.5,0.036643455,0.0002982
4858.75,0.037866075,1.8105e-05
4859,0.03677871,-0.001098015
4859.25,0.042656445,-0.000919095
4859.5,0.04676841,-0.002229045
4859.75,0.04978023,-0.003027795
4860,0.03873405,-0.00247293
4860.25,0.02883807,-0.002512335
4860.5,0.028758195,-0.002380275
4860.75,0.036824505,-0.00274344
4861,0.028119195,-0.00263481
4861.25,0.024813435,-0.002361105
4861.5,0.022975245,-0.00232809
4861.75,0.024336315,-0.0027264
4862,0.023145645,-0.002128935
4862.25,0.018638565,-0.00196812
4862.5,0.01616457,-0.002222655
4862.75,0.01600908,-0.002203485
4863,0.019903785,-0.00223863
4863.25,0.019141245,-0.00170613
4863.5,0.016649145,-0.00056445
4863.75,0.01315062,-0.000789165
4864,0.01457133,-0.001121445
4864.25,0.016080435,-0.000723135
4864.5,0.019388325,0.00012354
4864.75,0.015181575,-0.000126735
4865,0.01306968,-0.000314175
4865.25,0.01080336,-0.000252405
4865.5,0.00737406,-0.001019205
4865.75,0.00882459,-0.000727395
4866,0.00955518,-0.000861585
4866.25,0.010774605,3.3015e-05
4866.5,0.0091803,0.000642195
4866.75,0.007426245,0.00052611
4867,0.008604135,0.00031311
4867.25,0.008141925,-2.769e-05
4867.5,0.00750399,-0.0002556
4867.75,0.01002591,-2.2365e-05
4868,0.00863928,0.000148035
4868.25,0.007967265,-3.195e-05
4868.5,0.008120625,0.000422805
4868.75,0.00785757,-0.00026838
4869,0.00769569,-0.000601725
4869.25,0.00859881,-0.000307785
4869.5,0.00710994,-1.278e-05
4869.75,0.006691395,2.13e-05
4870,0.00734637,0.000218325
4870.25,0.00810678,0.000141645
4870.5,0.00813447,0.000194895
4870.75,0.00722283,0.00027903
4871,0.00888849,-7.3485e-05
4871.25,0.01027086,-4.7925e-05
4871.5,0.00914622,-0.00056445
4871.75,0.007547655,-0.000642195
4872,0.00782562,-0.00099045
4872.25,0.00764883,-0.00083922
4872.5,0.008763885,-0.000846675
4872.75,0.00758919,-0.001225815
4873,0.00773829,-0.00101601
4873.25,0.008229255,-0.00101601
4873.5,0.00879903,-0.00105009
4873.75,0.010274055,-0.00090525
4874,0.008944935,-0.00062409
4874.25,0.009241005,-0.000482445
4874.5,0.008308065,-0.00102453
4874.75,0.008538105,-0.000833895
4875,0.007896975,-0.00118215
4875.25,0.00946785,-0.001187475
4875.5,0.008235645,-0.000906315
4875.75,0.00822606,-0.00105222
4876,0.00736341,-0.000654975
4876.25,0.00815364,-0.000633675
4876.5,0.00838155,-0.000224715
4876.75,0.008893815,-0.000292875
4877,0.00921438,-0.00036636
4877.25,0.009364545,-0.000292875
4877.5,0.007524225,-0.00080301
4877.75,0.0073911,-0.00086265
4878,0.00775533,-0.00089673
4878.25,0.0080301,-0.00084774
4878.5,0.00747417,-0.000256665
4878.75,0.00633249,5.6445e-05
4879,0.00569349,0.00024708
4879.25,0.00895878,1.065e-05
4879.5,0.008653125,0.000563385
4879.75,0.010452975,0.00025986
4880,0.01164258,0.000505875
4880.25,0.02616066,-0.000179985
4880.5,0.022527945,-0.000467535
4880.75,0.024434295,-0.000674145
4881,0.024495,-0.00096915
4881.25,0.02490396,-0.00084987
4881.5,0.02859312,-0.000974475
4881.75,0.0280947,-0.00103944
4882,0.02461215,-0.00102453
4882.25,0.023045535,-0.00123753
4882.5,0.021162615,-0.000537825
4882.75,0.020116785,-1.065e-06
4883,0.02016045,-0.00051972
4883.25,0.024353355,-0.000895665
4883.5,0.02348112,-0.00164649
4883.75,0.024611085,-0.001609215
4884,0.027013725,-0.00129717
4884.25,0.027209685,-0.001161915
4884.5,0.03144306,-0.001106535
4884.75,0.029154375,-0.001038375
4885,0.023761215,-0.0008094
4885.25,0.02933862,-0.000527175
4885.5,0.03108948,-0.000620895
4885.75,0.030811515,-0.00098193
4886,0.031880775,-0.00111612
4886.25,0.036922485,-0.000899925
4886.5,0.032622015,-0.001125705
4886.75,0.04078524,-0.00029607
4887,0.08376864,0.00035145
4887.25,0.06476265,-3.3015e-05
4887.5,0.071632965,8.946e-05
4887.75,0.040488105,-6.39e-06
4888,0.02250984,-1.491e-05
4888.25,0.025111635,0.00024069
4888.5,0.02739393,0.00045156
4888.75,0.032189625,0.000295005
4889,0.03460185,0.000295005
4889.25,0.035284515,0.000605985
4889.5,0.03766479,-0.000239625
4889.75,0.03844437,-0.0001278
4890,0.033175815,-0.0005538
4890.25,0.023320305,0.000252405
4890.5,0.01043913,0.001051155
4890.75,0.010199505,0.00054102
4891,0.008751105,-0.00118215
4891.25,0.008035425,9.798e-05
4891.5,0.012887565,-0.001413255
4891.75,0.00846249,-0.001426035
4892,0.009692565,-0.001747665
4892.25,0.00725691,-0.001871205
4892.5,0.007937445,-0.002772195
4892.75,0.008250555,-0.002874435
4893,0.00738258,-0.00316305
4893.25,0.01058397,-0.00290532
4893.5,0.009034395,-0.003764775
4893.75,0.008557275,-0.002797755
4894,0.01069686,-0.002580495
4894.25,0.008256945,-0.003002235
4894.5,0.009667005,-0.002079945
4894.75,0.008504025,-0.00220455
4895,0.01121019,-0.002951115
4895.25,0.00921012,-0.002090595
4895.5,0.008308065,-0.003430365
4895.75,0.012246435,-0.00331854
4896,0.007666935,-0.003306825
4896.25,0.008863995,-0.003443145
4896.5,0.008885295,-0.004039545
4896.75,0.009096165,-0.00262842
4897,0.00841776,-0.00296922
4897.25,0.008866125,-0.003008625
4897.5,0.012116505,-0.00296496
4897.75,0.010983345,-0.00250701
4898,0.01107813,-0.001786005
4898.25,0.01068195,-0.001583655
4898.5,0.00824523,-0.00212361
4898.75,0.01157016,-0.00272853
4899,0.009051435,-0.002631615
4899.25,0.010197375,-0.002623095
4899.5,0.01056054,-0.002580495
4899.75,0.009089775,-0.003029925
4900,0.01149135,-0.002812665
4900.25,0.00865845,-0.00207249
4900.5,0.01059675,-0.00212574
4900.75,0.009581805,-0.00273492
4901,0.00843906,-0.001862685
4901.25,0.011253855,-0.00197025
4901.5,0.009085515,-0.002212005
4901.75,0.01076289,-0.00190635
4902,0.00953814,-0.002740245
4902.25,0.00848805,-0.002305725
4902.5,0.01072881,-0.0025986
4902.75,0.008474205,-0.00204054
4903,0.02053107,-0.0015336
4903.25,0.02269941,-0.000742305
4903.5,0.028628265,-0.000488835
4903.75,0.03150483,-0.0012567
4904,0.02970285,-0.002693385
4904.25,0.02721927,-0.002944725
4904.5,0.030602775,-0.00164649
4904.75,0.036813855,-0.002821185
4905,0.049457535,-0.00331428
4905.25,0.04762893,-0.002194965
4905.5,0.072165465,-0.00547836
4905.75,0.07336146,-0.00442401
4906,0.06868611,-0.00555291
4906.25,0.08330004,-0.00535056
4906.5,0.05938014,-0.004007595
4906.75,0.06991512,-0.004467675
4907,0.067724415,-0.00457098
4907.25,0.07098651,-0.00398949
4907.5,0.0759984,-0.00569349
4907.75,0.072431715,-0.003973515
4908,0.07584717,-0.004139655
4908.25,0.06675846,-0.00423231
4908.5,0.068080125,-0.00440058
4908.75,0.05240652,-0.00582129
4909,0.041152665,-0.005006565
4909.25,0.038709555,-0.00563598
4909.5,0.03999927,-0.00504171
4909.75,0.047050635,-0.00369555
4910,0.0512265,-0.003777555
4910.25,0.039938565,-0.003879795
4910.5,0.049229625,-0.003711525
4910.75,0.04778016,-0.00457311
4911,0.047461725,-0.006154635
4911.25,0.039757515,-0.00393624
4911.5,0.03809718,-0.00362313
4911.75,0.03055698,-0.00289893
4912,0.026830545,-0.00273279
4912.25,0.02168553,-0.002114025
4912.5,0.023856,-0.00165075
4912.75,0.02749191,-0.001647555
4913,0.034977795,-0.00288615
4913.25,0.028777365,-0.002833965
4913.5,0.03205437,-0.002770065
4913.75,0.03272319,-0.00287124
4914,0.02786466,-0.00209166
4914.25,0.019793025,-0.00190848
4914.5,0.01498029,-0.001519755
4914.75,0.01543398,-0.00265185
4915,0.015756675,-0.003641235
4915.25,0.01457133,-0.003800985
4915.5,0.0165714,-0.004048065
4915.75,0.008431605,-0.0028542
4916,0.00761901,-0.003294045
4916.25,0.005345235,-0.00376158
4916.5,0.0061344,-0.002395185
4916.75,0.006710565,-0.00220029
4917,0.00578721,-0.002120415
4917.25,0.006391065,-0.0024708
4917.5,0.00575739,-0.0040683
4917.75,0.00514395,-0.00274983
4918,0.00473712,-0.00228336
4918.25,0.005121585,-0.00194469
4918.5,0.005717985,-0.00158259
4918.75,0.00538038,-0.001807305
4919,0.0058575,-0.002533635
4919.25,0.00582768,-0.003451665
4919.5,0.00586389,-0.002906385
4919.75,0.006699915,-0.00220668
4920,0.006546555,-0.00171678
4920.25,0.00619617,-0.00210231
4920.5,0.005943765,-0.00197451
4920.75,0.005068335,-0.002601795
4921,0.0053463,-0.002891475
4921.25,0.006146115,-0.00333132
4921.5,0.00655827,-0.00374454
4921.75,0.00639213,-0.003228015
4922,0.006499695,-0.003634845
4922.25,0.00666051,-0.00465192
4922.5,0.006778725,-0.004175865
4922.75,0.00647307,-0.002963895
4923,0.005479425,-0.002863785
4923.25,0.00633036,-0.00245802
4923.5,0.00672654,-0.0016614
4923.75,0.00675636,-0.00213
4924,0.00649011,-0.001977705
4924.25,0.006770205,-0.002606055
4924.5,0.0051759,-0.003513435
4924.75,0.00658596,-0.00310341
4925,0.00683304,-0.003112995
4925.25,0.00587667,-0.0024708
4925.5,0.006354855,-0.003042705
4925.75,0.00594696,-0.002987325
4926,0.006256875,-0.003764775
4926.25,0.00596187,-0.00316092
4926.5,0.006623235,-0.00243459
4926.75,0.006846885,-0.001960665
4927,0.00665625,-0.001368525
4927.25,0.007253715,-0.000944655
4927.5,0.006429405,-0.000780645
4927.75,0.012555285,-0.001091625
4928,0.021895335,-0.00034719
4928.25,0.01603251,-0.00092229
4928.5,0.027077625,-0.00173169
4928.75,0.043551045,-0.00275835
4929,0.04890267,-0.002951115
4929.25,0.046394595,-0.003055485
4929.5,0.03861903,-0.004399515
4929.75,0.02668677,-0.003268485
4930,0.038513595,-0.006307995
4930.25,0.03960522,-0.005965065
4930.5,0.03404805,-0.005881995
4930.75,0.040490235,-0.00579573
4931,0.040554135,-0.005458125
4931.25,0.053792085,-0.005971455
4931.5,0.0535056,-0.00599169
4931.75,0.06008517,-0.00687138
4932,0.06010434,-0.00847953
4932.25,0.045919605,-0.00970428
4932.5,0.0360396,-0.00760836
4932.75,0.03597996,-0.007042845
4933,0.031829655,-0.006510345
4933.25,0.03144306,-0.00528027
4933.5,0.03120876,-0.005999145
4933.75,0.03604173,-0.00536547
4934,0.034916025,-0.004580565
4934.25,0.037322925,-0.00528453
4934.5,0.03363483,-0.004995915
4934.75,0.031578315,-0.00548475
4935,0.0298626,-0.00490539
4935.25,0.031260945,-0.00491604
4935.5,0.025501425,-0.003741345
4935.75,0.02787105,-0.00393198
4936,0.02711064,-0.005255775
4936.25,0.03034398,-0.00502041
4936.5,0.025337415,-0.004529445
4936.75,0.02186232,-0.00345699
4937,0.02400084,-0.00376371
4937.25,0.023676015,-0.003790335
4937.5,0.029105385,-0.00498207
4937.75,0.022951815,-0.00315666
4938,0.018359535,-0.001509105
4938.25,0.015115545,-0.00147183
4938.5,0.00914622,-0.00189996
4938.75,0.00646881,-0.001055415
4939,0.006616845,-0.00150165
4939.25,0.00648798,-0.00159111
4939.5,0.00588519,-0.002105505
4939.75,0.004523055,-0.002060775
4940,0.006150375,-0.00272001
4940.25,0.00665625,-0.00194043
4940.5,0.007692495,-0.001545315
4940.75,0.00666051,-0.001607085
4941,0.006538035,-0.001604955
4941.25,0.00745074,-0.0005112
4941.5,0.00812169,-0.00094572
4941.75,0.006576375,-0.00213
4942,0.00636231,-0.002482515
4942.25,0.00625155,-0.00257517
4942.5,0.005347365,-0.00248571
4942.75,0.005157795,-0.002661435
4943,0.00515673,-0.00300969
4943.25,0.004682805,-0.003409065
4943.5,0.005251515,-0.002156625
4943.75,0.007600905,-0.001251375
4944,0.00659022,-0.001328055
4944.25,0.006188715,-0.000646455
4944.5,0.005089635,-0.00049416
4944.75,0.00533565,-0.00103305
4945,0.004795695,-0.002833965
4945.25,0.00460506,-0.00218964
4945.5,0.004742445,-0.00237495
4945.75,0.005029995,-0.002491035
4946,0.00503319,-0.002701905
4946.25,0.005411265,-0.00287337
4946.5,0.00442188,-0.002603925
4946.75,0.00445383,-0.002674215
4947,0.005351625,-0.00068586
4947.25,0.006540165,-0.000646455
4947.5,0.00621108,-0.00097341
4947.75,0.00628776,-0.001462245
4948,0.00576591,-0.00148674
4948.25,0.0047286,-0.002842485
4948.5,0.004719015,-0.00277965
4948.75,0.004446375,-0.002386665
4949,0.0046221,-0.002710425
4949.25,0.004614645,-0.00302886
4949.5,0.00483084,-0.002814795
4949.75,0.00466896,-0.002812665
4950,0.00499485,-0.002537895
4950.25,0.00612375,-0.001628385
4950.5,0.00598956,-0.00045369
4950.75,0.00553587,-0.001304625
4951,0.00525258,-0.001040505
4951.25,0.005289855,-0.000978735
4951.5,0.00462636,-0.001332315
4951.75,0.004433595,-0.001841385
4952,0.00259008,-0.001939365
4952.25,0.002914905,-0.002011785
4952.5,0.00302886,-0.001694415
4952.75,0.002499555,-0.0015762
4953,0.00352941,-0.00135894
4953.25,0.00311619,-0.001251375
4953.5,0.003294045,-0.00168057
4953.75,0.003813765,-0.00222798
4954,0.003187545,-0.001641165
4954.25,0.00431325,-0.001055415
4954.5,0.002612445,-0.00052398
4954.75,0.003223755,-0.0005325
4955,0.00243459,-0.000591075
4955.25,0.003975645,-0.000765735
4955.5,0.005392095,-0.00072207
4955.75,0.00435372,-0.0015549
4956,0.0067521,-0.001417515
4956.25,0.006178065,-0.00141858
4956.5,0.00524832,-0.00130356
4956.75,0.00450921,-0.00169974
4957,0.003332385,-0.000923355
4957.25,0.003590115,-0.000838155
4957.5,0.00641982,-0.00083496
4957.75,0.00499272,-0.000625155
4958,0.00515034,-0.000467535
4958.25,0.007432635,-0.00097554
4958.5,0.00677553,-0.00084987
4958.75,0.00780006,-6.39e-06
4959,0.00782349,-0.000473925
4959.25,0.005997015,-0.00151656
4959.5,0.00363165,-0.00196173
4959.75,0.00338883,-0.00169974
4960,0.003922395,-0.002133195
4960.25,0.0051546,-0.002022435
4960.5,0.004710495,-0.00155064
4960.75,0.004175865,-0.001157655
4961,0.004420815,-0.000836025
4961.25,0.0054741,-0.000616635
4961.5,0.00427491,-0.000825375
4961.75,0.00461145,-0.00030246
4962,0.005692425,-0.00025134
4962.25,0.006199365,-0.00155916
4962.5,0.005200395,-0.00149952
4962.75,0.005896905,-0.001293975
4963,0.00574035,-0.00131421
4963.25,0.00491391,-0.00144201
4963.5,0.0053037,-0.00152295
4963.75,0.005798925,-0.001830735
4964,0.0071994,-0.0021726
4964.25,0.00711207,-0.001176825
4964.5,0.007379385,-0.00045369
4964.75,0.00768291,-0.00060492
4965,0.00706308,-0.001198125
4965.25,0.006661575,-0.0013632
4965.5,0.00501189,-0.00233235
4965.75,0.004872375,-0.002182185
4966,0.00497994,-0.002205615
4966.25,0.005019345,-0.00254748
4966.5,0.00550818,-0.00296283
4966.75,0.004738185,-0.002429265
4967,0.004680675,-0.002746635
4967.25,0.005475165,-0.00189357
4967.5,0.007111005,-0.000635805
4967.75,0.00530157,-0.000746565
4968,0.005679645,-0.00042813
4968.25,0.00602364,-0.000782775
4968.5,0.005700945,-0.00051759
4968.75,0.004412295,-0.000882885
4969,0.004623165,-0.001781745
4969.25,0.00487131,-0.00210018
4969.5,0.005096025,-0.00249636
4969.75,0.005328195,-0.00253896
4970,0.00487344,-0.001994745
4970.25,0.00527388,-0.001734885
4970.5,0.005894775,-0.0017892
4970.75,0.008427345,-0.000878625
4971,0.005607225,-0.00102027
4971.25,0.007243065,-0.00161241
4971.5,0.005568885,-0.00122901
4971.75,0.00607263,-0.00126309
4972,0.004908585,-0.002167275
4972.25,0.004621035,-0.00236217
4972.5,0.004337745,-0.00226845
4972.75,0.004344135,-0.002275905
4973,0.00500124,-0.00232383
4973.25,0.004840425,-0.001730625
4973.5,0.005430435,-0.001253505
4973.75,0.005492205,-0.001176825
4974,0.006158895,-0.001164045
4974.25,0.00660087,-0.00077745
4974.5,0.006523125,-0.000735915
4974.75,0.006906525,-0.00070503
4975,0.007006635,-0.000580425
4975.25,0.006037485,-0.00098619
4975.5,0.006107775,-0.00108204
4975.75,0.005943765,-0.00111186
4976,0.003085305,-0.00054102
4976.25,0.00268167,-0.00063261
4976.5,0.004003335,-0.00047712
4976.75,0.004037415,-0.000535695
4977,0.00364017,-0.00103731
4977.25,0.00351876,-0.001191735
4977.5,0.003907485,-0.000563385
4977.75,0.005545455,-0.00066456
4978,0.00345699,-0.000486705
4978.25,0.003538995,-0.00031737
4978.5,0.0037275,-4.047e-05
4978.75,0.00328659,-0.00057936
4979,0.004344135,-0.00099258
4979.25,0.004819125,-0.00070716
4979.5,0.003210975,-0.000644325
4979.75,0.003607155,-0.00080727
4980,0.004182255,-0.001509105
4980.25,0.00427917,-0.001639035
4980.5,0.003106605,-0.001142745
4980.75,0.005909685,-0.000718875
4981,0.002767935,-0.00060066
4981.25,0.00329724,-0.00068586
4981.5,0.004921365,-0.00086691
4981.75,0.00365934,-0.00122901
4982,0.004540095,-0.001730625
4982.25,0.004917105,-0.00147183
4982.5,0.00398736,-0.00108843
4982.75,0.004269585,-0.00140793
4983,0.00420036,-0.001918065
4983.25,0.003933045,-0.00179346
4983.5,0.00273918,-0.001496325
4983.75,0.004097055,-0.001117185
4984,0.00590862,-0.00073485
4984.25,0.005027865,-0.00067521
4984.5,0.006312255,-0.00070077
4984.75,0.00574887,-0.000767865
4985,0.006320775,-0.00066669
4985.25,0.00539529,-0.00077745
4985.5,0.004853205,-0.001238595
4985.75,0.005507115,-0.001453725
4986,0.00667968,-0.00111399
4986.25,0.006359115,-0.001251375
4986.5,0.004983135,-0.0017253
4986.75,0.0050694,-0.001313145
4987,0.005411265,-0.00160176
4987.25,0.00692463,-0.00112464
4987.5,0.006316515,-0.001070325
4987.75,0.00596613,-0.00097128
4988,0.00851148,-0.00049203
4988.25,0.006254745,-0.000769995
4988.5,0.005519895,-0.002086335
4988.75,0.005549715,-0.00209592
4989,0.00490326,-0.002092725
4989.25,0.00613227,-0.002459085
4989.5,0.00574887,-0.002205615
4989.75,0.005790405,-0.002348325
4990,0.004955445,-0.002491035
4990.25,0.00659661,-0.003091695
4990.5,0.00677766,-0.00162519
4990.75,0.008173875,-0.000548475
4991,0.007236675,-0.000863715
4991.25,0.00581064,-0.00168483
4991.5,0.0079023,-0.00126096
4991.75,0.006060915,-0.002697645
4992,0.00548688,-0.002559195
4992.25,0.00552735,-0.00255387
4992.5,0.00514608,-0.00251979
4992.75,0.004768005,-0.002674215
4993,0.005487945,-0.00240477
4993.25,0.005304765,-0.00258795
4993.5,0.00512265,-0.001988355
4993.75,0.00575739,-0.00120558
4994,0.007111005,-0.00098832
4994.25,0.005334585,-0.00148674
4994.5,0.00598317,-0.001670985
4994.75,0.00825588,-0.002007525
4995,0.00712485,-0.00274983
4995.25,0.00662643,-0.00295857
4995.5,0.0062196,-0.00293088
4995.75,0.006395325,-0.002733855
4996,0.005686035,-0.00265611
4996.25,0.006099255,-0.00290958
4996.5,0.005645565,-0.00276261
4996.75,0.00672867,-0.001645425
4997,0.008525325,-0.002169405
4997.25,0.006817065,-0.00132699
4997.5,0.00690972,-0.001536795
4997.75,0.007140825,-0.001457985
4998,0.006644535,-0.001534665
4998.25,0.00682452,-0.001781745
4998.5,0.006572115,-0.00309489
4998.75,0.005668995,-0.002814795
4999,0.005306895,-0.002765805
4999.25,0.01082892,-0.003189675
4999.5,0.021207345,-0.002478255
4999.75,0.022161585,-0.0021513
5000,0.010246365,-0.00145692
5000.25,0.016440405,-0.002043735
5000.5,0.01270545,-0.00257304
5000.75,0.018308415,-0.002316375
5001,0.02227554,-0.00332067
5001.25,0.0326316,-0.00207462
5001.5,0.05071317,-0.003004365
5001.75,0.035638095,-0.003636975
5002,0.050367045,-0.004320705
5002.25,0.04946925,-0.00348681
5002.5,0.041082375,-0.00313962
5002.75,0.043557435,-0.00286698
5003,0.03048882,-0.003029925
5003.25,0.025699515,-0.003383505
5003.5,0.030883935,-0.004561395
5003.75,0.025852875,-0.00427278
5004,0.03414177,-0.005443215
5004.25,0.02922573,-0.00479463
5004.5,0.030506925,-0.00541872
5004.75,0.02969007,-0.0047925
5005,0.02912775,-0.003709395
5005.25,0.03389043,-0.002795625
5005.5,0.037031115,-0.003245055
5005.75,0.04090452,-0.003813765
5006,0.03652098,-0.00418758
5006.25,0.03728352,-0.00350172
5006.5,0.04063614,-0.00335049
5006.75,0.03973089,-0.003590115
5007,0.043932315,-0.005745675
5007.25,0.03240156,-0.002782845
5007.5,0.04064253,-0.003151335
5007.75,0.037702065,-0.00283503
5008,0.022642965,-0.00296496
5008.25,0.02242677,-0.003509175
5008.5,0.01850544,-0.00385956
5008.75,0.024193605,-0.00431964
5009,0.023373555,-0.004439985
5009.25,0.02094429,-0.003291915
5009.5,0.025258605,-0.004516665
5009.75,0.0211509,-0.004190775
5010,0.02016258,-0.004512405
5010.25,0.02307855,-0.004885155
5010.5,0.01652667,-0.001421775
5010.75,0.01646064,-0.001347225
5011,0.016082565,-0.00117789
5011.25,0.016252965,-0.00118002
5011.5,0.015077205,-0.00182541
5011.75,0.01633071,-0.00238134
5012,0.014838645,-0.00218325
5012.25,0.00545067,-0.001306755
5012.5,0.0062196,-0.00127587
5012.75,0.00543576,-0.000919095
5013,0.00565728,-0.00110973
5013.25,0.005421915,-0.00184032
5013.5,0.005110935,-0.0016614
5013.75,0.005317545,-0.00156555
5014,0.00705243,-0.00105009
5014.25,0.00655188,-0.00130995
5014.5,0.00707586,-0.00138663
5014.75,0.00601725,-0.001775355
5015,0.00529305,-0.00251766
5015.25,0.00461358,-0.00239838
5015.5,0.00603429,-0.002914905
5015.75,0.00669246,-0.002410095
5016,0.005671125,-0.00204906
5016.25,0.006489045,-0.002111895
5016.5,0.00591714,-0.00248997
5016.75,0.00542724,-0.002199225
5017,0.00611097,-0.002761545
5017.25,0.00558699,-0.00322056
5017.5,0.006840495,-0.00276048
5017.75,0.00737832,-0.001704
5018,0.00741666,-0.001905285
5018.25,0.00594483,-0.001781745
5018.5,0.00563385,-0.002944725
5018.75,0.00636231,-0.00348894
5019,0.005051295,-0.003106605
5019.25,0.006227055,-0.003592245
5019.5,0.00730164,-0.002145975
5019.75,0.006331425,-0.001768965
5020,0.005539065,-0.001879725
5020.25,0.006088605,-0.0018318
5020.5,0.005600835,-0.00175512
5020.75,0.006165285,-0.00142923
5021,0.004904325,-0.00165714
5021.25,0.005920335,-0.00250488
5021.5,0.00604494,-0.002288685
5021.75,0.00676701,-0.00135681
5022,0.00639,-0.001611345
5022.25,0.006936345,-0.00138663
5022.5,0.006623235,-0.001300365
5022.75,0.00512052,-0.00158472
5023,0.00522276,-0.001264155
5023.25,0.006461355,-0.00041109
5023.5,0.006520995,-0.00062409
5023.75,0.0065391,-0.000403635
5024,0.013986645,-0.000669885
5024.25,0.019228575,-0.00081153
5024.5,0.024856035,-0.00188718
5024.75,0.03368382,-0.002853135
5025,0.02394546,-0.00285207
5025.25,0.02882955,-0.003343035
5025.5,0.030555915,-0.003922395
5025.75,0.02586459,-0.00388086
5026,0.02793495,-0.00347829
5026.25,0.029337555,-0.004410165
5026.5,0.02134899,-0.00278604
5026.75,0.031701855,-0.003958605
5027,0.033459105,-0.00410877
5027.25,0.04622526,-0.004838295
5027.5,0.044982405,-0.004499625
5027.75,0.043059015,-0.0047499
5028,0.04965882,-0.005845785
5028.25,0.046709835,-0.006218535
5028.5,0.05160351,-0.005818095
5028.75,0.04933293,-0.00576804
5029,0.036994905,-0.005779755
5029.25,0.03557739,-0.00419184
5029.5,0.04463202,-0.004672155
5029.75,0.0444957,-0.00450282
5030,0.04442115,-0.0058362
5030.25,0.038027955,-0.00535908
5030.5,0.040157955,-0.00437289
5030.75,0.04150305,-0.005147145
5031,0.032166195,-0.00355071
5031.25,0.032125725,-0.00327807
5031.5,0.03300009,-0.0023856
5031.75,0.04160742,-0.00251553
5032,0.041501985,-0.00154212
5032.25,0.04144341,-0.000985125
5032.5,0.033286575,-0.000880755
5032.75,0.02947281,-0.00077532
5033,0.03102984,-0.0015762
5033.25,0.03400119,-0.00224502
5033.5,0.033578385,-0.00322908
5033.75,0.023697315,-0.00186162
5034,0.02070573,-0.000821115
5034.25,0.02101245,-0.001457985
5034.5,0.01889736,-0.002614575
5034.75,0.019232835,-0.00141006
5035,0.020191335,-0.0011076
5035.25,0.00838581,-0.001268415
5035.5,0.009034395,-0.001029855
5035.75,0.008727675,-0.000906315
5036,0.008761755,-0.00093507
5036.25,0.0094572,-0.00099684
5036.5,0.00780432,-0.001664595
5036.75,0.007794735,-0.002018175
5037,0.00885441,-0.001694415
5037.25,0.00762327,-0.00120984
5037.5,0.008757495,-0.00124392
5037.75,0.00744435,-0.001502715
5038,0.007255845,-0.002199225
5038.25,0.007451805,-0.002371755
5038.5,0.00667755,-0.001958535
5038.75,0.00651354,-0.002060775
5039,0.007745745,-0.00248571
5039.25,0.00726756,-0.00175725
5039.5,0.008893815,-0.001621995
5039.75,0.00786822,-0.002252475
5040,0.00826653,-0.001526145
5040.25,0.009385845,-0.00257091
5040.5,0.006239835,-0.002505945
5040.75,0.00803436,-0.002120415
5041,0.008344275,-0.001590045
5041.25,0.008073765,-0.00143136
5041.5,0.00811317,-0.001896765
5041.75,0.00791721,-0.00251979
5042,0.00849231,-0.003068265
5042.25,0.008386875,-0.003732825
5042.5,0.00797259,-0.003238665
5042.75,0.00999609,-0.0030459
5043,0.008088675,-0.002691255
5043.25,0.008224995,-0.001630515
5043.5,0.007752135,-0.001457985
5043.75,0.009818235,-0.00156981
5044,0.007905495,-0.001532535
5044.25,0.00703113,-0.00248145
5044.5,0.007554045,-0.002327025
5044.75,0.00877347,-0.00243246
5045,0.00866697,-0.001762575
5045.25,0.009068475,-0.00184032
5045.5,0.00852426,-0.002465475
5045.75,0.007507185,-0.00219177
5046,0.00840711,-0.00220668
5046.25,0.007402815,-0.001999005
5046.5,0.007577475,-0.00184884
5046.75,0.006222795,-0.001653945
5047,0.006676485,-0.00142284
5047.25,0.007311225,-0.00127587
5047.5,0.00899712,-0.00145053
5047.75,0.010427415,-0.00119493
5048,0.012348675,-0.00087756
5048.25,0.0153999,-0.000959565
5048.5,0.01762788,-0.001006425
5048.75,0.029429145,-0.002407965
5049,0.03406296,-0.003196065
5049.25,0.01868223,-0.00043026
5049.5,0.030334395,-0.00181689
5049.75,0.03085518,-0.001187475
5050,0.039802245,-0.002026695
5050.25,0.031473945,-0.002770065
5050.5,0.030658155,-0.001647555
5050.75,0.03223755,-0.00065817
5051,0.03743901,-0.00141219
5051.25,0.049894185,-0.00237282
5051.5,0.04897296,-0.003021405
5051.75,0.05580813,-0.00342078
5052,0.035344155,-0.003110865
5052.25,0.043970655,-0.002742375
5052.5,0.043644765,-0.00386169
5052.75,0.049261575,-0.003617805
5053,0.03238026,-0.00324186
5053.25,0.02594979,-0.00335901
5053.5,0.040032285,-0.003494265
5053.75,0.048384015,-0.00445383
5054,0.0349959,-0.004339875
5054.25,0.04431039,-0.003673185
5054.5,0.034681725,-0.00254535
5054.75,0.04791222,-0.00205758
5055,0.03065283,-0.00215769
5055.25,0.029784855,-0.001783875
5055.5,0.02657601,-0.003334515
5055.75,0.021373485,-0.003262095
5056,0.02150022,-0.003690225
5056.25,0.022958205,-0.00450708
5056.5,0.02157477,-0.005036385
5056.75,0.019999635,-0.004642335
5057,0.02282934,-0.004829775
5057.25,0.01195143,-0.001920195
5057.5,0.0165075,-0.002548545
5057.75,0.01757463,-0.00167205
5058,0.014734275,-0.001411125
5058.25,0.0150804,-0.00168909
5058.5,0.016977165,-0.001477155
5058.75,0.01696971,-0.002131065
5059,0.0067095,-0.00231105
5059.25,0.005805315,-0.000565515
5059.5,0.007845855,-0.001869075
5059.75,0.008242035,-0.002912775
5060,0.006821325,-0.00285633
5060.25,0.00706521,-0.002733855
5060.5,0.007862895,-0.003132165
5060.75,0.006325035,-0.002216265
5061,0.008203695,-0.003809505
5061.25,0.00784479,-0.001830735
5061.5,0.00772764,-0.00100323
5061.75,0.00898221,-0.001984095
5062,0.00905037,-0.001707195
5062.25,0.006831975,-0.002088465
5062.5,0.00897582,-0.00201072
5062.75,0.008242035,-0.002086335
5063,0.007113135,-0.002156625
5063.25,0.006795765,-0.002256735
5063.5,0.00678192,-0.00254322
5063.75,0.007933185,-0.003066135
5064,0.006710565,-0.002356845
5064.25,0.007845855,-0.00203628
5064.5,0.00814512,-0.002343
5064.75,0.00637935,-0.00207462
5065,0.008178135,-0.0022152
5065.25,0.008702115,-0.0015336
5065.5,0.007952355,-0.001768965
5065.75,0.00849657,-0.00151656
5066,0.00979374,-0.001304625
5066.25,0.00866271,-0.002397315
5066.5,0.00817707,-0.00323334
5066.75,0.007334655,-0.003195
5067,0.00734211,-0.00322269
5067.25,0.007594515,-0.003181155
5067.5,0.00827292,-0.003249315
5067.75,0.00873726,-0.003937305
5068,0.0066882,-0.003068265
5068.25,0.00779367,-0.00357201
5068.5,0.00767865,-0.003012885
5068.75,0.007986435,-0.00363378
5069,0.00798537,-0.00331854
5069.25,0.007324005,-0.00224289
5069.5,0.008582835,-0.001377045
5069.75,0.0092868,-0.000563385
5070,0.00840498,-0.00052611
5070.25,0.00846888,-0.001044765
5070.5,0.007807515,-0.001374915
5070.75,0.007933185,-0.001117185
5071,0.007162125,-0.00091164
5071.25,0.00953388,-0.00092655
5071.5,0.00598956,-0.00047712
5071.75,0.010885365,-0.000723135
5072,0.009696825,-0.00041748
5072.25,0.00836238,-0.000910575
5072.5,0.00795981,-0.00220455
5072.75,0.01550001,-0.00343569
5073,0.029701785,-0.00582981
5073.25,0.03107244,-0.0071994
5073.5,0.023341605,-0.004212075
5073.75,0.027550485,-0.004608255
5074,0.03297453,-0.007111005
5074.25,0.027241635,-0.004067235
5074.5,0.036519915,-0.00562107
5074.75,0.022003965,-0.004122615
5075,0.02603925,-0.00451986
5075.25,0.02084631,-0.00420036
5075.5,0.029878575,-0.00628989
5075.75,0.02547054,-0.005615745
5076,0.031395135,-0.00620895
5076.25,0.02635449,-0.005945895
5076.5,0.027678285,-0.00446874
5076.75,0.02931732,-0.00554439
5077,0.02128722,-0.00290958
5077.25,0.020410725,-0.002836095
5077.5,0.01993041,-0.00335688
5077.75,0.02702544,-0.00382974
5078,0.021428865,-0.00369555
5078.25,0.02576448,-0.005326065
5078.5,0.02789235,-0.0060279
5078.75,0.0261564,-0.00700131
5079,0.031175745,-0.006780855
5079.25,0.03337923,-0.006139725
5079.5,0.02341296,-0.006352725
5079.75,0.02446518,-0.004022505
5080,0.02770491,-0.004401645
5080.25,0.02531079,-0.002978805
5080.5,0.021507675,-0.00308424
5080.75,0.02090169,-0.00244737
5081,0.02087826,-0.00241329
5081.25,0.02260995,-0.003130035
5081.5,0.02370903,-0.00622173
5081.75,0.024932715,-0.007598775
5082,0.02697432,-0.007321875
5082.25,0.026542995,-0.007264365
5082.5,0.017816385,-0.00281799
5082.75,0.0138663,-0.00205545
5083,0.014640555,-0.002088465
5083.25,0.01619226,-0.00221307
5083.5,0.01711881,-0.001911675
5083.75,0.01657992,-0.002035215
5084,0.015121935,-0.00258156
5084.25,0.013982385,-0.00227484
5084.5,0.0140154,-0.00252831
5084.75,0.014898285,-0.00374454
5085,0.013895055,-0.003939435
5085.25,0.014073975,-0.00391707
5085.5,0.008955585,-0.00364017
5085.75,0.006210015,-0.00261351
5086,0.00570201,-0.00142497
5086.25,0.00593205,-0.001187475
5086.5,0.00599595,-0.001223685
5086.75,0.00531648,-0.001219425
5087,0.00618552,-0.00127161
5087.25,0.006001275,-0.00105861
5087.5,0.00670098,-0.001136355
5087.75,0.007590255,-0.00120558
5088,0.0074976,-0.00159537
5088.25,0.00680748,-0.00231105
5088.5,0.00606624,-0.002131065
5088.75,0.00583407,-0.00116511
5089,0.00609819,-0.001500585
5089.25,0.00499059,-0.0015336
5089.5,0.006961905,-0.00158046
5089.75,0.006827715,-0.001477155
5090,0.006239835,-0.00169335
5090.25,0.00621321,-0.00282651
5090.5,0.00608115,-0.002825445
5090.75,0.006672225,-0.002369625
5091,0.007032195,-0.002037345
5091.25,0.006386805,-0.00187653
5091.5,0.006472005,-0.00185949
5091.75,0.00686925,-0.00204054
5092,0.006427275,-0.003556035
5092.25,0.00546558,-0.00309915
5092.5,0.00521424,-0.003470835
5092.75,0.00578721,-0.00225993
5093,0.006427275,-0.00224502
5093.25,0.005739285,-0.00303738
5093.5,0.007568955,-0.003920265
5093.75,0.0066243,-0.003234405
5094,0.005950155,-0.00310341
5094.25,0.007029,-0.001741275
5094.5,0.00584046,-0.001400475
5094.75,0.006525255,-0.00122475
5095,0.00749973,-0.0010011
5095.25,0.032262045,-0.001651815
5095.5,0.033848895,-0.00156768
5095.75,0.025060515,-0.000921225
5096,0.019795155,-0.000525045
5096.25,0.013390245,-0.000469665
5096.5,0.014508495,-0.001076715
5096.75,0.01700166,-0.00188931
5097,0.01897617,-0.002382405
5097.25,0.016864275,-0.0031098
5097.5,0.020093355,-0.00315027
5097.75,0.01312719,-0.002853135
5098,0.019658835,-0.00265398
5098.25,0.01898895,-0.00293088
5098.5,0.0115446,-0.00222585
5098.75,0.016054875,-0.003477225
5099,0.0176151,-0.003257835
5099.25,0.01353189,-0.00315453
5099.5,0.014214555,-0.002770065
5099.75,0.0221946,-0.00508218
5100,0.01481841,-0.00322908
5100.25,0.02154282,-0.00350811
5100.5,0.020193465,-0.002376015
5100.75,0.019392585,-0.00201072
5101,0.01776846,-0.00165501
5101.25,0.012740595,-0.001975575
5101.5,0.015179445,-0.00233235
5101.75,0.01196208,-0.002991585
5102,0.014114445,-0.00492669
5102.25,0.013799205,-0.00373389
5102.5,0.01463097,-0.005049165
5102.75,0.009660615,-0.00365082
5103,0.008046075,-0.00478824
5103.25,0.007123785,-0.00495225
5103.5,0.006823455,-0.004241895
5103.75,0.008233515,-0.002725335
5104,0.00703539,-0.00204906
5104.25,0.00490326,-0.001234335
5104.5,0.00617913,-0.000527175
5104.75,0.005809575,-0.00034932
5105,0.006286695,-0.000904185
5105.25,0.004527315,-0.003078915
5105.5,0.005185485,-0.0022578
5105.75,0.00501402,-0.00244098
5106,0.00416841,-0.002016045
5106.25,0.00449004,-0.00204693
5106.5,0.00408747,0.00020661
5106.75,0.00408108,0.00015123
5107,0.005057685,-0.000725265
5107.25,0.00700131,-0.00105222
5107.5,0.006495435,-0.000578295
5107.75,0.008150445,-0.000503745
5108,0.00608115,-0.000867975
5108.25,0.0065391,-0.00211935
5108.5,0.007202595,-0.002339805
5108.75,0.006410235,-0.002403705
5109,0.006955515,-0.003012885
5109.25,0.00653697,-0.00239838
5109.5,0.006821325,-0.002889345
5109.75,0.00611949,-0.00276474
5110,0.00684156,-0.00151656
5110.25,0.00733785,-0.0006816
5110.5,0.00756363,-0.0007668
5110.75,0.00659022,-0.00131634
5111,0.008369835,-0.001492065
5111.25,0.00661791,-0.00121197
5111.5,0.007375125,-0.002248215
5111.75,0.007792605,-0.00332919
5112,0.00604707,-0.00297987
5112.25,0.008239905,-0.003046965
5112.5,0.00640491,-0.00343143
5112.75,0.005950155,-0.003157725
5113,0.00617913,-0.00193191
5113.25,0.007306965,-0.00148674
5113.5,0.007170645,-0.00160389
5113.75,0.00693315,-0.001430295
5114,0.00706947,-0.001901025
5114.25,0.007013025,-0.00184884
5114.5,0.006738255,-0.00151443
5114.75,0.006657315,-0.002927685
5115,0.006231315,-0.00279456
5115.25,0.006433665,-0.00273492
5115.5,0.00716958,-0.002378145
5115.75,0.00745287,-0.00206823
5116,0.006244095,-0.002833965
5116.25,0.005764845,-0.00316944
5116.5,0.005945895,-0.001434555
5116.75,0.005566755,-0.001187475
5117,0.00672015,-0.00154638
5117.25,0.006601935,-0.001296105
5117.5,0.007611555,-0.001626255
5117.75,0.007157865,-0.00133764
5118,0.006186585,-0.002028825
5118.25,0.007592385,-0.001941495
5118.5,0.006849015,-0.00182115
5118.75,0.006548685,-0.002367495
5119,0.006821325,-0.001747665
5119.25,0.00633036,-0.00101175
5119.5,0.00496716,-0.001142745
5119.75,0.004929885,-0.00071355
5120,0.0036636,-0.000546345
5120.25,0.00623664,-0.00063474
5120.5,0.004699845,-0.000923355
5120.75,0.005575275,-0.00043026
5121,0.005119455,-0.00081792
5121.25,0.00446874,-0.001325925
5121.5,0.00352728,-0.002037345
5121.75,0.004363305,-0.002175795
5122,0.00479037,-0.002226915
5122.25,0.00378927,-0.002035215
5122.5,0.003377115,-0.00193617
5122.75,0.004069365,-0.001381305
5123,0.005445345,-0.00126735
5123.25,0.00561468,-0.001543185
5123.5,0.00543789,-0.00068373
5123.75,0.005977845,-0.00037914
5124,0.00476907,-0.000197025
5124.25,0.004324965,-0.00109908
5124.5,0.00586176,-0.001890375
5124.75,0.004640205,-0.00194256
5125,0.003764775,-0.001856295
5125.25,0.00447939,-0.00241542
5125.5,0.00516738,-0.002163015
5125.75,0.00364869,-0.001847775
5126,0.006167415,-0.00120558
5126.25,0.006934215,-0.000648585
5126.5,0.00687777,5.325e-05
5126.75,0.005536935,-0.00024921
5127,0.006169545,-0.00022791
5127.25,0.006446445,-0.000948915
5127.5,0.00398949,-0.00115446
5127.75,0.00471156,-0.001496325
5128,0.004789305,-0.001604955
5128.25,0.004678545,-0.001939365
5128.5,0.00468174,-0.00196173
5128.75,0.00538251,-0.00255174
5129,0.005104545,-0.00163584
5129.25,0.006097125,-0.000224715
5129.5,0.00539103,-0.000258795
5129.75,0.005907555,-0.00096915
5130,0.004868115,-0.000904185
5130.25,0.00689694,-0.001117185
5130.5,0.00605985,-0.001055415
5130.75,0.0068373,-0.00115446
5131,0.00746565,-0.00201498
5131.25,0.006295215,-0.00188505
5131.5,0.00681174,-0.00237708
5131.75,0.007847985,-0.00188505
5132,0.008397525,-0.00200433
5132.25,0.006218535,-0.00173595
5132.5,0.00784266,-0.002022435
5132.75,0.007732965,-0.00178707
5133,0.007409205,-0.001560225
5133.25,0.00770847,-0.00128013
5133.5,0.00810891,-0.00125031
5133.75,0.008307,-0.00152295
5134,0.008122755,-0.00099045
5134.25,0.007677585,-0.000829635
5134.5,0.007488015,-0.00094146
5134.75,0.00827931,-0.00069651
5135,0.00752316,-0.00111399
5135.25,0.00635379,-0.001485675
5135.5,0.0085839,-0.00169761
5135.75,0.00692037,-0.0017466
5136,0.006120555,-0.00162732
5136.25,0.00726117,-0.001349355
5136.5,0.00659235,-0.00090738
5136.75,0.007977915,-0.000978735
5137,0.008001345,-0.00045156
5137.25,0.00805992,-0.00044517
5137.5,0.008016255,-0.000706095
5137.75,0.007170645,-0.001213035
5138,0.00929319,-0.001445205
5138.25,0.0074124,-0.00157194
5138.5,0.006712695,-0.00240264
5138.75,0.00912066,-0.002284425
5139,0.00731655,-0.00211509
5139.25,0.00829635,-0.0023856
5139.5,0.006817065,-0.002346195
5139.75,0.00756363,-0.00152082
5140,0.008437995,-0.001308885
5140.25,0.008650995,-0.000495225
5140.5,0.00694806,-0.001061805
5140.75,0.006721215,-0.00111825
5141,0.00755298,-0.001183215
5141.25,0.00802158,-0.00124605
5141.5,0.00728673,-0.00134403
5141.75,0.008090805,-0.001195995
5142,0.007230285,-0.001694415
5142.25,0.007735095,-0.00229401
5142.5,0.007326135,-0.002124675
5142.75,0.007204725,-0.001447335
5143,0.00830913,-0.001515495
5143.25,0.007671195,-0.00169548
5143.5,0.0072846,-0.00224928
5143.75,0.00699279,-0.00180837
5144,0.005852175,-0.00113742
5144.25,0.00562959,-0.000974475
5144.5,0.006048135,-0.00087969
5144.75,0.007743615,-0.0009372
5145,0.006235575,-0.00086265
5145.25,0.005805315,-0.00071355
5145.5,0.00621108,-0.00089247
5145.75,0.00512691,-0.000821115
5146,0.006393195,-0.000936135
5146.25,0.00646029,-0.000623025
5146.5,0.002853135,-0.001419645
5146.75,0.004307925,-0.001402605
5147,0.003879795,-0.001545315
5147.25,0.002836095,-0.00126096
5147.5,0.00526536,-0.00140367
5147.75,0.006288825,-0.00110121
5148,0.00646029,-0.00097767
5148.25,0.00516738,-0.00068373
5148.5,0.00433242,-0.000184245
5148.75,0.0046221,-0.000241755
5149,0.003221625,-0.000550605
5149.25,0.004139655,-0.00113316
5149.5,0.00507579,-0.002135325
5149.75,0.00502893,-0.00228975
5150,0.00515673,-0.00261777
5150.25,0.004546485,-0.003004365
5150.5,0.00441123,-0.00272853
5150.75,0.00429408,-0.00261564
5151,0.004774395,-0.002686995
5151.25,0.00568284,-0.001166175
5151.5,0.005057685,-0.00026199
5151.75,0.00486918,-0.000401505
5152,0.005901165,-0.00118428
5152.25,0.00596613,-0.0007881
5152.5,0.00605133,-0.0007455
5152.75,0.00573183,-0.000867975
5153,0.007096095,-0.0015762
5153.25,0.005796795,-0.00137598
5153.5,0.006748905,-0.001494195
5153.75,0.00644325,-0.0024708
5154,0.00656466,-0.00212574
5154.25,0.008107845,-0.00143349
5154.5,0.006895875,-0.00069012
5154.75,0.00647733,-0.000880755
5155,0.00709077,-0.001104405
5155.25,0.007066275,-0.000825375
5155.5,0.00645816,-0.000991515
5155.75,0.006508215,-0.000921225
5156,0.00721218,-0.000929745
5156.25,0.006904395,-0.000914835
5156.5,0.00808761,-0.0010224
5156.75,0.006618975,-0.00124818
5157,0.006542295,-0.00161241
5157.25,0.00731016,-0.00095424
5157.5,0.00720153,-0.001049025
5157.75,0.00684795,-0.001543185
5158,0.006316515,-0.00167631
5158.25,0.00646881,-0.001935105
5158.5,0.00631545,-0.001604955
5158.75,0.006371895,-0.001153395
5159,0.006944865,-0.0010011
5159.25,0.00747204,-0.00099897
5159.5,0.00753168,-0.00127587
5159.75,0.006604065,-0.000989385
5160,0.009025875,-0.000563385
5160.25,0.007268625,-0.000618765
5160.5,0.006063045,-0.00183393
5160.75,0.005155665,-0.00187227
5161,0.00557421,-0.0018531
5161.25,0.00596187,-0.002086335
5161.5,0.005673255,-0.00232809
5161.75,0.005813835,-0.0020661
5162,0.005358015,-0.00208314
5162.25,0.005534805,-0.00215556
5162.5,0.00564876,-0.00186801
5162.75,0.006953385,-0.00127587
5163,0.00644964,-0.000535695
5163.25,0.00789165,-0.000697575
5163.5,0.00671376,-0.000735915
5163.75,0.006414495,-0.00127374
5164,0.005926725,-0.001815825
5164.25,0.005426175,-0.002459085
5164.5,0.00559977,-0.002156625
5164.75,0.00496929,-0.00219816
5165,0.005577405,-0.00210018
5165.25,0.00564237,-0.002710425
5165.5,0.00553587,-0.00261138
5165.75,0.0068586,-0.002680605
5166,0.00679044,-0.001952145
5166.25,0.00813447,-0.001100145
5166.5,0.008785185,-0.000420675
5166.75,0.00708012,-0.000635805
5167,0.012218745,-0.00171678
5167.25,0.03570945,-0.002769
5167.5,0.04260639,-0.00418758
5167.75,0.04182255,-0.00434094
5168,0.040988655,-0.00431538
5168.25,0.037071585,-0.00309489
5168.5,0.039408195,-0.003217365
5168.75,0.036796815,-0.00363165
5169,0.042596805,-0.005123715
5169.25,0.047186955,-0.004676415
5169.5,0.048841965,-0.00557421
5169.75,0.042716085,-0.004239765
5170,0.05680497,-0.004787175
5170.25,0.04751817,-0.00446661
5170.5,0.04900917,-0.004371825
5170.75,0.032892525,-0.00196386
5171,0.03688734,-0.00365508
5171.25,0.043778955,-0.003368595
5171.5,0.048969765,-0.003898965
5171.75,0.04897935,-0.00466257
5172,0.043050495,-0.00491178
5172.25,0.041173965,-0.005918205
5172.5,0.038439045,-0.004874505
5172.75,0.041947155,-0.005181225
5173,0.039308085,-0.003918135
5173.25,0.04425075,-0.0048351
5173.5,0.04840638,-0.00391494
5173.75,0.055451355,-0.00556356
5174,0.05590824,-0.00486918
5174.25,0.0499911,-0.003445275
5174.5,0.04893249,-0.005894775
5174.75,0.051444825,-0.00368064
5175,0.04196526,-0.004981005
5175.25,0.06046005,-0.006550815
5175.5,0.04719441,-0.00411303
5175.75,0.05299227,-0.00498846
5176,0.03630798,-0.00313962
5176.25,0.032485695,-0.003176895
5176.5,0.03133869,-0.003585855
5176.75,0.023744175,-0.00375093
5177,0.02127231,-0.002422875
5177.25,0.028417395,-0.00316731
5177.5,0.02206893,-0.00145479
5177.75,0.01770669,-0.002233305
5178,0.013373205,-0.001856295
5178.25,0.011594655,-0.002282295
5178.5,0.00904611,-0.000118215
5178.75,0.00768717,-0.001234335
5179,0.008731935,-0.001485675
5179.25,0.00851361,-0.000629415
5179.5,0.01076715,-0.00073059
5179.75,0.007984305,-0.000863715
5180,0.008546625,-0.001308885
5180.25,0.005760585,-0.000241755
5180.5,0.008804355,-0.000684795
5180.75,0.01087578,-0.00084774
5181,0.009424185,-0.00092442
5181.25,0.00803223,-0.00090951
5181.5,0.009995025,-0.001027725
5181.75,0.006244095,-0.001621995
5182,0.00912066,-0.002378145
5182.25,0.00902694,-0.002050125
5182.5,0.0075828,-0.0009798
5182.75,0.00771699,-0.00119067
5183,0.0091377,-0.001824345
5183.25,0.00829209,-0.00188505
5183.5,0.00884589,-0.0018744
5183.75,0.009417795,-0.00188931
5184,0.009443355,-0.001641165
5184.25,0.00801093,-0.000744435
5184.5,0.009358155,-0.0010437
5184.75,0.00948063,-0.001023465
5185,0.008094,-0.000953175
5185.25,0.00672015,-0.0018318
5185.5,0.00805353,-0.002005395
5185.75,0.008450775,-0.001975575
5186,0.00971919,-0.001590045
5186.25,0.00903972,-0.00162945
5186.5,0.00746139,-0.00236856
5186.75,0.009042915,-0.00254961
5187,0.00931662,-0.00243246
5187.25,0.008687205,-0.00264546
5187.5,0.008650995,-0.00235365
5187.75,0.008295285,-0.00135468
5188,0.00790869,-0.00114381
5188.25,0.00904611,-0.00135468
5188.5,0.008606265,-0.00130356
5188.75,0.00707799,-0.00168483
5189,0.00774681,-0.002135325
5189.25,0.00783201,-0.00228975
5189.5,0.009977985,-0.001653945
5189.75,0.008308065,-0.001438815
5190,0.009660615,-0.00185097
5190.25,0.008678685,-0.001871205
5190.5,0.008516805,-0.00174021
5190.75,0.009006705,-0.00155277
5191,0.01165749,-0.00234513
5191.25,0.007952355,-0.0010011
5191.5,0.01325712,-0.0008094
5191.75,0.01615392,-0.000495225
5192,0.01412829,-0.000727395
5192.25,0.01731051,-0.00102879
5192.5,0.02508714,-0.00237495
5192.75,0.02229045,-0.002269515
5193,0.02531931,-0.003042705
5193.25,0.03062727,-0.00410451
5193.5,0.02825445,-0.00503532
5193.75,0.031137405,-0.00591714
5194,0.04168836,-0.00623451
5194.25,0.03751143,-0.004589085
5194.5,0.02980083,-0.00728673
5194.75,0.03510027,-0.003860625
5195,0.044532975,-0.00470304
5195.25,0.03930489,-0.00110121
5195.5,0.038134455,-0.004120485
5195.75,0.04031664,-0.00597678
5196,0.03772443,-0.004689195
5196.25,0.033725355,-0.004885155
5196.5,0.03510879,-0.00520146
5196.75,0.034530495,-0.004310055
5197,0.03508962,-0.005509245
5197.25,0.040626555,-0.00765948
5197.5,0.03311298,-0.002695515
5197.75,0.041291115,-0.005858565
5198,0.05015298,-0.00348042
5198.25,0.049504395,-0.003536865
5198.5,0.041299635,-0.00043026
5198.75,0.03953067,-0.003696615
5199,0.047489415,-0.000818985
5199.25,0.04597818,-0.00346764
5199.5,0.035929905,-0.000629415
5199.75,0.03537291,-0.003078915
5200,0.036975735,-0.002026695
5200.25,0.03989064,-0.003852105
5200.5,0.04163937,-0.00064326
5200.75,0.0342291,-0.00115659
5201,0.03357306,-0.002133195
5201.25,0.027454635,-0.00273492
5201.5,0.02586885,-0.00417906
5201.75,0.020885715,-0.00215769
5202,0.009449745,-0.00033015
5202.25,0.01562142,-0.001247115
5202.5,0.006252615,-3.5145e-05
5202.75,0.00788526,-0.000618765
5203,0.006569985,-0.00054954
5203.25,0.008418825,-0.00097554
5203.5,0.00428982,-0.00071781
5203.75,0.007956615,-0.001547445
5204,0.00767652,-0.00227484
5204.25,0.00824097,-0.002365365
5204.5,0.00755085,-0.002322765
5204.75,0.00774255,-0.002718945
5205,0.00790869,-0.00228123
5205.25,0.00765522,-0.00110334
5205.5,0.00651567,-0.000755085
5205.75,0.00865419,-0.00054528
5206,0.009443355,-0.00026625
5206.25,0.008161095,-0.0003408
5206.5,0.00687564,-0.001004295
5206.75,0.00573822,-0.00145692
5207,0.00888636,-0.002180055
5207.25,0.006376155,-0.001839255
5207.5,0.00809613,-0.00161667
5207.75,0.0088182,-0.00241542
5208,0.007828815,-0.002248215
5208.25,0.007140825,-0.0026838
5208.5,0.00654762,-0.00209592
5208.75,0.007364475,-0.000887145
5209,0.007566825,-0.000978735
5209.25,0.00774042,-0.00098193
5209.5,0.00932088,-0.000418545
5209.75,0.007236675,-0.000267315
5210,0.00761262,-0.001374915
5210.25,0.00665412,-0.00262842
5210.5,0.00794703,-0.00224289
5210.75,0.00648585,-0.00222159
5211,0.00679896,-0.00227058
5211.25,0.00894174,-0.002420745
5211.5,0.006810675,-0.002420745
5211.75,0.007460325,-0.002495295
5212,0.00732081,-0.00236217
5212.25,0.007543395,-0.00195321
5212.5,0.0065817,-0.00100749
5212.75,0.00800028,-0.00068799
5213,0.00908871,-0.000452625
5213.25,0.00847953,-0.00061983
5213.5,0.00779367,-0.00234087
5213.75,0.007881,-0.002512335
5214,0.00809826,-0.00224502
5214.25,0.007324005,-0.002324895
5214.5,0.00734211,-0.00200007
5214.75,0.007243065,-0.002152365
5215,0.006143985,-0.00147822
5215.25,0.01731264,-0.00130143
5215.5,0.01458198,-0.001647555
5215.75,0.014027115,-0.001464375
5216,0.014538315,-0.00154212
5216.25,0.017731185,-0.00050268
5216.5,0.023068965,-0.00130782
5216.75,0.02331285,-0.00066243
5217,0.027842295,-0.00248145
5217.25,0.031980885,-0.005583795
5217.5,0.030428115,-0.005115195
5217.75,0.034766925,-0.00403635
5218,0.04315593,-0.00558699
5218.25,0.033791385,-0.004171605
5218.5,0.0392772,-0.004165215
5218.75,0.03707904,-0.0045795
5219,0.03742197,-0.00551457
5219.25,0.028470645,-0.00182754
5219.5,0.03294258,-0.0044943
5219.75,0.0303738,-0.00439206
5220,0.049517175,-0.0062835
5220.25,0.035062995,-0.005002305
5220.5,0.035870265,-0.006416625
5220.75,0.039265485,-0.007475235
5221,0.030526095,-0.0059427
5221.25,0.032178975,-0.006695655
5221.5,0.032298255,-0.006625365
5221.75,0.033831855,-0.00803649
5222,0.030155475,-0.005935245
5222.25,0.030702885,-0.00551883
5222.5,0.031899945,-0.00503958
5222.75,0.033141735,-0.00408747
5223,0.032754075,-0.00432816
5223.25,0.030387645,-0.003279135
5223.5,0.0278178,-0.00122901
5223.75,0.023328825,-0.00297774
5224,0.027409905,-0.003700875
5224.25,0.027343875,-0.00262416
5224.5,0.019831365,-0.00228336
5224.75,0.026163855,-0.00286485
5225,0.019004925,-0.003762645
5225.25,0.019269045,-0.00451134
5225.5,0.018457515,-0.00483084
5225.75,0.01251162,-0.002629485
5226,0.010075965,-0.001881855
5226.25,0.00976179,-0.001257765
5226.5,0.003692355,2.982e-05
5226.75,0.00403422,-0.00040683
5227,0.005637045,-0.000810465
5227.25,0.00441123,-0.00085413
5227.5,0.00474564,-0.00171891
5227.75,0.00472221,-0.001705065
5228,0.003999075,-0.001278
5228.25,0.00556995,-0.00236643
5228.5,0.00506088,-0.00213852
5228.75,0.004857465,-0.00233235
5229,0.005351625,-0.001394085
5229.25,0.0066456,-0.00048564
5229.5,0.00757002,-0.0005538
5229.75,0.00595122,-0.00142923
5230,0.006542295,-0.001219425
5230.25,0.006037485,-0.00096063
5230.5,0.00556782,-0.00116937
5230.75,0.00505449,-0.002180055
5231,0.005843655,-0.00230466
5231.25,0.005057685,-0.002269515
5231.5,0.00575313,-0.00270723
5231.75,0.00523554,-0.002088465
5232,0.005641305,-0.00351237
5232.25,0.00574461,-0.00148674
5232.5,0.005709465,-0.00158472
5232.75,0.00578082,-0.000426
5233,0.00610458,-0.00130569
5233.25,0.006397455,-0.001402605
5233.5,0.0066243,-0.001619865
5233.75,0.00659661,-0.001730625
5234,0.005417655,-0.001704
5234.25,0.00493734,-0.002893605
5234.5,0.00441549,-0.00277326
5234.75,0.00500976,-0.002906385
5235,0.005125845,-0.00288615
5235.25,0.0059853,-0.00325251
5235.5,0.00605346,-0.00222798
5235.75,0.005172705,-0.00159111
5236,0.005683905,-0.001830735
5236.25,0.00598743,-0.001166175
5236.5,0.00609606,-0.0012993
5236.75,0.00547836,-0.001262025
5237,0.00597678,-0.001283325
5237.25,0.005790405,-0.00136107
5237.5,0.00599169,-0.001604955
5237.75,0.005566755,-0.00257304
5238,0.005656215,-0.00249849
5238.25,0.0064326,-0.00221733
5238.5,0.00557847,-0.00177003
5238.75,0.006604065,-0.00108843
5239,0.00518229,-0.00132273
5239.25,0.004457025,-0.00105435
5239.5,0.007854375,-0.0013419
5239.75,0.00916752,-0.001666725
5240,0.013682055,-0.001364265
5240.25,0.014316795,-0.001389825
5240.5,0.015724725,-0.00199581
5240.75,0.015852525,-0.00213852
5241,0.02073129,-0.002218395
5241.25,0.015556455,-0.00126522
5241.5,0.01605807,-0.002612445
5241.75,0.016783335,-0.002103375
5242,0.021737715,-0.003573075
5242.25,0.03757533,-0.004725405
5242.5,0.02916396,-0.004154565
5242.75,0.02579643,-0.003408
5243,0.02636088,-0.003270615
5243.25,0.043299705,-0.00452625
5243.5,0.044111235,-0.00362739
5243.75,0.036907575,-0.005291985
5244,0.045018615,-0.0060918
5244.25,0.0305442,-0.005534805
5244.5,0.032489955,-0.00797898
5244.75,0.03588411,-0.00817068
5245,0.031079895,-0.008152575
5245.25,0.021861255,-0.006697785
5245.5,0.024001905,-0.007639245
5245.75,0.023667495,-0.007162125
5246,0.025345935,-0.005997015
5246.25,0.02823528,-0.006016185
5246.5,0.027020115,-0.005500725
5246.75,0.024817695,-0.00356562
5247,0.024768705,-0.003426105
5247.25,0.0259221,-0.00279669
5247.5,0.02478468,-0.002510205
5247.75,0.02011998,-0.001406865
5248,0.02919165,-0.002784975
5248.25,0.02240334,-0.00015975
5248.5,0.02661222,-0.00157407
5248.75,0.021056115,-0.00189144
5249,0.01889736,-0.00141006
5249.25,0.01738293,-0.002433525
5249.5,0.01941708,-0.0031737
5249.75,0.02015619,-0.00218538
5250,0.01263303,-0.00154212
5250.25,0.015019695,-0.000948915
5250.5,0.015686385,-0.000689055
5250.75,0.01493343,-0.0011502
5251,0.01386843,-0.001287585
5251.25,0.010203765,-4.5795e-05
5251.5,0.01348929,-0.00136959
5251.75,0.0108843,-0.00239838
5252,0.01313784,-0.002791365
5252.25,0.011441295,-0.00135042
5252.5,0.01291206,-0.00284781
5252.75,0.011170785,-0.002678475
5253,0.012849225,-0.00277326
5253.25,0.012142065,-0.002757285
5253.5,0.012744855,-0.002759415
5253.75,0.01108239,-0.002218395
5254,0.00875643,-0.001093755
5254.25,0.008887425,-0.00130569
5254.5,0.009260175,-0.001136355
5254.75,0.00912066,-0.00133977
5255,0.008446515,-0.001903155
5255.25,0.00638148,-0.002203485
5255.5,0.00707799,-0.002618835
5255.75,0.00757215,-0.0025347
5256,0.00727182,-0.001894635
5256.25,0.00844971,-0.00167418
5256.5,0.007159995,-0.00105648
5256.75,0.00716958,-0.00105861
5257,0.008751105,-0.001779615
5257.25,0.00882459,-0.0014697
5257.5,0.00829848,-0.001377045
5257.75,0.007215375,-0.00155916
5258,0.008135535,-0.0014058
5258.25,0.006944865,-0.00155064
5258.5,0.007956615,-0.0026199
5258.75,0.00758067,-0.003294045
5259,0.008659515,-0.00342717
5259.25,0.00776811,-0.00318222
5259.5,0.00857751,-0.00241116
5259.75,0.006876705,-0.001883985
5260,0.008418825,-0.002084205
5260.25,0.008429475,-0.00303738
5260.5,0.007053495,-0.002599665
5260.75,0.007370865,-0.00168696
5261,0.008996055,-0.00210657
5261.25,0.00906741,-0.00171039
5261.5,0.008133405,-0.00195534
5261.75,0.007871415,-0.00154638
5262,0.00718023,-0.00233448
5262.25,0.00813447,-0.002548545
5262.5,0.007430505,-0.00215556
5262.75,0.00561681,-0.00202776
5263,0.006092865,-0.00220881
5263.25,0.02277822,-0.00233022
5263.5,0.041529675,-0.003291915
5263.75,0.047796135,-0.002902125
5264,0.041915205,-0.001866945
5264.25,0.04663422,-0.00165714
5264.5,0.058780545,-0.001634775
5264.75,0.036057705,-0.00119067
5265,0.038541285,-0.00199581
5265.25,0.044805615,-0.003722175
5265.5,0.04939683,-0.005705205
5265.75,0.048550155,-0.005517765
5266,0.036000195,-0.0040896
5266.25,0.04858743,-0.005098155
5266.5,0.03916005,-0.00265185
5266.75,0.039212235,-0.0042174
5267,0.04825941,-0.006063045
5267.25,0.043764045,-0.004785045
5267.5,0.04544355,-0.003854235
5267.75,0.04473639,-0.005715855
5268,0.03741984,-0.00448791
5268.25,0.04592493,-0.00600234
5268.5,0.043344435,-0.006380415
5268.75,0.047642775,-0.00505662
5269,0.0425361,-0.005162055
5269.25,0.048816405,-0.00748908
5269.5,0.03143241,-0.004659375
5269.75,0.03040788,-0.004065105
5270,0.034952235,-0.00278604
5270.25,0.03483189,-0.00290106
5270.5,0.03206715,-0.002591145
5270.75,0.02792856,-0.001634775
5271,0.03291276,-0.00407682
5271.25,0.038064165,-0.00207675
5271.5,0.040594605,-0.00409173
5271.75,0.028246995,-0.000388725
5272,0.035829795,-0.00309276
5272.25,0.03845928,-0.001502715
5272.5,0.04281087,-0.007722315
5272.75,0.03516204,-0.0030459
5273,0.034869165,-0.005749935
5273.25,0.030034065,-0.004548615
5273.5,0.03194148,-0.00584685
5273.75,0.029591025,-0.00601299
5274,0.027228855,-0.00455607
5274.25,0.035589105,-0.00384039
5274.5,0.020740875,-0.00166992
5274.75,0.01432851,-0.00117363
5275,0.014093145,-0.00153786
5275.25,0.008704245,-0.002346195
5275.5,0.00982782,-0.002497425
5275.75,0.00953175,-0.002848875
5276,0.006305865,-0.001975575
5276.25,0.00648159,-0.00122475
5276.5,0.00682239,-0.0020448
5276.75,0.005852175,-0.00201711
5277,0.00652419,-0.00186588
5277.25,0.00734424,-0.002844615
5277.5,0.00733572,-0.001319535
5277.75,0.008806485,-0.00145905
5278,0.00616848,-0.00048777
5278.25,0.00600021,-0.000576165
5278.5,0.004927755,-0.00165288
5278.75,0.005592315,-0.001892505
5279,0.00469026,-0.002363235
5279.25,0.004678545,-0.002343
5279.5,0.00484362,-0.00256665
5279.75,0.005304765,-0.002554935
5280,0.00610458,-0.003717915
5280.25,0.005611485,-0.002776455
5280.5,0.00548262,-0.001632645
5280.75,0.00571479,-0.001100145
5281,0.00590649,-0.00099045
5281.25,0.005964,-0.001138485
5281.5,0.00577443,-0.001255635
5281.75,0.006050265,-0.001357875
5282,0.00700983,-0.00171465
5282.25,0.00620895,-0.001864815
5282.5,0.00538677,-0.0025986
5282.75,0.005907555,-0.002793495
5283,0.006938475,-0.003081045
5283.25,0.005909685,-0.00264759
5283.5,0.00597891,-0.002141715
5283.75,0.00532713,-0.002320635
5284,0.00567006,-0.00216834
5284.25,0.006237705,-0.001511235
5284.5,0.006222795,-0.00126948
5284.75,0.005579535,-0.0012354
5285,0.00714189,-0.00150165
5285.25,0.00582129,-0.001999005
5285.5,0.006697785,-0.00261138
5285.75,0.00656892,-0.00174873
5286,0.007029,-0.001662465
5286.25,0.00550818,-0.001783875
5286.5,0.005709465,-0.00217686
5286.75,0.007236675,-0.002418615
5287,0.00627711,-0.0017466
5287.25,0.004286625,-0.001240725
5287.5,0.00445383,-0.001396215
5287.75,0.00424935,-0.00114381
5288,0.004599735,-0.00058149
5288.25,0.004105575,-0.000550605
5288.5,0.002982,-0.00035358
5288.75,0.003053355,-0.000723135
5289,0.00352089,-0.000904185
5289.25,0.003526215,-0.00101175
5289.5,0.00438354,-0.001070325
5289.75,0.00471795,-0.00091377
5290,0.003460185,-0.000288615
5290.25,0.00396606,-0.001129965
5290.5,0.00250914,-0.000953175
5290.75,0.003166245,-0.00123753
5291,0.00253257,-0.00132273
5291.25,0.003973515,-0.00087969
5291.5,0.00418119,-0.001161915
5291.75,0.00537186,-0.001187475
5292,0.006299475,-0.00123753
5292.25,0.005400615,-0.00190422
5292.5,0.004446375,-0.002182185
5292.75,0.00467961,-0.00202563
5293,0.0034719,-0.0007668
5293.25,0.003598635,-0.00055167
5293.5,0.00296283,-0.000571905
5293.75,0.002887215,-0.00093294
5294,0.00418758,-0.002052255
5294.25,0.004143915,-0.001121445
5294.5,0.006738255,-0.00115659
5294.75,0.007652025,-0.001336575
5295,0.00665625,-0.000978735
5295.25,0.006866055,-0.001434555
5295.5,0.00347403,-0.00158898
5295.75,0.004454895,-0.0017466
5296,0.005522025,-0.002086335
5296.25,0.00436863,-0.001061805
5296.5,0.00423657,-0.001470765
5296.75,0.00397458,-0.000539955
5297,0.006288825,-0.00120984
5297.25,0.005404875,-0.00094998
5297.5,0.00676062,-0.001036245
5297.75,0.007191945,-0.001762575
5298,0.00676062,-0.001545315
5298.25,0.00921651,-0.001832865
5298.5,0.00494586,0.00018744
5298.75,0.008891685,-0.001434555
5299,0.009441225,-0.001704
5299.25,0.007739355,-0.0018105
5299.5,0.007462455,-0.00189996
5299.75,0.00477333,-0.00078384
5300,0.005873475,-0.001513365
5300.25,0.006685005,-0.000639
5300.5,0.006825585,-0.001181085
5300.75,0.00678192,0.000233235
5301,0.007304835,-0.00068799
5301.25,0.00734637,-0.00102453
5301.5,0.007905495,-0.00107352
5301.75,0.00638574,-0.001604955
5302,0.00667116,-0.00113955
5302.25,0.005211045,-0.001272675
5302.5,0.006086475,-0.001426035
5302.75,0.00423231,-0.001528275
5303,0.00525684,-0.001617735
5303.25,0.00576804,-0.001847775
5303.5,0.006957645,-0.00273066
5303.75,0.00588732,-0.002065035
5304,0.00585537,-0.00247293
5304.25,0.006795765,-0.000804075
5304.5,0.006582765,-0.00056232
5304.75,0.00546771,-0.00107565
5305,0.006161025,-0.001306755
5305.25,0.0053889,-0.00178494
5305.5,0.00584046,-0.00194256
5305.75,0.00592353,-0.00191487
5306,0.005532675,-0.00191274
5306.25,0.006259005,-0.00278391
5306.5,0.006314385,-0.002510205
5306.75,0.00639639,-0.00213639
5307,0.00576591,-0.001824345
5307.25,0.005330325,-0.001775355
5307.5,0.005213175,-0.00170613
5307.75,0.005462385,-0.00171678
5308,0.006014055,-0.00177642
5308.25,0.005903295,-0.000944655
5308.5,0.006529515,-0.000380205
5308.75,0.006729735,-0.00036423
5309,0.007681845,-0.00070716
5309.25,0.006261135,-0.00266463
5309.5,0.00506514,-0.00181902
5309.75,0.00493521,-0.00162093
5310,0.00568071,-0.001962795
5310.25,0.005600835,-0.001662465
5310.5,0.00494586,-0.00154851
5310.75,0.00623451,-0.002145975
5311,0.004367565,-0.00155277
5311.25,0.004237635,-0.001826475
5311.5,0.00433881,-0.00193404
5311.75,0.004591215,-0.001434555
5312,0.003300435,-0.001558095
5312.25,0.002970285,-0.00122475
5312.5,0.00319074,-0.001008555
5312.75,0.00385743,-0.000565515
5313,0.004143915,-0.000490965
5313.25,0.00416628,-0.000226845
5313.5,0.00459654,-0.00041109
5313.75,0.00423444,-0.001805175
5314,0.004043805,-0.00167418
5314.25,0.00333771,-0.00163797
5314.5,0.002386665,-0.00159537
5314.75,0.002045865,-0.001500585
5315,0.00305442,-0.001647555
5315.25,0.0032376,-0.00193191
5315.5,0.002584755,-0.00169122
5315.75,0.00401931,-0.002071425
5316,0.004216335,-0.002307855
5316.25,0.004169475,-0.00112464
5316.5,0.00415137,-0.001213035
5316.75,0.004141785,-0.000591075
5317,0.00303099,-0.00035145
5317.25,0.00253896,-0.000450495
5317.5,0.00330363,-0.00266889
5317.75,0.00344208,-0.00228549
5318,0.00339309,-0.002084205
5318.25,0.003734955,-0.001943625
5318.5,0.00356136,-0.001181085
5318.75,0.004067235,-0.00182328
5319,0.00393198,-0.00188931
5319.25,0.003911745,-0.001937235
5319.5,0.00262203,-0.000838155
5319.75,0.00275622,-0.000867975
5320,0.003732825,-0.000893535
5320.25,0.004789305,-0.00049416
5320.5,0.0044091,-0.000625155
5320.75,0.004171605,-0.000576165
5321,0.0033015,-0.0008094
5321.25,0.004810605,-0.00139941
5321.5,0.004895805,-0.002427135
5321.75,0.00468387,-0.00216408
5322,0.005590185,-0.001487805
5322.25,0.004497495,-0.000974475
5322.5,0.00559977,-0.001777485
5322.75,0.005728635,-0.00041322
5323,0.006772335,-0.00105009
5323.25,0.00672654,-0.000951045
5323.5,0.00690546,-0.002165145
5323.75,0.00504384,-0.00225567
5324,0.00591075,-0.00164649
5324.25,0.00692889,-0.00215343
5324.5,0.00711207,-0.0020022
5324.75,0.00845397,-0.002623095
5325,0.00622812,-0.00307146
5325.25,0.006220665,-0.001975575
5325.5,0.00634101,-0.00212574
5325.75,0.006103515,-0.002393055
5326,0.006305865,-0.001538925
5326.25,0.00695445,-0.000746565
5326.5,0.00650076,-0.000473925
5326.75,0.006680745,-0.000554865
5327,0.00648798,-0.000716745
5327.25,0.005713725,-0.001722105
5327.5,0.006288825,-0.00154638
5327.75,0.007513575,-0.002180055
5328,0.00606198,-0.00134403
5328.25,0.006442185,-0.001743405
5328.5,0.006868185,-0.001121445
5328.75,0.00519933,-0.00120558
5329,0.00598104,-0.002013915
5329.25,0.004682805,-0.00103944
5329.5,0.00531009,-0.000676275
5329.75,0.004846815,-0.00082218
5330,0.00610245,-0.00088182
5330.25,0.00624729,-0.0007242
5330.5,0.00567645,-0.000735915
5330.75,0.005916075,-0.00060066
5331,0.006961905,-0.00070929
5331.25,0.005958675,-0.00117576
5331.5,0.00588732,-0.00125457
5331.75,0.005100285,-0.00097341
5332,0.005690295,-0.00118215
5332.25,0.005443215,-0.00084561
5332.5,0.00618126,-0.000531435
5332.75,0.00519507,-0.000480315
5333,0.00540381,-0.000885015
5333.25,0.005890515,-0.000976605
5333.5,0.005977845,-0.00109269
5333.75,0.00565302,-0.0008307
5334,0.00544854,-0.0005325
5334.25,0.00522276,-0.00160815
5334.5,0.00583407,-0.001223685
5334.75,0.011258115,-0.00150165
5335,0.005833005,-0.000982995
5335.25,0.00949341,-0.001888245
5335.5,0.011168655,-0.002484645
5335.75,0.01426461,-0.001768965
5336,0.016583115,-0.001293975
5336.25,0.032879745,-0.00185736
5336.5,0.02531079,-0.00173382
5336.75,0.024630255,-0.001108665
5337,0.02774751,-0.00187653
5337.25,0.035904345,-0.003174765
5337.5,0.054767625,-0.00446448
5337.75,0.05047461,-0.00570414
5338,0.05773578,-0.00475629
5338.25,0.05291133,-0.004348395
5338.5,0.049348905,-0.003061875
5338.75,0.047540535,-0.002576235
5339,0.048650265,-0.00282438
5339.25,0.061121415,-0.00233661
5339.5,0.058863615,-0.00522915
5339.75,0.061683735,-0.00325251
5340,0.0612162,-0.004821255
5340.25,0.06246438,-0.004848945
5340.5,0.06587664,-0.003726435
5340.75,0.060556965,-0.003479355
5341,0.05387622,-0.00450708
5341.25,0.07532106,-0.002154495
5341.5,0.091239615,0.000216195
5341.75,0.08895732,0.000139515
5342,0.083910285,-0.00079023
5342.25,0.091574025,-0.003315345
5342.5,0.07379811,0.00010224
5342.75,0.075462705,-1.1715e-05
5343,0.083469375,-0.000395115
5343.25,0.076316835,-0.00026199
5343.5,0.076455285,-0.000128865
5343.75,0.079000635,-0.000373815
5344,0.06617484,-0.002914905
5344.25,0.06072204,-0.00219816
5344.5,0.068689305,-0.00440271
5344.75,0.056094615,-0.00450495
5345,0.045947295,-0.008859735
5345.25,0.038837355,-0.004923495
5345.5,0.029260875,-0.003688095
5345.75,0.021273375,-0.001918065
5346,0.012216615,-0.001012815
5346.25,0.01535304,-0.001468635
5346.5,0.01825197,-0.001947885
5346.75,0.01755546,-0.001883985
5347,0.01598139,-0.001779615
5347.25,0.0155916,-0.00189144
5347.5,0.015488295,-0.001019205
5347.75,0.016186935,-0.001195995
5348,0.014617125,-0.00037488
5348.25,0.01506123,-0.001017075
5348.5,0.007822425,-3.0885e-05
5348.75,0.005634915,-0.00068373
5349,0.00655827,-0.00105648
5349.25,0.007255845,-0.000931875
5349.5,0.006401715,-0.000857325
5349.75,0.00637083,-0.00109056
5350,0.006454965,-0.002503815
5350.25,0.006171675,-0.002763675
5350.5,0.00578934,-0.00159111
5350.75,0.00611523,-0.00211296
5351,0.00631545,-0.001564485
5351.25,0.006122685,-0.002101245
5351.5,0.00744435,-0.002495295
5351.75,0.00603216,-0.00224076
5352,0.007130175,-0.002145975
5352.25,0.008214345,-0.00065391
5352.5,0.00665412,-0.000987255
5352.75,0.006506085,-0.001281195
5353,0.00632823,-0.00139941
5353.25,0.006084345,-0.002343
5353.5,0.00636444,-0.002478255
5353.75,0.005632785,-0.00207675
5354,0.0057297,-0.002429265
5354.25,0.00605985,-0.002263125
5354.5,0.00665199,-0.002273775
5354.75,0.00647733,-0.00222159
5355,0.0063687,-0.00256665
5355.25,0.00598104,-0.00296922
5355.5,0.00485853,-0.0025134
5355.75,0.00597891,-0.00255174
5356,0.00574674,-0.00243033
5356.25,0.005809575,-0.00127374
5356.5,0.00733359,-0.00061983
5356.75,0.006653055,-0.000714615
5357,0.00686073,-0.0015762
5357.25,0.00659022,-0.00146331
5357.5,0.00636657,-0.00197451
5357.75,0.005458125,-0.002378145
5358,0.005824485,-0.002169405
5358.25,0.006486915,-0.002382405
5358.5,0.00762966,-0.002322765
5358.75,0.00561894,-0.001845645
5359,0.005430435,-0.001400475
5359.25,0.007982175,-0.000916965
5359.5,0.009537075,-0.001298235
5359.75,0.00993432,-0.001349355
5360,0.01475238,-0.001704
5360.25,0.01538925,-0.00166992
5360.5,0.01442862,-0.00233661
5360.75,0.033612465,0.00261138
5361,0.03712164,0.002580495
5361.25,0.042686265,-0.00091164
5361.5,0.06435156,0.00379992
5361.75,0.06916962,0.00227697
5362,0.06176361,-0.00161028
5362.25,0.05609568,-0.005285595
5362.5,0.051321285,-0.00516312
5362.75,0.034594395,-0.00326742
5363,0.039979035,-0.00469239
5363.25,0.04263408,-0.00432816
5363.5,0.046995255,-0.005681775
5363.75,0.04874505,-0.006322905
5364,0.04900278,-0.00408321
5364.25,0.04441263,-0.00462849
5364.5,0.0511413,-0.00638787
5364.75,0.042264525,-0.0039405
5365,0.049566165,-0.00413859
5365.25,0.034717935,-0.00226845
5365.5,0.035403795,-0.003996945
5365.75,0.03758385,-0.00750825
5366,0.03771591,-0.009471045
5366.25,0.03893853,-0.009221835
5366.5,0.02887428,-0.00689694
5366.75,0.038843745,-0.005796795
5367,0.03896196,-0.006699915
5367.25,0.031282245,-0.00603429
5367.5,0.028278945,-0.00516099
5367.75,0.030600645,-0.004007595
5368,0.02822037,-0.004520925
5368.25,0.033145995,-0.00390642
5368.5,0.03553479,-0.00421527
5368.75,0.038166405,-0.005059815
5369,0.038025825,-0.003238665
5369.25,0.03263799,0.00126522
5369.5,0.026783685,-0.002565585
5369.75,0.01679292,-0.004640205
5370,-0.007681845,-0.011419995
5370.25,0.01925094,-0.005739285
5370.5,0.01370229,-0.001594305
5370.75,0.01044339,-0.00237282
5371,0.013034535,-0.007142955
5371.25,0.010993995,-0.00387021
5371.5,-0.001347225,-0.002597535
5371.75,0.01471191,-0.001496325
5372,0.012631965,-0.00170613
5372.25,0.01242855,-0.001370655
5372.5,0.014020725,-9.585e-05
5372.75,0.01079271,-0.00145266
5373,0.013371075,-0.001619865
5373.25,0.011782095,-0.00230466
5373.5,0.01253718,-0.001922325
5373.75,0.012883305,-0.00209805
5374,0.01263942,-0.002456955
5374.25,0.012393405,-0.00225993
5374.5,0.01199829,-0.00186375
5374.75,0.01211757,-0.00155916
5375,0.013268835,-0.001824345
5375.25,0.01265859,-0.001330185
5375.5,0.011656425,-0.002761545
5375.75,0.01278,-0.004263195
5376,0.012161235,-0.005108805
5376.25,0.0131208,-0.005281335
5376.5,0.01194291,-0.00249636
5376.75,0.01121019,-0.002574105
5377,0.01056267,-0.003085305
5377.25,0.01211118,-0.00362952
5377.5,0.01386417,-0.00410025
5377.75,0.01385778,-0.004569915
5378,0.01224324,-0.003556035
5378.25,0.014706585,-0.003903225
5378.5,0.01221981,-0.001960665
5378.75,0.013396635,-0.00186162
5379,0.01232205,-0.0015975
5379.25,0.01038588,-0.00194043
5379.5,0.011268765,-0.00289254
5379.75,0.012127155,-0.00363378
5380,0.012282645,-0.00309276
5380.25,0.009671265,-0.00258369
5380.5,0.013064355,-0.00287976
5380.75,0.010821465,-0.002623095
5381,0.01263303,-0.002936205
5381.25,0.01138485,-0.00271362
5381.5,0.011447685,-0.002770065
5381.75,0.01363413,-0.003609285
5382,0.011347575,-0.003034185
5382.25,0.01142106,-0.001952145
5382.5,0.011628735,-0.001334445
5382.75,0.013204935,-0.00132912
5383,0.00796833,-0.000435585
5383.25,0.01874826,-0.00031311
5383.5,0.023899665,-0.000237495
5383.75,0.03419928,-0.00058575
5384,0.02521707,-0.000584685
5384.25,0.041410395,-0.002361105
5384.5,0.03746883,-0.001847775
5384.75,0.048307335,-0.003089565
5385,0.048492645,-0.00458802
5385.25,0.04162233,-0.003705135
5385.5,0.051197745,-0.005343105
5385.75,0.04600587,-0.004925625
5386,0.049734435,-0.005568885
5386.25,0.04262769,-0.005317545
5386.5,0.034458075,-0.00338883
5386.75,0.03637188,-0.003654015
5387,0.039086565,-0.003835065
5387.25,0.040707495,-0.005728635
5387.5,0.04329012,-0.00516738
5387.75,0.03605238,-0.00599382
5388,0.037861815,-0.00508005
5388.25,0.041702205,-0.006137595
5388.5,0.02416272,-0.003890445
5388.75,0.02118924,-0.002740245
5389,0.02034576,-0.002882955
5389.25,0.021354315,-0.002459085
5389.5,0.029968035,-0.005162055
5389.75,0.024136095,-0.00367851
5390,0.025697385,-0.003492135
5390.25,0.03847206,0.001543185
5390.5,0.03697254,0.001875465
5390.75,0.03507471,-0.000872235
5391,0.02235222,-0.003285525
5391.25,0.026278875,-0.004307925
5391.5,0.02370051,-0.00359331
5391.75,0.02196243,-0.00267315
5392,0.01404309,-0.001779615
5392.25,0.024112665,-0.002131065
5392.5,0.024685635,-0.0011289
5392.75,0.017009115,-0.000755085
5393,0.016203975,-0.00044091
5393.25,0.013714005,-0.00091377
5393.5,0.01360857,-0.001830735
5393.75,0.01167453,-0.001847775
5394,0.01198977,-0.002284425
5394.25,0.01162341,-0.00357201
5394.5,0.015682125,-0.003019275
5394.75,0.01747878,-0.00074337
5395,0.01468209,-0.001106535
5395.25,0.02142354,-0.0018318
5395.5,0.02802867,-0.00216621
5395.75,0.021298935,-0.00113103
5396,0.02551953,-0.001021335
5396.25,0.020585385,-0.00060492
5396.5,0.01828179,-0.0012567
5396.75,0.019188105,-0.00205758
5397,0.018855825,-0.001805175
5397.25,0.022253175,-0.002397315
5397.5,0.02296566,-0.00165714
5397.75,0.01914231,-0.00239412
5398,0.016189065,-0.00251553
5398.25,0.0099897,-0.002727465
5398.5,0.00828996,-0.00222798
5398.75,0.00779793,-0.002537895
5399,0.00823032,-0.001089495
5399.25,0.008437995,-0.0005751
5399.5,0.009603105,-0.00076254
5399.75,0.00793851,-0.000686925
5400,0.007837335,-0.0010863
5400.25,0.00887358,-0.001289715
5400.5,0.00746139,-0.0009372
5400.75,0.00695019,-0.000910575
5401,0.0087756,-0.00126309
5401.25,0.00934857,-0.001590045
5401.5,0.00881607,-0.00149739
5401.75,0.00937839,-0.001800915
5402,0.009688305,-0.001958535
5402.25,0.010776735,-0.00138024
5402.5,0.01019205,-0.000801945
5402.75,0.009590325,-0.00072846
5403,0.00927828,-0.000855195
5403.25,0.008770275,-0.00167631
5403.5,0.01003656,-0.001632645
5403.75,0.00891405,-0.001783875
5404,0.008763885,-0.0017892
5404.25,0.008657385,-0.001796655
5404.5,0.00827718,-0.00152721
5404.75,0.00951471,-0.00151443
5405,0.00891192,-0.001489935
5405.25,0.00813873,-0.00207462
5405.5,0.01138911,-0.00201285
5405.75,0.0103731,-0.001406865
5406,0.010700055,-0.000893535
5406.25,0.00983208,-0.000699705
5406.5,0.00902055,-0.001639035
5406.75,0.008961975,-0.0024708
5407,0.006050265,-0.001704
5407.25,0.006452835,-0.001455855
5407.5,0.01203024,-0.001830735
5407.75,0.023512005,-0.00203415
5408,0.032794545,-0.001526145
5408.25,0.04603356,-0.002497425
5408.5,0.038447565,-0.00097128
5408.75,0.06258579,0.002505945
5409,0.05710743,0.0024069
5409.25,0.063374955,0.00306294
5409.5,0.04096842,-0.001387695
5409.75,0.045977115,-0.00395328
5410,0.051753675,-0.003536865
5410.25,0.0487344,-0.00441336
5410.5,0.062384505,-0.00442188
5410.75,0.06205329,-0.001826475
5411,0.06540378,-0.00440697
5411.25,0.06923139,-0.00425361
5411.5,0.065600805,-0.004350525
5411.75,0.05880078,-0.0031311
5412,0.08476761,-0.00505236
5412.25,0.057084,-0.00309489
5412.5,0.04971633,-0.00249423
5412.75,0.063021375,-0.00415989
5413,0.06238344,-0.005247255
5413.25,0.04382901,-0.005756325
5413.5,0.04349673,-0.00691824
5413.75,0.033891495,-0.00577656
5414,0.04214631,-0.008463555
5414.25,0.02964321,-0.00406617
5414.5,0.051806925,-0.00569562
5414.75,0.04782276,-0.005828745
5415,0.047382915,-0.0050055
5415.25,0.041981235,-0.00388725
5415.5,0.051216915,-0.00151656
5415.75,0.045127245,-0.00300969
5416,0.06089883,-0.00423657
5416.25,0.05555679,-0.006184455
5416.5,0.045480825,-0.00533565
5416.75,0.046694925,-0.005781885
5417,0.04125171,-0.002542155
5417.25,0.067364445,-0.00737832
5417.5,0.052520475,-0.004390995
5417.75,0.036423,-0.00285207
5418,0.04885368,0.003553905
5418.25,0.049031535,0.00083709
5418.5,0.01826688,-0.00175512
5418.75,0.015607575,-0.000552735
5419,0.015100635,-0.00153147
5419.25,0.018048555,-0.002001135
5419.5,0.01826049,-0.002561325
5419.75,0.014472285,-0.00108843
5420,0.01174908,-0.002058645
5420.25,0.008099325,-0.001583655
5420.5,0.00913131,-0.001308885
5420.75,0.00708651,-0.001698675
5421,0.008178135,-0.001639035
5421.25,0.0078597,-0.00292875
5421.5,0.01054563,-0.00099258
5421.75,0.016636365,-0.001374915
5422,0.00683091,-0.0009372
5422.25,0.008107845,-0.00135255
5422.5,0.00686286,-0.00216834
5422.75,0.006716955,-0.002122545
5423,0.00539103,-0.0017892
5423.25,0.00565941,-0.002167275
5423.5,0.006150375,-0.002114025
5423.75,0.006725475,-0.00107991
5424,0.00577443,-0.00073698
5424.25,0.00634101,-0.000650715
5424.5,0.0060918,-0.000829635
5424.75,0.00555291,-0.000744435
5425,0.0074763,-0.000429195
5425.25,0.00620043,-0.000384465
5425.5,0.006535905,-0.000591075
5425.75,0.00651141,-0.00067308
5426,0.007138695,-0.00130143
5426.25,0.007159995,-0.00130143
5426.5,0.006099255,-0.001300365
5426.75,0.00674997,-0.001602825
5427,0.00793425,-0.00166353
5427.25,0.006712695,-0.001626255
5427.5,0.006806415,-0.001568745
5427.75,0.00813447,-0.00119493
5428,0.006280305,-0.0007668
5428.25,0.00775959,-0.00148248
5428.5,0.007279275,-0.000576165
5428.75,0.00606837,-0.00068373
5429,0.006578505,-0.000478185
5429.25,0.00693315,-0.000350385
5429.5,0.006627495,-0.00101175
5429.75,0.006092865,-0.00070929
5430,0.00692889,-0.00104157
5430.25,0.006480525,-0.001521885
5430.5,0.0050481,-0.001215165
5430.75,0.0057297,-0.001240725
5431,0.006968295,-0.0008094
5431.25,0.00521637,-0.00062835
5431.5,0.00609819,-0.00114594
5431.75,0.006011925,-0.001302495
5432,0.007292055,-0.00088182
5432.25,0.005818095,-0.00044304
5432.5,0.00696936,-0.000156555
5432.75,0.006687135,-0.000934005
5433,0.007370865,-0.000644325
5433.25,0.006940605,-0.000348255
5433.5,0.00752742,-0.000614505
5433.75,0.008614785,-0.000699705
5434,0.007242,-0.0005538
5434.25,0.007066275,-0.000525045
5434.5,0.005571015,8.8395e-05
5434.75,0.00496077,0.000271575
5435,0.00523128,-0.000101175
5435.25,0.005752065,-0.000414285
5435.5,0.006442185,-0.00018318
5435.75,0.00555504,-0.000188505
5436,0.004851075,-8.8395e-05
5436.25,0.004084275,-0.00017253
5436.5,0.00404274,-0.000531435
5436.75,0.00395754,-0.00057297
5437,0.00303951,-0.00034293
5437.25,0.002473995,-0.000375945
5437.5,0.002669955,-0.00080727
5437.75,0.003830805,-0.001379175
5438,0.003568815,-0.001149135
5438.25,0.004772265,-0.001466505
5438.5,0.00559764,-0.001170435
5438.75,0.004256805,-0.00039192
5439,0.00581064,-6.603e-05
5439.25,0.00454116,-4.1535e-05
5439.5,0.004124745,-0.0002769
5439.75,0.00454968,-0.0012141
5440,0.004293015,-0.00106926
5440.25,0.00459654,-0.000597465
5440.5,0.00418332,-0.00033867
5440.75,0.004073625,-0.0004473
5441,0.00416202,-0.000588945
5441.25,0.00414285,-0.001004295
5441.5,0.004467675,-0.001289715
5441.75,0.003453795,-0.00020661
5442,0.005085375,-0.00029181
5442.25,0.00585111,-0.000124605
5442.5,0.00630054,-0.00024495
5442.75,0.00629415,-0.00073059
5443,0.00650289,-0.00222372
5443.25,0.005300505,-0.00152295
5443.5,0.00529731,-0.00150378
5443.75,0.004676415,-0.00196173
5444,0.006780855,-0.002674215
5444.25,0.005671125,-0.002550675
5444.5,0.00549327,-0.00197877
5444.75,0.007085445,-0.00271362
5445,0.005796795,-0.002327025
5445.25,0.00584685,-0.00081579
5445.5,0.006587025,-0.000767865
5445.75,0.00724839,-0.000267315
5446,0.00594696,-6.4965e-05
5446.25,0.0067095,-0.000865845
5446.5,0.00602151,-0.00057723
5446.75,0.00536121,-0.00103518
5447,0.00619617,-0.0016827
5447.25,0.00652632,-0.002180055
5447.5,0.00574674,-0.00235791
5447.75,0.00712485,-0.001690155
5448,0.0064752,-0.00071994
5448.25,0.006039615,-0.001006425
5448.5,0.00585111,-0.00067947
5448.75,0.007066275,-0.000488835
5449,0.00749547,-0.000303525
5449.25,0.00755511,-0.0001704
5449.5,0.007326135,-0.00025134
5449.75,0.00617913,-0.00125244
5450,0.006043875,-0.00121623
5450.25,0.00676701,-0.00185736
5450.5,0.00616209,-0.00154851
5450.75,0.00626433,-0.00123327
5451,0.006067305,-0.001349355
5451.25,0.00622599,-0.001400475
5451.5,0.00624303,-0.00144627
5451.75,0.00728673,-0.00146118
5452,0.00691185,-0.000931875
5452.25,0.006827715,-0.00073272
5452.5,0.00698214,-0.000801945
5452.75,0.006484785,-0.00059001
5453,0.00705882,-0.00062409
5453.25,0.005558235,-0.00083496
5453.5,0.00602364,-0.00109695
5453.75,0.00537399,-0.00109269
5454,0.006408105,-0.00159537
5454.25,0.00649011,-0.001658205
5454.5,0.00603003,-0.00134616
5454.75,0.00752103,-0.00160389
5455,0.00501615,-0.00056871
5455.25,0.004740315,-0.00030885
5455.5,0.005462385,-0.000271575
5455.75,0.005134365,-0.000133125
5456,0.00373389,-8.4135e-05
5456.25,0.00427491,-0.00024069
5456.5,0.00852426,-0.00023643
5456.75,0.00420888,-0.00040683
5457,0.00469026,-0.000576165
5457.25,0.00353793,-0.000701835
5457.5,0.00443679,-0.000987255
5457.75,0.003487875,-0.001008555
5458,0.003634845,-0.00091164
5458.25,0.00460506,-0.001087365
5458.5,0.002435655,-0.00079662
5458.75,0.003532605,-0.000380205
5459,0.00386169,-0.000214065
5459.25,0.004953315,-0.00049629
5459.5,0.00437928,-0.000654975
5459.75,0.005155665,-0.00030672
5460,0.00509283,-0.00034506
5460.25,0.005008695,-0.000789165
5460.5,0.00421314,-0.00135468
5460.75,0.00430899,-0.00134616
5461,0.003630585,-0.001147005
5461.25,0.002812665,-0.001068195
5461.5,0.0036423,-0.00146331
5461.75,0.004141785,-0.00141219
5462,0.00500337,-0.000987255
5462.25,0.00554865,-0.00053676
5462.5,0.00525258,-0.00039618
5462.75,0.00441762,-0.00036849
5463,0.004555005,-0.000333345
5463.25,0.00561681,-0.000260925
5463.5,0.00372537,-0.000233235
5463.75,0.003511305,-0.000154425
5464,0.00313749,-0.00073485
5464.25,0.004169475,-0.001866945
5464.5,0.003573075,-0.0015762
5464.75,0.003500655,-0.001513365
5465,0.004288755,-0.00192978
5465.25,0.00538677,-0.00098619
5465.5,0.004657245,-0.000714615
5465.75,0.00512478,-0.000787035
5466,0.00526323,-0.000795555
5466.25,0.005668995,-0.000627285
5466.5,0.00558912,-0.001098015
5466.75,0.00585963,-0.000750825
5467,0.00580212,-0.00065604
5467.25,0.00612375,-0.00065604
5467.5,0.006350595,-0.00122688
5467.75,0.006307995,-0.00150804
5468,0.006207885,-0.001464375
5468.25,0.005741415,-0.002124675
5468.5,0.00857538,-0.001330185
5468.75,0.007886325,-0.000695445
5469,0.00799602,-0.000746565
5469.25,0.006674355,-0.00053676
5469.5,0.00573396,-0.000680535
5469.75,0.006220665,-0.00119919
5470,0.00623451,-0.00129291
5470.25,0.006320775,-0.00107991
5470.5,0.006885225,-0.00081153
5470.75,0.00709716,-0.0008733
5471,0.00766587,-0.001658205
5471.25,0.00683517,-0.00124179
5471.5,0.006442185,-0.00133764
5471.75,0.00756789,-0.001144875
5472,0.007436895,-0.00059214
5472.25,0.00678831,-0.000561255
5472.5,0.006623235,-0.000672015
5472.75,0.006834105,-0.000686925
5473,0.007600905,-0.00146757
5473.25,0.007609425,-0.00172104
5473.5,0.007217505,-0.00169974
5473.75,0.007488015,-0.001283325
5474,0.00708864,-0.00102666
5474.25,0.006904395,-0.0017679
5474.5,0.00693954,-0.00310128
5474.75,0.007030065,-0.002407965
5475,0.006910785,-0.002612445
5475.25,0.007123785,-0.00156768
5475.5,0.007079055,-0.001023465
5475.75,0.006608325,-0.00114807
5476,0.006474135,-0.000906315
5476.25,0.006501825,-0.00192126
5476.5,0.00602364,-0.00229614
5476.75,0.0065178,-0.002114025
5477,0.006891615,-0.001841385
5477.25,0.00724413,-0.001506975
5477.5,0.007076925,-0.00173595
5477.75,0.00735915,-0.00258795
5478,0.006644535,-0.00235791
5478.25,0.00654549,-0.00222159
5478.5,0.006578505,-0.0025347
5478.75,0.00674145,-0.001364265
5479,0.005300505,-0.000757215
5479.25,0.00702261,-0.00093507
5479.5,0.005140755,-0.00081579
5479.75,0.00593205,-0.001311015
5480,0.00443466,-0.00168057
5480.25,0.003200325,-0.001634775
5480.5,0.004109835,-0.00174873
5480.75,0.00321843,-0.001704
5481,0.004966095,-0.000721005
5481.25,0.0050268,-0.000725265
5481.5,0.004765875,-0.000882885
5481.75,0.004697715,-0.00144201
5482,0.00429408,-0.001270545
5482.25,0.0043665,-0.00048777
5482.5,0.00313323,-0.000354645
5482.75,0.003835065,-0.000367425
5483,0.005168445,-0.00050694
5483.25,0.003720045,-0.00040257
5483.5,0.00501828,-0.000885015
5483.75,0.004033155,-0.00084561
5484,0.005622135,-0.00111399
5484.25,0.005083245,-0.00052185
5484.5,0.004659375,-0.00051546
5484.75,0.004883025,-0.00064113
5485,0.00342291,-0.00088395
5485.25,0.002789235,-0.000471795
5485.5,0.003952215,-0.000454755
5485.75,0.004778655,-0.00030459
5486,0.00451986,-0.00016827
5486.25,0.004201425,-0.000461145
5486.5,0.004582695,-0.00067947
5486.75,0.003641235,-0.00146118
5487,0.0047712,-0.001462245
5487.25,0.004857465,-0.00113955
5487.5,0.0038127,-0.000755085
5487.75,0.00419184,-0.000904185
5488,0.00459228,-0.00098406
5488.25,0.00493308,-0.00123327
5488.5,0.004891545,-0.00040896
5488.75,0.0051546,-0.000333345
5489,0.004069365,-0.000384465
5489.25,0.004974615,-0.000371685
5489.5,0.006301605,-0.00034932
5489.75,0.004912845,-0.00117789
5490,0.004250415,-0.00089034
5490.25,0.00429621,-0.00128013
5490.5,0.00473286,-0.00122049
5490.75,0.006150375,-0.000853065
5491,0.007130175,-0.000667755
5491.25,0.006501825,-0.000612375
5491.5,0.00723774,-0.00083283
5491.75,0.007198335,-0.000787035
5492,0.00650289,-0.00069651
5492.25,0.00709716,-0.000919095
5492.5,0.00671376,-0.000968085
5492.75,0.005166315,-0.00082857
5493,0.00532074,-0.001917
5493.25,0.005328195,-0.001879725
5493.5,0.005585925,-0.001994745
5493.75,0.004897935,-0.001660335
5494,0.00648372,-0.002467605
5494.25,0.007528485,-0.001587915
5494.5,0.00592353,-0.001555965
5494.75,0.005485815,-0.000539955
5495,0.006386805,-0.00059853
5495.25,0.00690333,-0.000493095
5495.5,0.006846885,-0.00056658
5495.75,0.006197235,-0.00072846
5496,0.00568284,-0.00128439
5496.25,0.00598956,-0.001621995
5496.5,0.0051333,-0.00136959
5496.75,0.00563172,-0.001353615
5497,0.005421915,-0.00148461
5497.25,0.00554226,-0.001781745
5497.5,0.006578505,-0.00184671
5497.75,0.006976815,-0.00139302
5498,0.00751038,-0.00037914
5498.25,0.006866055,-0.00037701
5498.5,0.007068405,-0.000995775
5498.75,0.00681387,-0.000972345
5499,0.007345305,-0.001213035
5499.25,0.00608754,-0.001828605
5499.5,0.00626433,-0.0018957
5499.75,0.006122685,-0.00163584
5500,0.00565089,-0.00179985
5500.25,0.006058785,-0.00205545
5500.5,0.005711595,-0.00165714
5500.75,0.00588519,-0.0013632
5501,0.005788275,-0.00094785
5501.25,0.006998115,-0.00026199
5501.5,0.00789165,-0.000910575
5501.75,0.00685434,-0.00107991
5502,0.007083315,-0.00084135
5502.25,0.00708012,-0.00087969
5502.5,0.00558273,-0.001068195
5502.75,0.00589158,-0.00089247
5503,0.005134365,-0.000838155
5503.25,0.00551457,-0.000228975
5503.5,0.02546202,-0.00052398
5503.75,0.034888335,-0.001351485
5504,0.03071886,-0.00199581
5504.25,0.03637614,-0.00229188
5504.5,0.039090825,-0.00170613
5504.75,0.03867867,-0.001679505
5505,0.047500065,-0.00290958
5505.25,0.043482885,-0.001666725
5505.5,0.04011216,-0.00290532
5505.75,0.039141945,-0.00309063
5506,0.044569185,-0.00311619
5506.25,0.044745975,-0.003345165
5506.5,0.04505589,-0.00315027
5506.75,0.03974367,-0.002976675
5507,0.043455195,-0.003306825
5507.25,0.04740954,-0.001922325
5507.5,0.06237279,-0.00327594
5507.75,0.044121885,-0.00249849
5508,0.047380785,-0.00278178
5508.25,0.026817765,-0.00365295
5508.5,0.024717585,-0.0037275
5508.75,0.031531455,-0.00350598
5509,0.037593435,-0.007798995
5509.25,0.04399089,-0.010306005
5509.5,0.04274058,-0.009390105
5509.75,0.04782489,-0.00799815
5510,0.044545755,-0.00755298
5510.25,0.048055995,-0.007901235
5510.5,0.042249615,-0.004476195
5510.75,0.050017725,-0.007571085
5511,0.051459735,-0.008685075
5511.25,0.05573784,-0.00756576
5511.5,0.047016555,-0.006348465
5511.75,0.037525275,-0.005274945
5512,0.034568835,-0.003783945
5512.25,0.03570093,-0.005681775
5512.5,0.0367851,-0.005061945
5512.75,0.03390108,-0.00333345
5513,0.038160015,-0.002216265
5513.25,0.03324291,-0.001858425
5513.5,0.025948725,-0.003023535
5513.75,0.01420284,-0.002295075
5514,0.011647905,-0.001749795
5514.25,0.008461425,-0.000640065
5514.5,0.00615357,-0.00073059
5514.75,0.00613653,-0.002657175
5515,0.005801055,-0.002840355
5515.25,0.006310125,-0.0028329
5515.5,0.003464445,-0.000893535
5515.75,0.00539529,-0.002314245
5516,0.00473073,-0.00188079
5516.25,0.005660475,-0.00225141
5516.5,0.003930915,-0.001068195
5516.75,0.004469805,-0.0012567
5517,0.007943835,-0.002173665
5517.25,0.005850045,-0.00167631
5517.5,0.00742092,-0.002197095
5517.75,0.00743796,-0.002207745
5518,0.00603429,-0.001964925
5518.25,0.005815965,-0.00172104
5518.5,0.006126945,-0.002007525
5518.75,0.005575275,-0.002013915
5519,0.006787245,-0.00270297
5519.25,0.005943765,-0.00240477
5519.5,0.00703113,-0.00137598
5519.75,0.00636657,-0.00131208
5520,0.00677766,-0.00134616
5520.25,0.00861372,-0.00161667
5520.5,0.005935245,-0.001739145
5520.75,0.00642621,-0.002459085
5521,0.00567432,-0.002039475
5521.25,0.00770208,-0.00202989
5521.5,0.00685008,-0.00194256
5521.75,0.00755937,-0.00220668
5522,0.00880968,-0.00306294
5522.25,0.007236675,-0.00250275
5522.5,0.009302775,-0.001917
5522.75,0.00865419,-0.00175299
5523,0.00894387,-0.00200859
5523.25,0.009735165,-0.0017679
5523.5,0.00842415,-0.002122545
5523.75,0.008646735,-0.003385635
5524,0.006574245,-0.002765805
5524.25,0.007257975,-0.003095955
5524.5,0.00657531,-0.002324895
5524.75,0.006878835,-0.001973445
5525,0.00590649,-0.002043735
5525.25,0.006597675,-0.0029607
5525.5,0.008727675,-0.0027264
5525.75,0.00886719,-0.001956405
5526,0.008680815,-0.00184458
5526.25,0.008604135,-0.00142497
5526.5,0.00771273,-0.001391955
5526.75,0.00885441,-0.00195747
5527,0.006350595,-0.00306294
5527.25,0.009443355,-0.003027795
5527.5,0.009662745,-0.002584755
5527.75,0.006540165,-0.001568745
5528,0.009984375,-0.00270084
5528.25,0.02186658,-0.003513435
5528.5,0.017724795,-0.00416841
5528.75,0.02014767,-0.003864885
5529,0.02386878,-0.003992685
5529.25,0.019920825,-0.00394902
5529.5,0.026581335,-0.00518016
5529.75,0.025642005,-0.005166315
5530,0.0200007,-0.00399162
5530.25,0.03467214,-0.003830805
5530.5,0.027126615,-0.00510987
5530.75,0.02773047,-0.00318222
5531,0.029130945,-0.004410165
5531.25,0.027350265,-0.003223755
5531.5,0.029086215,-0.005460255
5531.75,0.032068215,-0.005607225
5532,0.032937255,-0.00606837
5532.25,0.042311385,-0.004469805
5532.5,0.049306305,-0.00412794
5532.75,0.045353025,-0.00348255
5533,0.03442932,-0.00367212
5533.25,0.058384365,-0.004593345
5533.5,0.04749687,-0.005081115
5533.75,0.05841525,-0.002569845
5534,0.07334655,0.002380275
5534.25,0.059860455,0.00107139
5534.5,0.0462849,-0.00126948
5534.75,0.051485295,-0.001903155
5535,0.049870755,-0.00349959
5535.25,0.05565264,-0.001832865
5535.5,0.047644905,-0.002077815
5535.75,0.048481995,-0.002099115
5536,0.0495225,-0.0017892
5536.25,0.046258275,-0.002695515
5536.5,0.038645655,-0.00210018
5536.75,0.03803115,-0.001726365
5537,0.031763625,-0.001296105
5537.25,0.03797151,-0.00272001
5537.5,0.039084435,-0.00215769
5537.75,0.033757305,-0.002974545
5538,0.036617895,-0.00361035
5538.25,0.037337835,-0.001200255
5538.5,0.02002626,-0.00049203
5538.75,0.01891014,-0.00134403
5539,0.01737654,-0.00140154
5539.25,0.016549035,-0.00162306
5539.5,0.013607505,-0.00179133
5539.75,0.016133685,-0.002784975
5540,0.018080505,-0.00185736
5540.25,0.02019453,-0.00188931
5540.5,0.013062225,-0.00201924
5540.75,0.00813021,-0.00203202
5541,0.008333625,-0.00317157
5541.25,0.00728247,-0.00275196
5541.5,0.00731229,-0.002016045
5541.75,0.009466785,-0.00217899
5542,0.00805566,-0.00170613
5542.25,0.00959139,-0.00156129
5542.5,0.008687205,-0.00181476
5542.75,0.008195175,-0.002565585
5543,0.007724445,-0.002128935
5543.25,0.007360215,-0.002028825
5543.5,0.007756395,-0.0013632
5543.75,0.00729525,-0.001739145
5544,0.00670311,-0.00186162
5544.25,0.008095065,-0.00262203
5544.5,0.006259005,-0.001570875
5544.75,0.00724839,-0.001347225
5545,0.006995985,-0.001053285
5545.25,0.007002375,-0.001347225
5545.5,0.00767865,-0.00148035
5545.75,0.006695655,-0.001396215
5546,0.006359115,-0.002380275
5546.25,0.00694806,-0.00234513
5546.5,0.007000245,-0.002382405
5546.75,0.007626465,-0.0018957
5547,0.008759625,-0.002071425
5547.25,0.008212215,-0.00215769
5547.5,0.00628137,-0.00241116
5547.75,0.006501825,-0.002290815
5548,0.00732294,-0.001690155
5548.25,0.007645635,-0.002182185
5548.5,0.007245195,-0.00229188
5548.75,0.00842202,-0.00197877
5549,0.008256945,-0.001988355
5549.25,0.00660087,-0.00290106
5549.5,0.007029,-0.00294579
5549.75,0.00855195,-0.0029394
5550,0.008067375,-0.00210657
5550.25,0.007669065,-0.00172743
5550.5,0.007343175,-0.00214491
5550.75,0.0064539,-0.00221307
5551,0.005703075,-0.001402605
5551.25,0.01322304,-0.002280165
5551.5,0.021671685,-0.00114807
5551.75,0.02971563,-0.001151265
5552,0.02682309,-0.00108204
5552.25,0.030834945,-0.00117789
5552.5,0.02897865,-0.00126522
5552.75,0.030425985,-0.001494195
5553,0.03880647,-0.00210231
5553.25,0.03917496,-0.0029394
5553.5,0.047008035,-0.004546485
5553.75,0.04580778,-0.003494265
5554,0.0458163,-0.004131135
5554.25,0.0505662,-0.00630054
5554.5,0.0410451,-0.003494265
5554.75,0.051868695,-0.00281373
5555,0.062431365,-0.003864885
5555.25,0.051938985,-0.00160602
5555.5,0.060674115,-0.005962935
5555.75,0.068282475,-0.005581665
5556,0.06188928,-0.009952425
5556.25,0.055123335,-0.007788345
5556.5,0.045817365,-0.005230215
5556.75,0.053775045,-0.00385317
5557,0.0595974,-0.004433595
5557.25,0.045602235,-0.003881925
5557.5,0.05003583,-0.00443679
5557.75,0.054128625,-0.0037914
5558,0.037857555,-0.000143775
5558.25,0.06013842,-0.00450069
5558.5,0.0492456,-0.00115872
5558.75,0.04885794,-0.00193404
5559,0.048605535,-0.00238986
5559.25,0.04993572,-0.003943695
5559.5,0.034683855,-0.000107565
5559.75,0.027997785,-0.00024495
5560,0.033501705,-0.00087543
5560.25,0.03924738,-0.00038553
5560.5,0.023526915,-0.002544285
5560.75,0.020172165,-0.00112677
5561,0.017565045,-0.00063687
5561.25,0.01775994,-0.002556
5561.5,0.015009045,-0.00248358
5561.75,0.014753445,-0.003147075
5562,0.0075402,-0.000209805
5562.25,0.010071705,-0.00205332
5562.5,0.012565935,-0.001715715
5562.75,0.01230075,-0.00141219
5563,0.00867975,-0.001306755
5563.25,0.010061055,-0.001219425
5563.5,0.00810252,-0.001391955
5563.75,0.009270825,-0.000821115
5564,0.010742655,-0.00087117
5564.25,0.00886719,-0.00135255
5564.5,0.008499765,-0.00260925
5564.75,0.006222795,-0.002141715
5565,0.00964251,-0.00284355
5565.25,0.00873513,-0.00277326
5565.5,0.0064965,-0.00218751
5565.75,0.01000887,-0.004297275
5566,0.008265465,-0.00273066
5566.25,0.00944868,-0.00328659
5566.5,0.009588195,-0.002001135
5566.75,0.008574315,-0.00199581
5567,0.011466855,-0.001012815
5567.25,0.00911214,-0.00055806
5567.5,0.01158081,-0.00178281
5567.75,0.009236745,-0.002565585
5568,0.00751464,-0.00268167
5568.25,0.007726575,-0.00280095
5568.5,0.007596645,-0.00250488
5568.75,0.007937445,-0.00249849
5569,0.007865025,-0.002718945
5569.25,0.007892715,-0.003089565
5569.5,0.011520105,-0.00281373
5569.75,0.009524295,-0.002028825
5570,0.010734135,-0.00222585
5570.25,0.010333695,-0.0021726
5570.5,0.009813975,-0.002763675
5570.75,0.009170715,-0.00301182
5571,0.009379455,-0.0025134
5571.25,0.009773505,-0.00282438
5571.5,0.01005573,-0.00301608
5571.75,0.00967872,-0.00376584
5572,0.008964105,-0.003360075
5572.25,0.010231455,-0.003867015
5572.5,0.00906315,-0.00337392
5572.75,0.01159998,-0.0032163
5573,0.008661645,-0.00239625
5573.25,0.008312325,-0.002765805
5573.5,0.010197375,-0.002405835
5573.75,0.00995136,-0.00335262
5574,0.00816003,-0.00359544
5574.25,0.00955305,-0.00393624
5574.5,0.01150839,-0.002418615
5574.75,0.00831552,-0.00178068
5575,0.012636225,-0.002665695
5575.25,0.031265205,-0.003085305
5575.5,0.023703705,-0.00290106
5575.75,0.03464019,-0.003796725
5576,0.030368475,-0.00246441
5576.25,0.03881286,-0.002527245
5576.5,0.0329298,-0.002855265
5576.75,0.03780537,-0.003886185
5577,0.035782935,-0.00346551
5577.25,0.044204955,-0.003813765
5577.5,0.04812522,-0.00485427
5577.75,0.0474564,-0.005956545
5578,0.055023225,-0.0057297
5578.25,0.063089535,-0.005668995
5578.5,0.042441315,-0.003794595
5578.75,0.036385725,-0.002797755
5579,0.044777925,-0.0037275
5579.25,0.04606977,-0.00293301
5579.5,0.040398645,-0.002782845
5579.75,0.044814135,-0.00379992
5580,0.05090061,-0.00690546
5580.25,0.056531265,-0.00728886
5580.5,0.04062549,-0.005698815
5580.75,0.041940765,-0.00669246
5581,0.021164745,-0.0060492
5581.25,0.019729125,-0.004209945
5581.5,0.02136603,-0.003773295
5581.75,0.025595145,-0.00426639
5582,0.02998827,-0.00508218
5582.25,0.029292825,-0.00621534
5582.5,0.02393055,-0.004269585
5582.75,0.023989125,-0.00599808
5583,0.021629085,-0.00470304
5583.25,0.025750635,-0.005962935
5583.5,0.01865028,-0.004878765
5583.75,0.018953805,-0.003253575
5584,0.023017845,-0.00560829
5584.25,0.02354928,-0.004045935
5584.5,0.021558795,-0.00309276
5584.75,0.015780105,-0.002522985
5585,0.015194355,-0.00283503
5585.25,0.015028215,-0.0033867
5585.5,0.01470765,-0.00233022
5585.75,0.010766085,-0.002141715
5586,0.010470015,-0.00295644
5586.25,0.01214313,-0.003066135
5586.5,0.00989598,-0.002784975
5586.75,0.012862005,-0.004048065
5587,0.00571479,-0.00176151
5587.25,0.007784085,-0.003594375
5587.5,0.007564695,-0.002627355
5587.75,0.009784155,-0.002533635
5588,0.00734637,-0.00276048
5588.25,0.008120625,-0.00287763
5588.5,0.00713976,-0.002744505
5588.75,0.007858635,-0.00310341
5589,0.00968937,-0.003170505
5589.25,0.010237845,-0.002846745
5589.5,0.008876775,-0.004065105
5589.75,0.00945933,-0.002710425
5590,0.008927895,-0.00354432
5590.25,0.008395395,-0.003783945
5590.5,0.007381515,-0.002499555
5590.75,0.00643686,-0.002403705
5591,0.008704245,-0.00246441
5591.25,0.00969363,-0.00243885
5591.5,0.009251655,-0.00213
5591.75,0.00860307,-0.001932975
5592,0.008785185,-0.001841385
5592.25,0.009072735,-0.002358975
5592.5,0.008802225,-0.002090595
5592.75,0.00647946,-0.00152295
5593,0.007554045,-0.00228975
5593.25,0.006998115,-0.002165145
5593.5,0.00742305,-0.00295644
5593.75,0.01003017,-0.00224928
5594,0.00713124,-0.00247719
5594.25,0.00916965,-0.00156555
5594.5,0.009658485,-0.00143775
5594.75,0.00692676,-0.001990485
5595,0.00803223,-0.0030672
5595.25,0.00817707,-0.00294153
5595.5,0.006942735,-0.00225354
5595.75,0.007475235,-0.002126805
5596,0.00714828,-0.001888245
5596.25,0.00671802,-0.00222372
5596.5,0.005334585,-0.001641165
5596.75,0.007950225,-0.00194256
5597,0.008090805,-0.002399445
5597.25,0.00836238,-0.002101245
5597.5,0.009272955,-0.002077815
5597.75,0.00914196,-0.001430295
5598,0.008184525,-0.00129078
5598.25,0.011098365,-0.00127374
5598.5,0.00813021,-0.002853135
5598.75,0.00813873,-0.00248997
5599,0.00891405,-0.00228123
5599.25,0.008325105,-0.00205971
5599.5,0.011413605,-0.002469735
5599.75,0.008163225,-0.002437785
5600,0.00825162,-0.001950015
5600.25,0.019765335,-0.00308211
5600.5,0.0189357,-0.003392025
5600.75,0.019228575,-0.00298839
5601,0.022587585,-0.00368277
5601.25,0.019541685,-0.001455855
5601.5,0.02523624,-0.002859525
5601.75,0.033209895,-0.003204585
5602,0.02037984,-0.00192765
5602.25,0.025786845,-0.001717845
5602.5,0.02943447,-0.001803045
5602.75,0.022018875,-0.00379992
5603,0.021592875,-0.00358266
5603.25,0.03032481,-0.004356915
5603.5,0.02794347,-0.00496716
5603.75,0.02404557,-0.00420249
5604,0.02436933,-0.00561468
5604.25,0.023096655,-0.0056871
5604.5,0.028293855,-0.00376584
5604.75,0.027953055,-0.00405552
5605,0.019318035,-0.003453795
5605.25,0.022911345,-0.003451665
5605.5,0.0316305,-0.004618905
5605.75,0.030406815,-0.00413859
5606,0.030594255,-0.00388512
5606.25,0.026675055,-0.00446235
5606.5,0.020010285,-0.003794595
5606.75,0.020417115,-0.004146045
5607,0.01808583,-0.003688095
5607.25,0.02106996,-0.00327381
5607.5,0.019488435,-0.00295218
5607.75,0.01780254,-0.004237635
5608,0.018159315,-0.0044304
5608.25,0.020246715,-0.004968225
5608.5,0.023767605,-0.00318009
5608.75,0.02963895,-0.002887215
5609,0.023722875,-0.00246441
5609.25,0.01390251,-0.003370725
5609.5,0.01092477,-0.002542155
5609.75,0.01150839,-0.003930915
5610,0.008832045,-0.003585855
5610.25,0.01144875,-0.00447087
5610.5,0.00873513,-0.00155703
5610.75,0.012561675,-0.002603925
5611,0.011715,-0.00243033
5611.25,0.00960843,-0.001956405
5611.5,0.007588125,-0.002335545
5611.75,0.005854305,-0.0030885
5612,0.00574887,-0.003383505
5612.25,0.004188645,-0.00219177
5612.5,0.005127975,-0.00362526
5612.75,0.006846885,-0.003106605
5613,0.007000245,-0.002819055
5613.25,0.006797895,-0.0032163
5613.5,0.00703965,-0.002806275
5613.75,0.00616422,-0.00281373
5614,0.006348465,-0.00246441
5614.25,0.00679683,-0.003598635
5614.5,0.007556175,-0.002880825
5614.75,0.007577475,-0.002546415
5615,0.0065817,-0.0036423
5615.25,0.007543395,-0.00249849
5615.5,0.006955515,-0.00262416
5615.75,0.00678405,-0.00337818
5616,0.007690365,-0.003296175
5616.25,0.00846036,-0.002058645
5616.5,0.008386875,-0.00156981
5616.75,0.007747875,-0.00224502
5617,0.00860946,-0.00240903
5617.25,0.007149345,-0.00231105
5617.5,0.00716319,-0.00331854
5617.75,0.0103305,-0.00248784
5618,0.007779825,-0.00216621
5618.25,0.00716745,-0.003643365
5618.5,0.006751035,-0.00344421
5618.75,0.00651141,-0.0040683
5619,0.00669885,-0.00370407
5619.25,0.00769569,-0.00296496
5619.5,0.007933185,-0.002169405
5619.75,0.008672295,-0.002071425
5620,0.00808335,-0.002963895
5620.25,0.00777663,-0.003070395
5620.5,0.006359115,-0.003545385
5620.75,0.007560435,-0.00342504
5621,0.00834108,-0.00355071
5621.25,0.00713337,-0.00277752
5621.5,0.00687351,-0.004028895
5621.75,0.00718236,-0.0045795
5622,0.007189815,-0.00414711
5622.25,0.00610884,-0.00287124
5622.5,0.007590255,-0.002725335
5622.75,0.007381515,-0.00246015
5623,0.0064326,-0.002712555
5623.25,0.00571266,-0.0026838
5623.5,0.00623451,-0.003181155
5623.75,0.00571905,-0.002516595
5624,0.00483936,-0.001636905
5624.25,0.00489261,-0.00182328
5624.5,0.005911815,-0.002567715
5624.75,0.005076855,-0.00185736
5625,0.006825585,-0.00250488
5625.25,0.00538251,-0.00225354
5625.5,0.007338915,-0.002043735
5625.75,0.008691465,-0.00281799
5626,0.006861795,-0.00282864
5626.25,0.005206785,-0.00202776
5626.5,0.00481167,-0.0014058
5626.75,0.006374025,-0.001391955
5627,0.006733995,-0.00126522
5627.25,0.005176965,-0.001996875
5627.5,0.005624265,-0.00252618
5627.75,0.00831978,-0.00308424
5628,0.006065175,-0.003262095
5628.25,0.006633885,-0.0026412
5628.5,0.00981291,-0.00218538
5628.75,0.005720115,-0.002633745
5629,0.00460932,-0.00296922
5629.25,0.00473712,-0.002934075
5629.5,0.00723561,-0.004150305
5629.75,0.00730164,-0.00312258
5630,0.006461355,-0.00179559
5630.25,0.004231245,-0.002657175
5630.5,0.01079271,-0.003213105
5630.75,0.00686073,-0.00347829
5631,0.00589371,-0.00272214
5631.25,0.006733995,-0.003061875
5631.5,0.005988495,-0.002248215
5631.75,0.00568071,-0.0026199
5632,0.00489261,-0.00295005
5632.25,0.00766161,-0.004491105
5632.5,0.00622812,-0.002765805
5632.75,0.005413395,-0.001157655
5633,0.007581735,-0.001249245
5633.25,0.005215305,-0.00125457
5633.5,0.00669033,-0.00326316
5633.75,0.00868827,-0.002216265
5634,0.008103585,-0.00225141
5634.25,0.00630693,-0.001883985
5634.5,0.00920799,-0.001717845
5634.75,0.00761901,-0.00266037
5635,0.007138695,-0.00276048
5635.25,0.005221695,-0.001881855
5635.5,0.005402745,-0.001771095
5635.75,0.005543325,-0.00226206
5636,0.007302705,-0.001834995
5636.25,0.00815364,-0.001423905
5636.5,0.00659235,-0.00290958
5636.75,0.006190845,-0.002503815
5637,0.005647695,-0.001941495
5637.25,0.007044975,-0.002103375
5637.5,0.00632184,-0.001259895
5637.75,0.0066243,-0.0003621
5638,0.0076254,-0.001960665
5638.25,0.00550818,-0.001336575
5638.5,0.005822355,-0.00125244
5638.75,0.00618978,-0.001511235
5639,0.006333555,-0.001568745
5639.25,0.006748905,-0.00110547
5639.5,0.007899105,-0.001276935
5639.75,0.005852175,-0.002079945
5640,0.00637722,-0.0017679
5640.25,0.00672015,-0.002084205
5640.5,0.006154635,-0.001830735
5640.75,0.005839395,-0.001858425
5641,0.006371895,-0.000748695
5641.25,0.00694167,-0.00094359
5641.5,0.00730164,-0.001683765
5641.75,0.006269655,-0.00211296
5642,0.00568923,-0.00240051
5642.25,0.00549753,-0.002473995
5642.5,0.006693525,-0.002339805
5642.75,0.006921435,-0.001549575
5643,0.007145085,-0.002465475
5643.25,0.00593418,-0.00308211
5643.5,0.00602577,-0.00268806
5643.75,0.00691824,-0.0032802
5644,0.006220665,-0.00320778
5644.25,0.006288825,-0.00228549
5644.5,0.00588732,-0.00064539
5644.75,0.00578508,-0.00106926
5645,0.006259005,-0.00118002
5645.25,0.00519294,-0.001244985
5645.5,0.00583194,-0.001095885
5645.75,0.00718023,-0.000874365
5646,0.00638361,-0.000620895
5646.25,0.00675423,-0.000497355
5646.5,0.006559335,-0.00103518
5646.75,0.00485001,-0.00100749
5647,0.005355885,-0.00100323
5647.25,0.004154565,-0.000889275
5647.5,0.00381696,-0.00068799
5647.75,0.0047286,-0.000812595
5648,-0.000827505,-0.001010685
5648.25,-0.00019596,-0.0029607
5648.5,0.003119385,-0.00179559
5648.75,0.00321204,-0.00365721
5649,0.003519825,-0.00313536
5649.25,0.003683835,-0.002625225
5649.5,0.002520855,-0.00355497
5649.75,0.00428982,-0.004425075
5650,0.00403209,-0.00150804
5650.25,0.00411729,-1.3845e-05
5650.5,0.000343995,-0.00251553
5650.75,-0.001813695,-0.000961695
5651,0.003862755,-0.000565515
5651.25,0.002501685,-0.001210905
5651.5,0.002414355,-0.00100323
5651.75,0.002770065,-0.00050481
5652,0.003125775,-0.00019383
5652.25,0.00277113,-0.00065604
5652.5,0.002759415,-0.000825375
5652.75,0.001854165,-0.000763605
5653,0.00156981,-0.00084348
5653.25,0.00178707,-0.00096276
5653.5,0.002882955,-0.00048777
5653.75,0.00320991,-0.00039831
5654,0.002333415,-0.000970215
5654.25,0.002410095,-0.000970215
5654.5,0.002919165,-0.00060492
5654.75,0.00288615,-0.000682665
5655,0.00333771,-0.00067521
5655.25,0.00351024,-0.000354645
5655.5,0.003445275,-0.00092016
5655.75,0.002307855,-0.001432425
5656,0.002765805,-0.001417515
5656.25,0.002578365,-0.001236465
5656.5,0.00304377,-0.001279065
5656.75,0.00295857,-0.000667755
5657,0.003398415,-0.00037701
5657.25,0.003000105,-0.00091164
5657.5,0.0027903,-0.00098406
5657.75,0.00294366,-0.001063935
5658,0.003849975,-0.00067734
5658.25,0.003751995,-0.00034932
5658.5,0.005106675,-7.1355e-05
5658.75,0.003421845,-0.000427065
5659,0.003781815,-0.001219425
5659.25,0.003311085,-0.000410025
5659.5,0.003573075,-0.00122049
5659.75,0.003428235,-0.00099471
5660,0.004207815,-0.001464375
5660.25,0.00469452,-0.000708225
5660.5,0.00504384,-0.00106713
5660.75,0.004163085,-0.002135325
5661,0.004058715,-0.00188931
5661.25,0.005025735,-0.002030955
5661.5,0.003764775,-0.001347225
5661.75,0.00404274,-0.00175086
5662,0.00584685,-7.3485e-05
5662.25,0.00524619,-0.000169335
5662.5,0.00434307,-0.000842415
5662.75,0.00419823,-0.00124392
5663,0.00417693,-0.00147183
5663.25,0.00417267,-0.00201285
5663.5,0.004016115,-0.001364265
5663.75,0.004650855,-0.001257765
5664,0.004491105,-0.000518655
5664.25,0.00388938,-0.0016827
5664.5,0.003707265,-0.001528275
5664.75,0.003374985,-0.001639035
5665,0.003835065,-0.001202385
5665.25,0.003577335,-0.00121623
5665.5,0.00434094,-0.00145692
5665.75,0.004904325,-0.000686925
5666,0.004874505,-0.00124605
5666.25,0.004305795,-0.001596435
5666.5,0.00492243,-0.001044765
5666.75,0.00519081,-0.00107139
5667,0.004657245,-0.001053285
5667.25,0.0042813,-0.0020874
5667.5,0.004548615,-0.00099897
5667.75,0.004286625,-0.00078384
5668,0.00403422,-0.00154851
5668.25,0.00345486,-0.001466505
5668.5,0.004452765,-0.00210657
5668.75,0.00349533,-0.0014697
5669,0.00392772,-0.00159537
5669.25,0.00520146,-0.00160815
5669.5,0.005709465,-0.001000035
5669.75,0.005930985,-0.001485675
5670,0.00541233,-0.0017466
5670.25,0.006250485,-0.001596435
5670.5,0.00694593,-0.001236465
5670.75,0.005036385,-0.001046895
5671,0.004686,-0.00099897
5671.25,0.005881995,-0.00055806
5671.5,0.00790017,-0.00049416
5671.75,0.011483895,-0.000763605
5672,0.01427313,-0.00096063
5672.25,0.014830125,-0.00104583
5672.5,0.023294745,-0.00379353
5672.75,0.032061825,-0.004148175
5673,0.046850415,-0.006425145
5673.25,0.039227145,-0.005055555
5673.5,0.04548828,-0.004184385
5673.75,0.056177685,-0.004738185
5674,0.052595025,-0.00635592
5674.25,0.06565725,-0.00692889
5674.5,0.049587465,-0.00559125
5674.75,0.051084855,-0.00541872
5675,0.04905816,-0.005556105
5675.25,0.04241682,-0.00450282
5675.5,0.041697945,-0.00351024
5675.75,0.03856365,-0.00361674
5676,0.03948381,-0.00328233
5676.25,0.03783093,-0.00399588
5676.5,0.037981095,-0.004267455
5676.75,0.04420389,-0.003302565
5677,0.03506193,-0.002461215
5677.25,0.03925164,-0.002589015
5677.5,0.033148125,-0.002638005
5677.75,0.03215235,-0.00143562
5678,0.038087595,-9.0525e-05
5678.25,0.02587311,-0.0033654
5678.5,0.034886205,-0.00455181
5678.75,0.036358035,-0.004118355
5679,0.038479515,-0.00291171
5679.25,0.03420141,-0.00427278
5679.5,0.03698958,-0.00961695
5679.75,0.029889225,-0.0064113
5680,0.035263215,-0.00508431
5680.25,0.03741132,-0.006729735
5680.5,0.03641235,-0.00454755
5680.75,0.02630976,-0.001756185
5681,0.0237921,-0.00282864
5681.25,0.019852665,-0.004712625
5681.5,0.018815355,-0.004908585
5681.75,0.018189135,-0.004861725
5682,0.022148805,-0.00438141
5682.25,0.017795085,-0.003509175
5682.5,0.019007055,-0.003402675
5682.75,0.01239873,-0.0022365
5683,0.00881607,-0.00192126
5683.25,0.008704245,-0.003257835
5683.5,0.009679785,-0.003773295
5683.75,0.01081188,-0.00206823
5684,0.008932155,-0.0014697
5684.25,0.007213245,-0.00254535
5684.5,0.00596826,-0.003860625
5684.75,0.00640917,-0.00377436
5685,0.007488015,-0.004354785
5685.25,0.006821325,-0.00417267
5685.5,0.00696297,-0.002606055
5685.75,0.008101455,-0.003134295
5686,0.00802158,-0.004058715
5686.25,0.00699279,-0.0034293
5686.5,0.007421985,-0.004101315
5686.75,0.00636444,-0.003528345
5687,0.007349565,-0.00521424
5687.25,0.007671195,-0.00503532
5687.5,0.007262235,-0.001734885
5687.75,0.006493305,-0.001681635
5688,0.006770205,-0.002895735
5688.25,0.00680109,-0.00210444
5688.5,0.007387905,-0.00183606
5688.75,0.006866055,-0.00173808
5689,0.006593415,-0.00268593
5689.25,0.006322905,-0.00297987
5689.5,0.007537005,-0.002173665
5689.75,0.00673932,-0.00251553
5690,0.00649863,-0.00323334
5690.25,0.005622135,-0.00259221
5690.5,0.0060066,-0.002902125
5690.75,0.00612162,-0.002753025
5691,0.006077955,-0.00290745
5691.25,0.005907555,-0.00274983
5691.5,0.006437925,-0.00212148
5691.75,0.00691398,-0.002667825
5692,0.00607902,-0.0025986
5692.25,0.00737619,-0.003025665
5692.5,0.006520995,-0.00280947
5692.75,0.005771235,-0.001758315
5693,0.007543395,-0.00196173
5693.25,0.006280305,-0.001594305
5693.5,0.00691824,-0.001732755
5693.75,0.006774465,-0.00248784
5694,0.006883095,-0.003200325
5694.25,0.007673325,-0.002576235
5694.5,0.00648372,-0.002143845
5694.75,0.00675849,-0.00179985
5695,0.00503532,-0.00143988
5695.25,0.00949341,-0.0042174
5695.5,0.03102132,-0.002808405
5695.75,0.033271665,-0.00252831
5696,0.0289041,-0.0023004
5696.25,0.03874896,-0.001274805
5696.5,0.042624495,-0.00480954
5696.75,0.04535835,-0.005000175
5697,0.04780146,-0.006454965
5697.25,0.06058998,-0.009788415
5697.5,0.060546315,-0.009309165
5697.75,0.07144233,-0.007779825
5698,0.06871167,-0.009121725
5698.25,0.06986613,-0.011224035
5698.5,0.06655398,-0.012065385
5698.75,0.067837305,-0.004408035
5699,0.107636355,-0.00010224
5699.25,0.12035991,0.00052824
5699.5,0.13412397,0.002550675
5699.75,0.095819115,-0.006261135
5700,0.05515848,-0.008080155
5700.25,0.057455685,-0.01365543
5700.5,0.061091595,-0.011722455
5700.75,0.059242755,-0.014389215
5701,0.04350525,-0.010046145
5701.25,0.038519985,-0.008214345
5701.5,0.034368615,-0.006054525
5701.75,0.037697805,-0.006278175
5702,0.04059354,-0.005965065
5702.25,0.036051315,-0.00461997
5702.5,0.040177125,-0.00556782
5702.75,0.037126965,-0.00502467
5703,0.03180303,-0.005219565
5703.25,0.04377576,-0.00562746
5703.5,0.035009745,-0.005034255
5703.75,0.03094677,-0.003236535
5704,0.03111504,-0.004235505
5704.25,0.04247007,-0.007147215
5704.5,0.038696775,-0.005903295
5704.75,0.033983085,-0.00158472
5705,0.04662357,-0.001570875
5705.25,0.035938425,-0.00346338
5705.5,0.024282,-0.004493235
5705.75,0.021403305,-0.004635945
5706,0.018860085,-0.003183285
5706.25,0.01560864,-0.00074124
5706.5,0.020455455,-0.00302247
5706.75,0.01308459,-0.00322908
5707,0.010702185,-0.003012885
5707.25,0.009094035,-0.0016188
5707.5,0.011213385,-0.003992685
5707.75,0.008734065,-0.00349533
5708,0.00961269,-0.003828675
5708.25,0.01140828,-0.00188931
5708.5,0.01148496,-0.00278604
5708.75,0.008731935,-0.002861655
5709,0.00817281,-0.003879795
5709.25,0.00767439,-0.00262416
5709.5,0.007387905,-0.004968225
5709.75,0.008165355,-0.00594057
5710,0.007375125,-0.00331854
5710.25,0.00729525,-0.003025665
5710.5,0.006872445,-0.003964995
5710.75,0.006755295,-0.003756255
5711,0.006908655,-0.00431751
5711.25,0.007015155,-0.00372963
5711.5,0.006757425,-0.002412225
5711.75,0.007428375,-0.00245802
5712,0.00826653,-0.00235578
5712.25,0.00656679,-0.002665695
5712.5,0.007786215,-0.00237069
5712.75,0.007079055,-0.002222655
5713,0.00748269,-0.003700875
5713.25,0.00780219,-0.00417054
5713.5,0.00660513,-0.00423231
5713.75,0.0078171,-0.003583725
5714,0.007287795,-0.002948985
5714.25,0.00692889,-0.003950085
5714.5,0.007368735,-0.004825515
5714.75,0.00657957,-0.004678545
5715,0.007603035,-0.00535269
5715.25,0.007445415,-0.00409599
5715.5,0.007189815,-0.003017145
5715.75,0.006846885,-0.00253044
5716,0.007123785,-0.003017145
5716.25,0.006538035,-0.003042705
5716.5,0.007436895,-0.004141785
5716.75,0.00664986,-0.002882955
5717,0.007494405,-0.002393055
5717.25,0.00718875,-0.00264759
5717.5,0.008203695,-0.00276474
5717.75,0.007424115,-0.00251766
5718,0.006601935,-0.00321204
5718.25,0.008063115,-0.003592245
5718.5,0.00663069,-0.002410095
5718.75,0.005466645,-0.00189783
5719,0.006420885,-0.00192978
5719.25,0.006056655,-0.0010863
5719.5,0.01413681,-0.00148674
5719.75,0.015686385,-0.0016827
5720,0.01711242,-0.00246441
5720.25,0.022630185,-0.00399801
5720.5,0.020065665,-0.00287337
5720.75,0.02467818,-0.004476195
5721,0.02874861,-0.0061131
5721.25,0.027086145,-0.00552309
5721.5,0.03429087,-0.00569775
5721.75,0.040241025,-0.00692889
5722,0.045455265,-0.00794916
5722.25,0.036926745,-0.004821255
5722.5,0.029239575,-0.00518442
5722.75,0.031608135,-0.00109056
5723,0.03557526,-0.003372855
5723.25,0.037915065,-0.002393055
5723.5,0.033846765,-0.00311619
5723.75,0.032777505,-0.001986225
5724,0.032745555,-0.00439419
5724.25,0.0445809,-0.00712698
5724.5,0.04270863,-0.007264365
5724.75,0.04795695,-0.006648795
5725,0.03266781,-0.0043878
5725.25,0.034720065,-0.004584825
5725.5,0.02892753,-0.004337745
5725.75,0.025799625,-0.00319074
5726,0.02763888,-0.00458163
5726.25,0.03545811,-0.00709716
5726.5,0.028517505,-0.005179095
5726.75,0.028012695,-0.0076467
5727,0.0305229,-0.006940605
5727.25,0.03030138,-0.00976392
5727.5,0.022745205,-0.00676275
5727.75,0.02492526,-0.005257905
5728,0.02707017,-0.005204655
5728.25,0.03234405,-0.006454965
5728.5,0.03095955,-0.004704105
5728.75,0.023680275,-0.0038553
5729,0.023733525,-0.004047
5729.25,0.02184102,-0.004831905
5729.5,0.01959174,-0.004883025
5729.75,0.016474485,-0.003873405
5730,0.01224111,-0.0019596
5730.25,0.009679785,-0.00256452
5730.5,0.008482725,-0.000431325
5730.75,0.01358727,-0.00313962
5731,0.00649011,0.000691185
5731.25,0.00966807,-0.00192552
5731.5,0.010361385,-0.003078915
5731.75,0.009130245,-0.001483545
5732,0.012063255,-0.00259221
5732.25,0.01240299,-0.00216834
5732.5,0.009055695,-0.002126805
5732.75,0.008612655,-0.002578365
5733,0.00708225,-0.003585855
5733.25,0.008565795,-0.004670025
5733.5,0.006800025,-0.00355923
5733.75,0.008482725,-0.004537965
5734,0.0074763,-0.00419397
5734.25,0.007360215,-0.00358479
5734.5,0.00813447,-0.004540095
5734.75,0.006457095,-0.002425005
5735,0.008212215,-0.002410095
5735.25,0.006672225,-0.00236643
5735.5,0.007381515,-0.003008625
5735.75,0.00939756,-0.00190848
5736,0.007208985,-0.0018318
5736.25,0.007566825,-0.003130035
5736.5,0.00564663,-0.003392025
5736.75,0.006719085,-0.003800985
5737,0.006891615,-0.0036636
5737.25,0.00733146,-0.00387234
5737.5,0.00782562,-0.003334515
5737.75,0.00709503,-0.003228015
5738,0.00734424,-0.004013985
5738.25,0.0070077,-0.0041535
5738.5,0.0068586,-0.00396819
5738.75,0.00747843,-0.004414425
5739,0.00925485,-0.00374667
5739.25,0.00863928,-0.00279882
5739.5,0.00759984,-0.002997975
5739.75,0.00735489,-0.00346764
5740,0.00785544,-0.00402783
5740.25,0.00698853,-0.00480741
5740.5,0.006320775,-0.003666795
5740.75,0.007059885,-0.00277965
5741,0.006329295,-0.00326955
5741.25,0.00690759,-0.00374028
5741.5,0.006465615,-0.004052325
5741.75,0.006774465,-0.003404805
5742,0.00714615,-0.003773295
5742.25,0.00722496,-0.002712555
5742.5,0.009062085,-0.00246867
5742.75,0.0071568,-0.002520855
5743,0.00769143,-0.001901025
5743.25,0.00925911,-0.00154425
5743.5,0.01350207,-0.001930845
5743.75,0.021141315,-0.002035215
5744,0.01534878,-0.00148674
5744.25,0.02350881,-0.00264759
5744.5,0.01474812,-0.002207745
5744.75,0.032907435,-0.002180055
5745,0.04952463,-0.00505449
5745.25,0.04671303,-0.00557208
5745.5,0.047857905,-0.005549715
5745.75,0.04543716,-0.004231245
5746,0.04062336,-0.004463415
5746.25,0.04986756,-0.005343105
5746.5,0.048386145,-0.000982995
5746.75,0.0376371,-7.9875e-05
5747,0.04970142,-0.00558273
5747.25,0.046935615,-0.003958605
5747.5,0.036456015,-0.00312045
5747.75,0.0404061,-0.00512478
5748,0.035806365,-0.00660726
5748.25,0.041414655,-0.007317615
5748.5,0.038236695,-0.007511445
5748.75,0.04091943,-0.00434307
5749,0.0386169,-0.00358692
5749.25,0.028117065,-0.004750965
5749.5,0.03873405,-0.006768075
5749.75,0.042709695,-0.00604707
5750,0.04054668,-0.006312255
5750.25,0.044501025,-0.006112035
5750.5,0.037244115,-0.004180125
5750.75,0.03274662,-0.002199225
5751,0.04012707,-0.00471156
5751.25,0.046173075,-0.00461784
5751.5,0.034330275,-0.004678545
5751.75,0.051830355,-0.004697715
5752,0.03807162,-0.003815895
5752.25,0.02105718,-0.00281586
5752.5,0.02120628,-0.004209945
5752.75,0.01944477,-0.00618978
5753,0.01374063,-0.004201425
5753.25,0.017383995,-0.006672225
5753.5,0.013311435,-0.005773365
5753.75,0.015258255,-0.00404487
5754,0.01088004,-0.004069365
5754.25,0.01315062,-0.00588945
5754.5,0.01081614,-0.0035571
5754.75,0.012171885,-0.003666795
5755,0.014779005,-0.00352302
5755.25,0.011699025,-0.002806275
5755.5,0.013549995,-0.002655045
5755.75,0.010555215,-0.002663565
5756,0.007179165,-0.001849905
5756.25,0.009767115,-0.003573075
5756.5,0.005867085,-0.0032589
5756.75,0.010001415,-0.00246867
5757,0.009854445,-0.002186445
5757.25,0.00789165,-0.002229045
5757.5,0.00961695,-0.003632715
5757.75,0.005564625,-0.00387447
5758,0.010459365,-0.004963965
5758.25,0.006719085,-0.004891545
5758.5,0.007888455,-0.003185415
5758.75,0.007592385,-0.00280521
5759,0.00668394,-0.00236856
5759.25,0.00960204,-0.002452695
5759.5,0.005839395,-0.002885085
5759.75,0.0099258,-0.0037275
5760,0.0090525,-0.002772195
5760.25,0.008406045,-0.002482515
5760.5,0.0094146,-0.00339735
5760.75,0.00604068,-0.002644395
5761,0.008695725,-0.002885085
5761.25,0.00710568,-0.003636975
5761.5,0.00835599,-0.00319074
5761.75,0.010293225,-0.00336753
5762,0.006714825,-0.003905355
5762.25,0.010105785,-0.003715785
5762.5,0.00662004,-0.00444957
5762.75,0.009038655,-0.00400866
5763,0.0105861,-0.00353154
5763.25,0.008340015,-0.003383505
5763.5,0.00978096,-0.003832935
5763.75,0.007023675,-0.00426426
5764,0.01007277,-0.003470835
5764.25,0.00782349,-0.00350172
5764.5,0.008827785,-0.00256239
5764.75,0.00976818,-0.003112995
5765,0.006167415,-0.003728565
5765.25,0.01125918,-0.00467961
5765.5,0.00640278,-0.00479463
5765.75,0.007686105,-0.00406404
5766,0.009358155,-0.003443145
5766.25,0.008435865,-0.003021405
5766.5,0.010793775,-0.00309276
5766.75,0.005338845,-0.003153465
5767,0.00578721,-0.002395185
5767.25,0.00576804,-0.00178494
5767.5,0.01028364,-0.001768965
5767.75,0.007304835,-0.002384535
5768,0.011645775,-0.00336966
5768.25,0.01525932,-0.00264972
5768.5,0.0259008,-0.004750965
5768.75,0.021422475,-0.003973515
5769,0.01918278,-0.003796725
5769.25,0.038969415,-0.00396393
5769.5,0.03594162,-0.00422592
5769.75,0.03220134,-0.004985265
5770,0.02881038,-0.00507366
5770.25,0.0216408,-0.004812735
5770.5,0.016719435,-0.003779685
5770.75,0.020717445,-0.00249423
5771,0.022464045,-0.00341439
5771.25,0.022312815,-0.00380631
5771.5,0.02261208,-0.004814865
5771.75,0.0220242,-0.005319675
5772,0.022174365,-0.00511839
5772.25,0.018855825,-0.005108805
5772.5,0.020653545,-0.00427065
5772.75,0.021673815,-0.004457025
5773,0.014923845,-0.004073625
5773.25,0.01685469,-0.003775425
5773.5,0.01627533,-0.003971385
5773.75,0.021607785,-0.00394689
5774,0.026438625,-0.00336114
5774.25,0.02445453,-0.00303099
5774.5,0.032257785,-0.003453795
5774.75,0.020779215,-0.0026412
5775,0.02359188,-0.00322908
5775.25,0.02242038,-0.002840355
5775.5,0.01819872,-0.00364443
5775.75,0.02079306,-0.005504985
5776,0.021739845,-0.00917391
5776.25,0.01982178,-0.007147215
5776.5,0.021871905,-0.004870245
5776.75,0.018696075,-0.00590649
5777,0.01538925,-0.00352515
5777.25,0.00901629,-0.00233661
5777.5,0.0070503,-0.00228762
5777.75,0.007100355,-0.00278178
5778,0.00574674,-0.00395115
5778.25,0.00660726,-0.00378501
5778.5,0.00752529,-0.001996875
5778.75,0.006173805,-0.00225354
5779,0.00561681,-0.003671055
5779.25,0.0035997,-0.001762575
5779.5,0.005896905,-0.0034719
5779.75,0.00509709,-0.003668925
5780,0.006120555,-0.002365365
5780.25,0.00643473,-0.00272214
5780.5,0.00656679,-0.003749865
5780.75,0.00703326,-0.00313536
5781,0.007477365,-0.003012885
5781.25,0.006282435,-0.00385317
5781.5,0.006693525,-0.00225354
5781.75,0.006305865,-0.0015549
5782,0.00608541,-0.00313749
5782.25,0.00567858,-0.002934075
5782.5,0.005119455,-0.00284994
5782.75,0.006086475,-0.003085305
5783,0.00710355,-0.002184315
5783.25,0.006957645,-0.00264333
5783.5,0.006131205,-0.00334623
5783.75,0.00604707,-0.003115125
5784,0.006412365,-0.003264225
5784.25,0.006346335,-0.00269871
5784.5,0.00708225,-0.001717845
5784.75,0.006921435,-0.001892505
5785,0.00587454,-0.00354006
5785.25,0.00556569,-0.00307572
5785.5,0.00752955,-0.004011855
5785.75,0.006084345,-0.00353793
5786,0.00668181,-0.00312258
5786.25,0.006636015,-0.00273066
5786.5,0.006290955,-0.0046221
5786.75,0.006699915,-0.00447087
5787,0.006638145,-0.004043805
5787.25,0.006143985,-0.00411516
5787.5,0.00706521,-0.003157725
5787.75,0.007705275,-0.00292875
5788,0.00780432,-0.00316305
5788.25,0.00746778,-0.003649755
5788.5,0.0066243,-0.003136425
5788.75,0.00560616,-0.00328233
5789,0.006618975,-0.002708295
5789.25,0.005986365,-0.002684865
5789.5,0.00610671,-0.004045935
5789.75,0.006307995,-0.004384605
5790,0.005509245,-0.004665765
5790.25,0.006056655,-0.0049629
5790.5,0.00662856,-0.00387873
5790.75,0.005751,-0.002484645
5791,0.004821255,-0.003730695
5791.25,0.00526749,-0.00409173
5791.5,0.005769105,-0.003639105
5791.75,0.006056655,-0.002767935
5792,0.005289855,-0.00182115
5792.25,0.005490075,-0.001383435
5792.5,0.003436755,-0.003117255
5792.75,0.005051295,-0.001739145
5793,0.00478611,-0.00165288
5793.25,0.005860695,-0.00159111
5793.5,0.00601725,-0.001692285
5793.75,0.006565725,-0.001534665
5794,0.00594057,-0.00169548
5794.25,0.006101385,-0.002188575
5794.5,0.003242925,-0.0015336
5794.75,0.003377115,-0.001381305
5795,0.003933045,-0.00160176
5795.25,0.00558486,-0.00109908
5795.5,0.00589584,-0.001274805
5795.75,0.005794665,-0.00281586
5796,0.00513117,-0.002060775
5796.25,0.00584685,-0.002567715
5796.5,0.00507366,-0.00189144
5796.75,0.00555717,-0.001704
5797,0.004348395,-0.001579395
5797.25,0.00400227,-0.002116155
5797.5,0.00500124,-0.00229827
5797.75,0.00432816,-0.002501685
5798,0.00529305,-0.00287763
5798.25,0.005409135,-0.001065
5798.5,0.006120555,-0.001871205
5798.75,0.005760585,-0.00292875
5799,0.00470943,-0.003598635
5799.25,0.00617487,-0.004467675
5799.5,0.00493308,-0.004175865
5799.75,0.004661505,-0.00308637
5800,0.00551883,-0.00285633
5800.25,0.00659874,-0.003204585
5800.5,0.005181225,-0.003485745
5800.75,0.00516312,-0.003715785
5801,0.00619191,-0.005436825
5801.25,0.00647094,-0.00440697
5801.5,0.00747417,-0.002450565
5801.75,0.006821325,-0.00207675
5802,0.007415595,-0.00318009
5802.25,0.00700557,-0.004544355
5802.5,0.006842625,-0.004966095
5802.75,0.006574245,-0.00454116
5803,0.008265465,-0.003102345
5803.25,0.0074124,-0.00324399
5803.5,0.008235645,-0.004899
5803.75,0.007737225,-0.00511839
5804,0.0087756,-0.00550392
5804.25,0.00810039,-0.006659445
5804.5,0.00823671,-0.0045156
5804.75,0.007617945,-0.00355284
5805,0.009057825,-0.00373389
5805.25,0.008906595,-0.004037415
5805.5,0.00791295,-0.002412225
5805.75,0.008499765,-0.002961765
5806,0.00722283,-0.00214704
5806.25,0.007950225,-0.00242394
5806.5,0.007383645,-0.003072525
5806.75,0.00757428,-0.00403209
5807,0.00846249,-0.00405978
5807.25,0.008254815,-0.004186515
5807.5,0.008919375,-0.003551775
5807.75,0.009368805,-0.003357945
5808,0.008793705,-0.00437715
5808.25,0.00838368,-0.004129005
5808.5,0.008127015,-0.00406191
5808.75,0.00779154,-0.003532605
5809,0.00870957,-0.003038445
5809.25,0.00895239,-0.003198195
5809.5,0.008114235,-0.005064075
5809.75,0.008748975,-0.004501755
5810,0.007155735,-0.003717915
5810.25,0.006670095,-0.00383826
5810.5,0.00710355,-0.002740245
5810.75,0.008099325,-0.0028542
5811,0.007941705,-0.002919165
5811.25,0.00729525,-0.002535765
5811.5,0.007157865,-0.002367495
5811.75,0.00799389,-0.00209166
5812,0.0077958,-0.00144627
5812.25,0.00802584,-0.00140793
5812.5,0.007023675,-0.00220242
5812.75,0.007191945,-0.002620965
5813,0.00745926,-0.003015015
5813.25,0.00747204,-0.002271645
5813.5,0.007605165,-0.001939365
5813.75,0.008312325,-0.00162945
5814,0.00787461,-0.002452695
5814.25,0.00721644,-0.002203485
5814.5,0.00667116,-0.00223011
5814.75,0.00614292,-0.00320352
5815,0.00719514,-0.00190848
5815.25,0.006248355,-0.00077319
5815.5,0.00698001,-0.000993645
5815.75,0.00559125,-0.00067734
5816,0.003242925,-0.000314175
5816.25,0.003585855,-0.00069438
5816.5,0.004077885,-0.00047073
5816.75,0.004203555,-0.000282225
5817,0.004693455,-0.00156342
5817.25,0.00397671,-0.00195108
5817.5,0.00445809,-0.00223437
5817.75,0.004137525,-0.00260499
5818,0.00606624,-0.00202989
5818.25,0.006103515,-0.001992615
5818.5,0.00335049,-0.002759415
5818.75,0.00242181,-0.002309985
5819,0.00462849,-0.002672085
5819.25,0.00518655,-0.003247185
5819.5,0.00591927,-0.002599665
5819.75,0.00699066,-0.003010755
5820,0.005462385,-0.003219495
5820.25,0.00536121,-0.004186515
5820.5,0.003743475,-0.00316944
5820.75,0.00376158,-0.003038445
5821,0.003818025,-0.00324399
5821.25,0.004644465,-0.002346195
5821.5,0.005121585,-0.003161985
5821.75,0.00481593,-0.00409812
5822,0.005920335,-0.003368595
5822.25,0.004872375,-0.00267954
5822.5,0.00514182,-0.00188505
5822.75,0.005858565,-0.002167275
5823,0.00567219,-0.002948985
5823.25,0.00507153,-0.00388725
5823.5,0.00463062,-0.004207815
5823.75,0.005215305,-0.00362739
5824,0.00553587,-0.00294792
5824.25,0.00598743,-0.00192978
5824.5,0.00493308,-0.001564485
5824.75,0.00453903,-0.003228015
5825,0.005302635,-0.00352302
5825.25,0.006005535,-0.003954345
5825.5,0.006940605,-0.00293727
5825.75,0.00691824,-0.00211296
5826,0.006361245,-0.00204054
5826.25,0.004966095,-0.003083175
5826.5,0.00631119,-0.00294579
5826.75,0.0071568,-0.00356349
5827,0.00792147,-0.0038766
5827.25,0.00788952,-0.002435655
5827.5,0.007816035,-0.00298413
5827.75,0.0069438,-0.0040044
5828,0.00713976,-0.003943695
5828.25,0.00800241,-0.004233375
5828.5,0.008116365,-0.00483723
5828.75,0.00848379,-0.002569845
5829,0.008086545,-0.00202563
5829.25,0.00918243,-0.00271575
5829.5,0.00685221,-0.002919165
5829.75,0.007494405,-0.00340587
5830,0.00787674,-0.003321735
5830.25,0.008118495,-0.00242394
5830.5,0.00652632,-0.00198303
5830.75,0.00713124,-0.00304377
5831,0.00810678,-0.003451665
5831.25,0.007296315,-0.00330789
5831.5,0.00918882,-0.003157725
5831.75,0.009202665,-0.00177642
5832,0.0089034,-0.00217473
5832.25,0.008840565,-0.00362526
5832.5,0.007415595,-0.004450635
5832.75,0.007306965,-0.003952215
5833,0.006968295,-0.00412368
5833.25,0.006857535,-0.00323334
5833.5,0.0084561,-0.00409386
5833.75,0.00767865,-0.00516738
5834,0.00753594,-0.00516099
5834.25,0.0075615,-0.00516312
5834.5,0.00763818,-0.00448365
5834.75,0.009485955,-0.004499625
5835,0.00765948,-0.00400014
5835.25,0.009081255,-0.00495651
5835.5,0.008627565,-0.00488835
5835.75,0.00840924,-0.00503745
5836,0.00786822,-0.004444245
5836.25,0.008135535,-0.003245055
5836.5,0.00690759,-0.00318435
5836.75,0.006983205,-0.003754125
5837,0.008158965,-0.00436224
5837.25,0.008082285,-0.00420036
5837.5,0.008278245,-0.003466575
5837.75,0.008891685,-0.00332706
5838,0.008267595,-0.0043665
5838.25,0.00755937,-0.004363305
5838.5,0.007975785,-0.003432495
5838.75,0.00741879,-0.0033867
5839,0.007592385,-0.00219603
5839.25,0.00861798,-0.002412225
5839.5,0.01306968,-0.00316944
5839.75,0.015718335,-0.00371046
5840,0.01929993,-0.00318222
5840.25,0.019147635,-0.00322269
5840.5,0.01785579,-0.003918135
5840.75,0.017258325,-0.00470091
5841,0.019496955,-0.005960805
5841.25,0.025156365,-0.005415525
5841.5,0.025850745,-0.00586815
5841.75,0.033407985,-0.007443285
5842,0.02422023,-0.00428556
5842.25,0.03198834,-0.003839325
5842.5,0.021565185,-0.00452199
5842.75,0.019999635,-0.0047925
5843,0.026112735,-0.006384675
5843.25,0.025984935,-0.00445596
5843.5,0.02448009,-0.004175865
5843.75,0.026494005,-0.003607155
5844,0.029640015,-0.005730765
5844.25,0.02955588,-0.00686712
5844.5,0.03452943,-0.006736125
5844.75,0.042034485,-0.007468845
5845,0.026410935,-0.006024705
5845.25,0.027128745,-0.00606198
5845.5,0.02188362,-0.00515034
5845.75,0.02434377,-0.006397455
5846,0.02745144,-0.00633675
5846.25,0.034926675,-0.0073059
5846.5,0.02952393,-0.006817065
5846.75,0.025488645,-0.006595545
5847,0.02635662,-0.00643899
5847.25,0.02384535,-0.005504985
5847.5,0.02947281,-0.00494373
5847.75,0.02991585,-0.0045795
5848,0.03100002,-0.005100285
5848.25,0.035531595,-0.006378285
5848.5,0.022325595,-0.00508857
5848.75,0.026236275,-0.004848945
5849,0.0199794,-0.00398523
5849.25,0.02045226,-0.00352089
5849.5,0.019209405,-0.00412581
5849.75,0.020858025,-0.00441762
5850,0.02012424,-0.004295145
5850.25,0.018331845,-0.002667825
5850.5,0.02415846,-0.00356562
5850.75,0.01588341,-0.001140615
5851,0.01753842,-0.004250415
5851.25,0.009677655,-0.002518725
5851.5,0.009083385,-0.00329085
5851.75,0.009992895,-0.00240903
5852,0.007884195,-0.00299052
5852.25,0.00689694,-0.004135395
5852.5,0.009609495,-0.004921365
5852.75,0.008284635,-0.00501828
5853,0.009494475,-0.004067235
5853.25,0.00898221,-0.00372111
5853.5,0.008527455,-0.004288755
5853.75,0.007451805,-0.004295145
5854,0.00828357,-0.005100285
5854.25,0.008433735,-0.00393411
5854.5,0.008687205,-0.002738115
5854.75,0.00976179,-0.00270936
5855,0.00675636,-0.00461145
5855.25,0.007392165,-0.00467748
5855.5,0.007711665,-0.005279205
5855.75,0.0087543,-0.005643435
5856,0.008374095,-0.003409065
5856.25,0.008291025,-0.00345273
5856.5,0.008506155,-0.00446874
5856.75,0.007669065,-0.003726435
5857,0.01086087,-0.003881925
5857.25,0.0099471,-0.002378145
5857.5,0.00919734,-0.00200859
5857.75,0.00985125,-0.003617805
5858,0.00920799,-0.004721145
5858.25,0.008316585,-0.00403848
5858.5,0.007551915,-0.004493235
5858.75,0.0085626,-0.003913875
5859,0.00820263,-0.003185415
5859.25,0.00687138,-0.004546485
5859.5,0.008335755,-0.005049165
5859.75,0.010105785,-0.00529092
5860,0.008346405,-0.004831905
5860.25,0.008086545,-0.003524085
5860.5,0.00836025,-0.002578365
5860.75,0.00767865,-0.003592245
5861,0.007447545,-0.00381057
5861.25,0.007358085,-0.004448505
5861.5,0.00744435,-0.003886185
5861.75,0.008043945,-0.003223755
5862,0.00795555,-0.00342504
5862.25,0.00872661,-0.00366573
5862.5,0.007931055,-0.003926655
5862.75,0.006035355,-0.002833965
5863,0.009159,-0.002182185
5863.25,0.02195391,-0.00168696
5863.5,0.02825232,-0.00229614
5863.75,0.015492555,-0.00180411
5864,0.022148805,-0.001779615
5864.25,0.01929567,-0.002182185
5864.5,0.02465901,-0.002491035
5864.75,0.031897815,-0.00408747
5865,0.02709999,-0.00560829
5865.25,0.03167523,-0.00490326
5865.5,0.038191965,-0.007867155
5865.75,0.0417054,-0.007000245
5866,0.03662109,-0.00650502
5866.25,0.035789325,-0.00738045
5866.5,0.031365315,-0.00509922
5866.75,0.033082095,-0.00331215
5867,0.03999288,-0.00170826
5867.25,0.040692585,-0.00365295
5867.5,0.03824415,-0.00415563
5867.75,0.041923725,-0.005008695
5868,0.041719245,-0.005477295
5868.25,0.042647925,-0.00631545
5868.5,0.037857555,-0.00504384
5868.75,0.038502945,-0.00552309
5869,0.030334395,-0.006267525
5869.25,0.031797705,-0.005311155
5869.5,0.038967285,-0.00479037
5869.75,0.03440163,-0.003140685
5870,0.0400014,-0.00447726
5870.25,0.03919413,-0.00435372
5870.5,0.034598655,-0.00495864
5870.75,0.045983505,-0.00627072
5871,0.0427491,-0.00454755
5871.25,0.031331235,-0.004073625
5871.5,0.03796938,-0.00410451
5871.75,0.03551349,-0.004465545
5872,0.02443749,-0.00480954
5872.25,0.021933675,-0.004563525
5872.5,0.02097411,-0.0040257
5872.75,0.02468244,-0.005581665
5873,0.0194895,-0.003357945
5873.25,0.020964525,-0.00557208
5873.5,0.020913405,-0.006870315
5873.75,0.01325073,-0.00383187
5874,0.01047747,-0.00305868
5874.25,0.009385845,-0.002556
5874.5,0.00894813,-0.00241329
5874.75,0.008593485,-0.00285633
5875,0.006966165,-0.004086405
5875.25,0.007157865,-0.004048065
5875.5,0.007349565,-0.004318575
5875.75,0.008497635,-0.004003335
5876,0.008003475,-0.003445275
5876.25,0.004827645,-0.00178281
5876.5,0.00571266,-0.004067235
5876.75,0.006518865,-0.004778655
5877,0.007419855,-0.00540381
5877.25,0.00801306,-0.003377115
5877.5,0.00818772,-0.002192835
5877.75,0.0079875,-0.00292236
5878,0.007102485,-0.002431395
5878.25,0.00635805,-0.003055485
5878.5,0.0067734,-0.00334197
5878.75,0.00735276,-0.00274983
5879,0.0068799,-0.002902125
5879.25,0.006188715,-0.0034506
5879.5,0.006859665,-0.00490539
5879.75,0.00700131,-0.0039618
5880,0.007358085,-0.00471156
5880.25,0.010335825,-0.003562425
5880.5,0.010359255,-0.00279669
5880.75,0.00920799,-0.00355923
5881,0.011762925,-0.00411516
5881.25,0.009211185,-0.00376158
5881.5,0.009794805,-0.004024635
5881.75,0.0095211,-0.0034293
5882,0.00831339,-0.003470835
5882.25,0.007234545,-0.00503319
5882.5,0.00733146,-0.00544641
5882.75,0.008182395,-0.005492205
5883,0.00721005,-0.004816995
5883.25,0.007532745,-0.00407895
5883.5,0.006307995,-0.00355071
5883.75,0.00727182,-0.004099185
5884,0.007211115,-0.00386382
5884.25,0.00761688,-0.003159855
5884.5,0.006940605,-0.0024708
5884.75,0.0066882,-0.002601795
5885,0.00721857,-0.003434625
5885.25,0.00721005,-0.005102415
5885.5,0.00691824,-0.00503745
5885.75,0.00710781,-0.00468813
5886,0.00590649,-0.0030459
5886.25,0.008333625,-0.003170505
5886.5,0.00708864,-0.00286911
5886.75,0.008325105,-0.002435655
5887,0.006823455,-0.00234726
5887.25,0.004836165,-0.00226419
5887.5,0.006987465,-0.00192339
5887.75,0.008834175,-0.002635875
5888,0.01679292,-0.00403422
5888.25,0.015816315,-0.004171605
5888.5,0.014289105,-0.005230215
5888.75,0.01300578,-0.004184385
5889,0.01281621,-0.00374667
5889.25,0.013718265,-0.005888385
5889.5,0.012917385,-0.00476055
5889.75,0.01626894,-0.00594057
5890,0.02648442,-0.00910149
5890.25,0.020515095,-0.00641769
5890.5,0.02951328,-0.005984235
5890.75,0.039923655,-0.00593844
5891,0.0362526,-0.0063261
5891.25,0.033307875,-0.01033263
5891.5,0.041308155,-0.00549753
5891.75,0.05542047,-0.00601512
5892,0.04261278,-0.00645816
5892.25,0.0529518,-0.006278175
5892.5,0.04439772,-0.00579786
5892.75,0.03986508,-0.00670311
5893,0.047649165,-0.00925272
5893.25,0.04714116,-0.00741666
5893.5,0.03833361,-0.005462385
5893.75,0.053681325,-0.007283535
5894,0.04789944,-0.007805385
5894.25,0.049883535,-0.006866055
5894.5,0.047114535,-0.00759345
5894.75,0.04608681,-0.005924595
5895,0.04506228,-0.00412155
5895.25,0.04694946,-0.006352725
5895.5,0.045235875,-0.006929955
5895.75,0.048064515,-0.00787674
5896,0.04741593,-0.00963825
5896.25,0.046254015,-0.00604494
5896.5,0.045429705,-0.003743475
5896.75,0.04491957,-0.00727608
5897,0.022681305,-0.00587241
5897.25,0.02695515,-0.006825585
5897.5,0.0256665,-0.00505236
5897.75,0.025754895,-0.00593205
5898,0.02153217,-0.00592353
5898.25,0.018244515,-0.005864955
5898.5,0.017475585,-0.00510774
5898.75,0.015083595,-0.002769
5899,0.020440545,-0.005690295
5899.25,0.01318044,-0.00446874
5899.5,0.017245545,-0.005924595
5899.75,0.014248635,-0.005377185
5900,0.01347012,-0.00532287
5900.25,0.008003475,-0.00384252
5900.5,0.009407145,-0.003221625
5900.75,0.009385845,-0.00321843
5901,0.008205825,-0.002729595
5901.25,0.007166385,-0.00224076
5901.5,0.007223895,-0.003726435
5901.75,0.007873545,-0.00278178
5902,0.00767226,-0.00360609
5902.25,0.007696755,-0.002625225
5902.5,0.006927825,-0.00340587
5902.75,0.007515705,-0.003803115
5903,0.00814299,-0.002857395
5903.25,0.008165355,-0.002797755
5903.5,0.0097341,-0.002518725
5903.75,0.00898221,-0.003630585
5904,0.0087969,-0.005208915
5904.25,0.00896943,-0.004929885
5904.5,0.010284705,-0.00445383
5904.75,0.0086052,-0.00388512
5905,0.012663915,-0.003673185
5905.25,0.010061055,-0.003387765
5905.5,0.01014732,-0.0044943
5905.75,0.010372035,-0.004488975
5906,0.008900205,-0.00418545
5906.25,0.00970002,-0.004493235
5906.5,0.013153815,-0.002627355
5906.75,0.01132734,-0.00281799
5907,0.01056693,-0.004273845
5907.25,0.01061592,-0.005057685
5907.5,0.009562635,-0.00472647
5907.75,0.010224,-0.004872375
5908,0.009132375,-0.00342078
5908.25,0.0085839,-0.0040896
5908.5,0.009696825,-0.00466257
5908.75,0.00859455,-0.00441975
5909,0.00983847,-0.00561468
5909.25,0.010003545,-0.0053037
5909.5,0.010755435,-0.002842485
5909.75,0.01127835,-0.004099185
5910,0.009434835,-0.004116225
5910.25,0.009862965,-0.00505023
5910.5,0.00863715,-0.003975645
5910.75,0.008748975,-0.002810535
5911,0.008129145,-0.002352585
5911.25,0.010802295,-0.00351663
5911.5,0.017778045,-0.003747735
5911.75,0.01493343,-0.0043452
5912,0.01262664,-0.00399801
5912.25,0.01385352,-0.00447726
5912.5,0.016972905,-0.00338031
5912.75,0.015869565,-0.003705135
5913,0.01947033,-0.003905355
5913.25,0.019339335,-0.00442188
5913.5,0.01829031,-0.0030672
5913.75,0.04280448,-0.004237635
5914,0.03515778,-0.0044304
5914.25,0.03716637,-0.004808475
5914.5,0.035621055,-0.004397385
5914.75,0.03129609,-0.003818025
5915,0.0392772,-0.0032376
5915.25,0.042515865,-0.00403422
5915.5,0.04582269,-0.006214275
5915.75,0.03597144,-0.00674784
5916,0.045167715,-0.00676062
5916.25,0.0349533,-0.005051295
5916.5,0.04522842,-0.00632397
5916.75,0.036594465,-0.005564625
5917,0.027782655,-0.004733925
5917.25,0.027872115,-0.00418758
5917.5,0.032658225,-0.00608754
5917.75,0.037791525,-0.00578082
5918,0.035003355,-0.005096025
5918.25,0.039144075,-0.005225955
5918.5,0.035314335,-0.00648159
5918.75,0.03333876,-0.00552522
5919,0.04041462,-0.005705205
5919.25,0.041947155,-0.004995915
5919.5,0.034843605,-0.00533352
5919.75,0.02533635,-0.00556356
5920,0.01070538,-0.004531575
5920.25,0.01682274,-0.004889415
5920.5,0.018229605,-0.003536865
5920.75,0.01821576,-0.00425574
5921,0.016270005,-0.00332706
5921.25,0.00864567,-0.003994815
5921.5,0.01240086,-0.00465405
5921.75,0.012152715,-0.00503319
5922,0.00985125,-0.003108735
5922.25,0.010563735,-0.00343995
5922.5,0.01203663,-0.00302247
5922.75,0.01047108,-0.002823315
5923,0.007813905,-0.00209805
5923.25,0.007677585,-0.002148105
5923.5,0.007281405,-0.00254109
5923.75,0.0080088,-0.0023004
5924,0.009562635,-0.002271645
5924.25,0.008086545,-0.0020022
5924.5,0.007707405,-0.00301608
5924.75,0.00867336,-0.002491035
5925,0.00785331,-0.002050125
5925.25,0.00861159,-0.001321665
5925.5,0.008173875,-0.001472895
5925.75,0.00735915,-0.002380275
5926,0.00672654,-0.00235152
5926.25,0.007151475,-0.00270723
5926.5,0.00614292,-0.00224076
5926.75,0.0084987,-0.00230679
5927,0.007598775,-0.00201711
5927.25,0.007194075,-0.003134295
5927.5,0.007481625,-0.003558165
5927.75,0.00770208,-0.00342078
5928,0.00836877,-0.003622065
5928.25,0.007960875,-0.00278178
5928.5,0.00836451,-0.00246441
5928.75,0.00840072,-0.003479355
5929,0.00658596,-0.003792465
5929.25,0.00762327,-0.004516665
5929.5,0.007705275,-0.00494586
5929.75,0.00806631,-0.00415776
5930,0.008874645,-0.003807375
5930.25,0.00815151,-0.005741415
5930.5,0.007583865,-0.00529518
5930.75,0.00661365,-0.005125845
5931,0.007671195,-0.005008695
5931.25,0.007375125,-0.00463275
5931.5,0.00820263,-0.0033015
5931.75,0.00630906,-0.00410877
5932,0.00680322,-0.004686
5932.25,0.007370865,-0.004791435
5932.5,0.00590649,-0.00456246
5932.75,0.007545525,-0.00477546
5933,0.008346405,-0.00263268
5933.25,0.007270755,-0.00326103
5933.5,0.007892715,-0.003643365
5933.75,0.007737225,-0.00504384
5934,0.005924595,-0.004484715
5934.25,0.007006635,-0.00426852
5934.5,0.00659448,-0.00334836
5934.75,0.00641769,-0.00229827
5935,0.008793705,-0.003807375
5935.25,0.01310802,-0.00345699
5935.5,0.01408143,-0.003524085
5935.75,0.01124001,-0.003545385
5936,0.008331495,-0.00201711
5936.25,0.01099932,-0.003232275
5936.5,0.011258115,-0.00289893
5936.75,0.019254135,-0.004693455
5937,0.015782235,-0.00467961
5937.25,0.015999495,-0.004003335
5937.5,0.017343525,-0.00564876
5937.75,0.019835625,-0.00276687
5938,0.01141893,-0.002908515
5938.25,0.009349635,-0.003142815
5938.5,0.01013028,-0.00337818
5938.75,0.0077745,-0.002478255
5939,0.009136635,-0.00207249
5939.25,0.011692635,-0.00336327
5939.5,0.01609854,-0.003602895
5939.75,0.01382796,-0.00475842
5940,0.011343315,-0.005064075
5940.25,0.017205075,-0.00694806
5940.5,0.013505265,-0.00387021
5940.75,0.016050615,-0.006461355
5941,0.01351485,-0.003918135
5941.25,0.012798105,-0.004516665
5941.5,0.00774681,-0.00453051
5941.75,0.014491455,-0.00436011
5942,0.01742979,-0.005475165
5942.25,0.016817415,-0.004627425
5942.5,0.017041065,-0.00487557
5942.75,0.014052675,-0.00463275
5943,0.01349355,-0.00582342
5943.25,0.01346586,-0.00545067
5943.5,0.01430934,-0.006303735
5943.75,0.01310589,-0.005590185
5944,0.01378536,-0.005920335
5944.25,0.015882345,-0.00453477
5944.5,0.01804536,-0.005102415
5944.75,0.01631367,-0.00733998
5945,0.01747878,-0.00691398
5945.25,0.018436215,-0.00691824
5945.5,0.01538073,-0.004165215
5945.75,0.01854378,-0.003398415
5946,0.01862046,-0.0046008
5946.25,0.01723809,-0.00353154
5946.5,0.013420065,-0.00133551
5946.75,0.010137735,-0.00224076
5947,0.008964105,-0.00241968
5947.25,0.009558375,-0.001883985
5947.5,0.009860835,-0.001276935
5947.75,0.009475305,-0.001587915
5948,0.009722385,-0.003824415
5948.25,0.00854769,-0.002235435
5948.5,0.00861798,-0.00405552
5948.75,0.009202665,-0.00341013
5949,0.00997692,-0.002704035
5949.25,0.008650995,-0.002744505
5949.5,0.00917604,-0.00350811
5949.75,0.01089069,-0.00586176
5950,0.00853278,-0.004699845
5950.25,0.007709535,-0.00386808
5950.5,0.008391135,-0.002917035
5950.75,0.008482725,-0.00164862
5951,0.007807515,-0.00358266
5951.25,0.007841595,-0.004369695
5951.5,0.007117395,-0.004942665
5951.75,0.00758067,-0.00246867
5952,0.00834534,-0.00199581
5952.25,0.00802584,-0.00257517
5952.5,0.00806844,-0.001696545
5952.75,0.00784266,-0.002397315
5953,0.007242,-0.00252192
5953.25,0.00689055,-0.00250701
5953.5,0.00793212,-0.004069365
5953.75,0.0079662,-0.003434625
5954,0.008046075,-0.00297561
5954.25,0.009025875,-0.002983065
5954.5,0.00945507,-0.004923495
5954.75,0.00818346,-0.003095955
5955,0.008587095,-0.002778585
5955.25,0.008612655,-0.004278105
5955.5,0.0077958,-0.004491105
5955.75,0.008109975,-0.00333771
5956,0.00849018,-0.00286698
5956.25,0.007758525,-0.0035358
5956.5,0.00790656,-0.00407682
5956.75,0.00737832,-0.004359045
5957,0.008069505,-0.003862755
5957.25,0.008094,-0.00446022
5957.5,0.007392165,-0.003884055
5957.75,0.00800667,-0.002665695
5958,0.008725545,-0.004397385
5958.25,0.00759771,-0.003730695
5958.5,0.00742092,-0.004043805
5958.75,0.00619617,-0.003353685
5959,0.006165285,-0.003061875
5959.25,0.00551883,-0.00254535
5959.5,0.007824555,-0.002233305
5959.75,0.007865025,-0.002167275
5960,0.005511375,-0.001892505
5960.25,0.004729665,-0.00217899
5960.5,0.004371825,-0.0026838
5960.75,0.005223825,-0.003027795
5961,0.00493521,-0.00325464
5961.25,0.00552096,-0.00313536
5961.5,0.006467745,-0.00228336
5961.75,0.00518868,-0.002295075
5962,0.006092865,-0.002836095
5962.25,0.004512405,-0.002456955
5962.5,0.004288755,-0.00212361
5962.75,0.00331641,-0.002231175
5963,0.00481593,-0.003219495
5963.25,0.005673255,-0.002188575
5963.5,0.00646029,-0.0028116
5963.75,0.00620469,-0.00411942
5964,0.008478465,-0.00334197
5964.25,0.00761049,-0.003487875
5964.5,0.00605346,-0.00260286
5964.75,0.005228085,-0.003166245
5965,0.00505449,-0.002535765
5965.25,0.004476195,-0.00227271
5965.5,0.00495438,-0.00309063
5965.75,0.005481555,-0.003683835
5966,0.0060279,-0.003515565
5966.25,0.006582765,-0.00443253
5966.5,0.004723275,-0.003004365
5966.75,0.00706734,-0.002727465
5967,0.00565089,-0.002450565
5967.25,0.009398625,-0.003713655
5967.5,0.005585925,-0.00345912
5967.75,0.00487983,-0.003347295
5968,0.007166385,-0.00305229
5968.25,0.009392235,-0.002361105
5968.5,0.008131275,-0.001798785
5968.75,0.006527385,-0.00339096
5969,0.007157865,-0.00368916
5969.25,0.00603003,-0.003311085
5969.5,0.008425215,-0.00381909
5969.75,0.007445415,-0.003213105
5970,0.00683517,-0.002090595
5970.25,0.00677766,-0.00120984
5970.5,0.00640278,-0.002258865
5970.75,0.007496535,-0.00196386
5971,0.008278245,-0.002128935
5971.25,0.00770421,-0.00223863
5971.5,0.00739536,-0.00204906
5971.75,0.008876775,-0.00188718
5972,0.009999285,-0.002388795
5972.25,0.007451805,-0.002704035
5972.5,0.009575415,-0.00237495
5972.75,0.00903546,-0.003081045
5973,0.00791934,-0.00325464
5973.25,0.00767439,-0.003464445
5973.5,0.00863502,-0.00345273
5973.75,0.00793638,-0.002993715
5974,0.00836664,-0.004508145
5974.25,0.006853275,-0.00446022
5974.5,0.00751677,-0.00475629
5974.75,0.007272885,-0.00370407
5975,0.008384745,-0.004506015
5975.25,0.009498735,-0.0052398
5975.5,0.008587095,-0.001956405
5975.75,0.0077319,-0.002701905
5976,0.008695725,-0.002784975
5976.25,0.00978522,-0.00262629
5976.5,0.008239905,-0.002976675
5976.75,0.007833075,-0.002525115
5977,0.008227125,-0.00270084
5977.25,0.009121725,-0.002258865
5977.5,0.01065852,-0.002840355
5977.75,0.008785185,-0.00291384
5978,0.0084987,-0.0032163
5978.25,0.00835599,-0.004184385
5978.5,0.007945965,-0.00378927
5978.75,0.00862011,-0.003996945
5979,0.009701085,-0.00293301
5979.25,0.00914835,-0.0028329
5979.5,0.007117395,-0.00443679
5979.75,0.009119595,-0.004250415
5980,0.008135535,-0.004275975
5980.25,0.007445415,-0.00376584
5980.5,0.00780006,-0.00471156
5980.75,0.007191945,-0.004120485
5981,0.0082431,-0.00299904
5981.25,0.00842628,-0.00351663
5981.5,0.007617945,-0.004448505
5981.75,0.008148315,-0.004265325
5982,0.00900564,-0.005010825
5982.25,0.0080301,-0.004101315
5982.5,0.00877773,-0.003575205
5982.75,0.008380485,-0.003379245
5983,0.00877347,-0.003289785
5983.25,0.007140825,-0.004648725
5983.5,0.007519965,-0.004384605
5983.75,0.007134435,-0.0045795
5984,0.00491391,-0.00162519
5984.25,0.00480102,-0.001287585
5984.5,0.005113065,-0.00092442
5984.75,0.006239835,-0.000552735
5985,0.00702261,-0.00012567
5985.25,0.005620005,-0.001112925
5985.5,0.00613653,-0.00199368
5985.75,0.00668607,-0.00206823
5986,0.00649011,-0.00210231
5986.25,0.005279205,-0.001570875
5986.5,0.00604281,-0.00084561
5986.75,0.00421527,-0.000761475
5987,0.005992755,-0.00125244
5987.25,0.00609819,-0.001402605
5987.5,0.00636444,-0.001590045
5987.75,0.00473925,-0.00146544
5988,0.004816995,-0.001306755
5988.25,0.006457095,-0.00120558
5988.5,0.004623165,-0.000710355
5988.75,0.006546555,-0.00127587
5989,0.00381696,-0.001174695
5989.25,0.00354645,-0.00118215
5989.5,0.00533139,-0.001700805
5989.75,0.007566825,-0.00165714
5990,0.00456246,-0.001377045
5990.25,0.0061344,-0.001219425
5990.5,0.006161025,-0.00087756
5990.75,0.005818095,-0.0013419
5991,0.004695585,-0.00110973
5991.25,0.006305865,-0.00106926
5991.5,0.00591075,-0.00107991
5991.75,0.00727608,-0.000855195
5992,0.00870318,-0.00084561
5992.25,0.007726575,-0.00080301
5992.5,0.005835135,-0.00047286
5992.75,0.00931662,-0.001134225
5993,0.007679715,-0.001553835
5993.25,0.00842415,-0.002857395
5993.5,0.00838581,-0.00367212
5993.75,0.010702185,-0.00278604
5994,0.00920586,-0.003161985
5994.25,0.00853704,-0.003438885
5994.5,0.009057825,-0.00221307
5994.75,0.00951258,-0.001592175
5995,0.011264505,-0.00179985
5995.25,0.012237915,-0.001587915
5995.5,0.01146792,-0.00102453
5995.75,0.01028577,-0.00181902
5996,0.009302775,-0.002114025
5996.25,0.00848379,-0.0023217
5996.5,0.00879477,-0.0022578
5996.75,0.008101455,-0.002561325
5997,0.00890979,-0.00229401
5997.25,0.007845855,-0.002322765
5997.5,0.00872022,-0.00355497
5997.75,0.009954555,-0.00347829
5998,0.00896517,-0.00338883
5998.25,0.0082431,-0.003926655
5998.5,0.008518935,-0.002684865
5998.75,0.0068373,-0.00291384
5999,0.00809826,-0.00461145
5999.25,0.00817707,-0.004101315
5999.5,0.00895878,-0.002638005
5999.75,0.00908019,-0.002725335
6000,0.007941705,-0.00208527
6000.25,0.008408175,-0.0021513
6000.5,0.00731229,-0.002454825
6000.75,0.00772977,-0.002591145
6001,0.0072207,-0.002793495
6001.25,0.007784085,-0.00322908
6001.5,0.006925695,-0.003155595
6001.75,0.008267595,-0.00256878
6002,0.009556245,-0.00318435
6002.25,0.007511445,-0.00349746
6002.5,0.008546625,-0.00431538
6002.75,0.008467815,-0.003824415
6003,0.00797898,-0.003247185
6003.25,0.00750612,-0.003191805
6003.5,0.008970495,-0.00272853
6003.75,0.009164325,-0.00274131
6004,0.009104685,-0.00304377
6004.25,0.008578575,-0.00296922
6004.5,0.007488015,-0.003481485
6004.75,0.00810891,-0.00341865
6005,0.008197305,-0.00250701
6005.25,0.00649011,-0.00262203
6005.5,0.00807909,-0.00364443
6005.75,0.008075895,-0.00342717
6006,0.00699279,-0.00310341
6006.25,0.008815005,-0.00300756
6006.5,0.00957648,-0.00225993
6006.75,0.007869285,-0.00146331
6007,0.00521424,-0.00147183
6007.25,0.008173875,-0.003027795
6007.5,0.02584755,-0.00282225
6007.75,0.038824575,-0.00562533
6008,0.019177455,-0.003394155
6008.25,0.036820245,-0.00339096
6008.5,0.034157745,-0.00327594
6008.75,0.041065335,-0.004725405
6009,0.03829314,-0.00642621
6009.25,0.03707904,-0.005032125
6009.5,0.04858956,-0.005871345
6009.75,0.038266515,-0.00270723
6010,0.051370275,-0.00347829
6010.25,0.042358245,-0.00363591
6010.5,0.03593097,-0.00256452
6010.75,0.05439807,-0.005245125
6011,0.04366926,-0.004501755
6011.25,0.05425962,-0.003626325
6011.5,0.05041284,-0.003681705
6011.75,0.04950546,-0.0051759
6012,0.052528995,-0.005536935
6012.25,0.037665855,-0.00710355
6012.5,0.03329403,-0.007490145
6012.75,0.024811305,-0.01048599
6013,0.03291489,-0.007140825
6013.25,0.03459972,-0.011982315
6013.5,0.037998135,-0.012463695
6013.75,0.03205863,-0.008026905
6014,0.02854839,-0.00784266
6014.25,0.0320139,-0.007626465
6014.5,0.0345273,-0.007522095
6014.75,0.037716975,-0.00886719
6015,0.03550284,-0.00724413
6015.25,0.028266165,-0.00467748
6015.5,0.02703609,-0.003413325
6015.75,0.034061895,-0.00849018
6016,0.033723225,-0.005032125
6016.25,0.03992685,-0.00549114
6016.5,0.046337085,-0.007965135
6016.75,0.039831,-0.01001739
6017,0.03765627,-0.01171287
6017.25,0.031064985,-0.00628989
6017.5,0.025034955,-0.004674285
6017.75,0.0204906,-0.005110935
6018,0.018642825,-0.005860695
6018.25,0.02330433,-0.00644751
6018.5,0.01970889,-0.00380205
6018.75,0.02309346,-0.004640205
6019,0.02046504,-0.00366999
6019.25,0.02179416,-0.0054741
6019.5,0.02015193,-0.005123715
6019.75,0.01659909,-0.005438955
6020,0.01731051,-0.00432603
6020.25,0.0191913,-0.004118355
6020.5,0.020238195,-0.004222725
6020.75,0.0200433,-0.003268485
6021,0.02072703,-0.003807375
6021.25,0.017767395,-0.004348395
6021.5,0.01682913,-0.005447475
6021.75,0.015758805,-0.003521955
6022,0.020540655,-0.005294115
6022.25,0.019422405,-0.003543255
6022.5,0.02197947,-0.00278817
6022.75,0.014894025,-0.003409065
6023,0.01711455,-0.00372324
6023.25,0.01957683,-0.003964995
6023.5,0.018753585,-0.00397884
6023.75,0.01858425,-0.00296709
6024,0.019070955,-0.00252405
6024.25,0.01767261,-0.003941565
6024.5,0.021356445,-0.00376371
6024.75,0.01607724,-0.00392346
6025,0.017567175,-0.0043239
6025.25,0.01744257,-0.00408747
6025.5,0.018191265,-0.00287976
6025.75,0.016998465,-0.00292236
6026,0.016135815,-0.00325677
6026.25,0.01597287,-0.003034185
6026.5,0.01410912,-0.003034185
6026.75,0.015537285,-0.002887215
6027,0.015952635,-0.00307146
6027.25,0.017209335,-0.00307785
6027.5,0.01512939,-0.003426105
6027.75,0.014938755,-0.003170505
6028,0.014747055,-0.003262095
6028.25,0.01513365,-0.003590115
6028.5,0.013890795,-0.003102345
6028.75,0.01500585,-0.002787105
6029,0.0154212,-0.003479355
6029.25,0.012600015,-0.0037701
6029.5,0.01544463,-0.00381057
6029.75,0.012970635,-0.003656145
6030,0.016676835,-0.0033228
6030.25,0.0165501,-0.00202137
6030.5,0.014261415,-0.001751925
6030.75,0.01440945,-0.00248571
6031,0.011040855,-0.00205119
6031.25,0.007715925,-0.00252192
6031.5,0.010983345,-0.002327025
6031.75,0.016495785,-0.002022435
6032,0.01658205,-0.00160389
6032.25,0.015236955,-0.00142284
6032.5,0.01460115,-0.001911675
6032.75,0.018751455,-0.00189144
6033,0.01997514,-0.00207036
6033.25,0.019850535,-0.002271645
6033.5,0.021639735,-0.00214278
6033.75,0.02201568,-0.004263195
6034,0.022917735,-0.00512052
6034.25,0.02414355,-0.005596575
6034.5,0.0173595,-0.00418119
6034.75,0.015456345,-0.004107705
6035,0.020255235,-0.00444744
6035.25,0.021927285,-0.003564555
6035.5,0.017205075,-0.00493308
6035.75,0.017439375,-0.005735025
6036,0.01929354,-0.00447513
6036.25,0.027480195,-0.008795835
6036.5,0.024180825,-0.008504025
6036.75,0.02172387,-0.006816
6037,0.018297765,-0.007519965
6037.25,0.01379814,-0.005590185
6037.5,0.022513035,-0.006035355
6037.75,0.019910175,-0.00237495
6038,0.0240903,-0.00463488
6038.25,0.02596683,-0.00479676
6038.5,0.02927259,-0.004574175
6038.75,0.02338527,-0.00424083
6039,0.024638775,-0.00457098
6039.25,0.027544095,-0.00286272
6039.5,0.02015619,-0.00349107
6039.75,0.02633958,-0.0037914
6040,0.02479959,-0.00439632
6040.25,0.027088275,-0.005524155
6040.5,0.017628945,-0.00458802
6040.75,0.024890115,-0.004721145
6041,0.024941235,-0.003396285
6041.25,0.017799345,-0.00261564
6041.5,0.016301955,-0.00359757
6041.75,0.01108665,-0.00274344
6042,0.010567995,-0.002995845
6042.25,0.012525465,-0.00234513
6042.5,0.01118889,-0.001534665
6042.75,0.011215515,-0.00192126
6043,0.010951395,-0.00169548
6043.25,0.00820476,-0.00135042
6043.5,0.00938052,-0.002314245
6043.75,0.00866484,-0.00112251
6044,0.006627495,-0.000286485
6044.25,0.009396495,-0.00224289
6044.5,0.008523195,-0.00218325
6044.75,0.010399725,-0.002608185
6045,0.009021615,-0.00172743
6045.25,0.00831765,-0.000778515
6045.5,0.00836451,-0.002748765
6045.75,0.00933792,-0.003579465
6046,0.009426315,-0.00309702
6046.25,0.00739323,-0.00288189
6046.5,0.00925485,-0.002420745
6046.75,0.00855408,-0.00158898
6047,0.008003475,-0.00235791
6047.25,0.008697855,-0.003245055
6047.5,0.006961905,-0.003317475
6047.75,0.00773403,-0.00253257
6048,0.007703145,-0.002825445
6048.25,0.00885654,-0.00181689
6048.5,0.00845397,-0.002416485
6048.75,0.006765945,-0.00182967
6049,0.00698001,-0.001575135
6049.25,0.008619045,-0.0016827
6049.5,0.00894387,-0.00179772
6049.75,0.00827292,-0.001227945
6050,0.008457165,-0.002137455
6050.25,0.007769175,-0.002961765
6050.5,0.00702261,-0.003044835
6050.75,0.007002375,-0.002831835
6051,0.007818165,-0.003021405
6051.25,0.008606265,-0.002606055
6051.5,0.00878412,-0.001811565
6051.75,0.00655614,-0.00253896
6052,0.007556175,-0.00306081
6052.25,0.008340015,-0.003151335
6052.5,0.00772338,-0.00309276
6052.75,0.008029035,-0.002912775
6053,0.00955518,-0.001807305
6053.25,0.008122755,-0.00288402
6053.5,0.00814512,-0.003083175
6053.75,0.00800241,-0.002022435
6054,0.008531715,-0.00197025
6054.25,0.00739536,-0.001504845
6054.5,0.007228155,-0.001960665
6054.75,0.006510345,-0.00111186
6055,0.005106675,-0.001238595
6055.25,0.01108239,-0.00185736
6055.5,0.0105222,-0.002297205
6055.75,0.012016395,-0.002823315
6056,0.011592525,-0.00170826
6056.25,0.013464795,-0.00152934
6056.5,0.01970676,-0.001534665
6056.75,0.01804323,-0.00263055
6057,0.018414915,-0.003818025
6057.25,0.01716567,-0.004011855
6057.5,0.02177073,-0.00516099
6057.75,0.024102015,-0.00555291
6058,0.03053355,-0.00546345
6058.25,0.0283503,-0.004154565
6058.5,0.025546155,-0.00466257
6058.75,0.03523659,-0.004099185
6059,0.038613705,-0.005739285
6059.25,0.032440965,-0.00339522
6059.5,0.028871085,-0.004831905
6059.75,0.04774608,-0.00477972
6060,0.044126145,-0.007268625
6060.25,0.04028682,-0.008668035
6060.5,0.0505023,-0.007562565
6060.75,0.0417054,-0.00706947
6061,0.035035305,-0.006849015
6061.25,0.036666885,-0.005692425
6061.5,0.041090895,-0.005104545
6061.75,0.046641675,-0.00669672
6062,0.049489485,-0.00637722
6062.25,0.039180285,-0.002388795
6062.5,0.044273115,-0.005321805
6062.75,0.040703235,-0.004929885
6063,0.040264455,-0.004237635
6063.25,0.04178847,-0.005198265
6063.5,0.03897687,-0.006016185
6063.75,0.035280255,-0.006050265
6064,0.04515387,-0.008014125
6064.25,0.02789022,-0.00648159
6064.5,0.024059415,-0.00538677
6064.75,0.030100095,-0.00559125
6065,0.016996335,-0.00446448
6065.25,0.023284095,-0.004968225
6065.5,0.01372146,-0.003374985
6065.75,0.011963145,-0.00258369
6066,0.01044552,-0.001524015
6066.25,0.009805455,-0.001713585
6066.5,0.009441225,-0.002365365
6066.75,0.008437995,-0.0004899
6067,0.011104755,-0.00352515
6067.25,0.010840635,-0.00365934
6067.5,0.011656425,-0.00330789
6067.75,0.007592385,-0.00108204
6068,0.007255845,-0.001724235
6068.25,0.00763818,-0.00257517
6068.5,0.01053924,-0.00356562
6068.75,0.008508285,-0.003283395
6069,0.009441225,-0.001649685
6069.25,0.009070605,-0.001462245
6069.5,0.008885295,-0.00354006
6069.75,0.00883737,-0.00251127
6070,0.009769245,-0.00324612
6070.25,0.00828144,-0.003040575
6070.5,0.006584895,-0.00236217
6070.75,0.007111005,-0.002137455
6071,0.00895878,-0.003628455
6071.25,0.008478465,-0.003600765
6071.5,0.00699705,-0.003277005
6071.75,0.00733572,-0.00336114
6072,0.008772405,-0.003937305
6072.25,0.0081579,-0.001886115
6072.5,0.009102555,-0.002284425
6072.75,0.00703113,-0.001372785
6073,0.009247395,-0.001641165
6073.25,0.008039685,-0.001975575
6073.5,0.009149415,-0.002212005
6073.75,0.00758919,-0.001470765
6074,0.00646668,-0.002393055
6074.25,0.00713124,-0.002840355
6074.5,0.008974755,-0.00322056
6074.75,0.00787887,-0.00307359
6075,0.006126945,-0.00252405
6075.25,0.008653125,-0.00224715
6075.5,0.00734637,-0.002363235
6075.75,0.006872445,-0.002855265
6076,0.008340015,-0.00354219
6076.25,0.00743583,-0.002469735
6076.5,0.00832404,-0.001990485
6076.75,0.00805779,-0.001183215
6077,0.007939575,-0.00200433
6077.25,0.00814938,-0.00268806
6077.5,0.00809613,-0.003125775
6077.75,0.007330395,-0.00272427
6078,0.006691395,-0.001911675
6078.25,0.008678685,-0.00163797
6078.5,0.00732294,-0.00109056
6078.75,0.005784015,-0.001389825
6079,0.00627072,-0.001854165
6079.25,0.007019415,-0.001443075
6079.5,0.013202805,-0.0019596
6079.75,0.011377395,-0.002265255
6080,0.01085448,-0.001204515
6080.25,0.015381795,-0.001975575
6080.5,0.013688445,-0.00214704
6080.75,0.01655436,-0.001704
6081,0.01774929,-0.002567715
6081.25,0.018459645,-0.003617805
6081.5,0.021771795,-0.00454968
6081.75,0.023171205,-0.00443253
6082,0.028070205,-0.004857465
6082.25,0.020355345,-0.004689195
6082.5,0.019729125,-0.004175865
6082.75,0.01960026,-0.00379566
6083,0.016779075,-0.00384252
6083.25,0.020975175,-0.00461571
6083.5,0.016751385,-0.004039545
6083.75,0.018242385,-0.004776525
6084,0.01958748,-0.00500763
6084.25,0.01800276,-0.004563525
6084.5,0.017505405,-0.003815895
6084.75,0.016874925,-0.004695585
6085,0.01752138,-0.00446448
6085.25,0.019360635,-0.004429335
6085.5,0.01793247,-0.00455607
6085.75,0.024704805,-0.003916005
6086,0.027305535,-0.003064005
6086.25,0.05579961,-0.00578934
6086.5,0.041744805,-0.0045582
6086.75,0.04308564,-0.004058715
6087,0.047291325,-0.00540381
6087.25,0.042098385,-0.003377115
6087.5,0.038711685,-0.003858495
6087.75,0.03598635,-0.00418971
6088,0.0422379,-0.00526749
6088.25,0.038055645,-0.00429195
6088.5,0.03900882,-0.00241329
6088.75,0.03691716,-0.002461215
6089,0.03429513,-0.00096063
6089.25,0.03737724,-0.00287337
6089.5,0.03866802,-0.00261351
6089.75,0.03396711,-0.00426852
6090,0.02358336,-0.003051225
6090.25,0.009013095,-0.00320565
6090.5,0.007266495,-0.00354432
6090.75,0.008327235,-0.00285207
6091,0.0073911,-0.00225141
6091.25,0.00905676,-0.002096985
6091.5,0.010840635,-0.00156129
6091.75,0.00881607,-0.00183606
6092,0.00878838,-0.001990485
6092.25,0.009151545,-0.001915935
6092.5,0.00795981,-0.00142284
6092.75,0.007960875,-0.00110547
6093,0.008071635,-0.001161915
6093.25,0.00690972,-0.001828605
6093.5,0.007543395,-0.002556
6093.75,0.007177035,-0.00258369
6094,0.00695871,-0.002825445
6094.25,0.00792786,-0.002186445
6094.5,0.006546555,-0.00145266
6094.75,0.00734211,-0.00283077
6095,0.006738255,-0.00363165
6095.25,0.007679715,-0.00366573
6095.5,0.006759555,-0.00260499
6095.75,0.008133405,-0.001969185
6096,0.00796833,-0.001639035
6096.25,0.00792999,-0.002286555
6096.5,0.009255915,-0.001858425
6096.75,0.007262235,-0.00173808
6097,0.007937445,-0.00274557
6097.25,0.008638215,-0.00255387
6097.5,0.008550885,-0.002378145
6097.75,0.00657957,-0.00338031
6098,0.00677766,-0.003705135
6098.25,0.00674571,-0.00325038
6098.5,0.006842625,-0.003460185
6098.75,0.00819837,-0.002058645
6099,0.00622386,-0.00237069
6099.25,0.006254745,-0.002944725
6099.5,0.006227055,-0.00305868
6099.75,0.00710994,-0.00374028
6100,0.00590436,-0.002486775
6100.25,0.007537005,-0.001121445
6100.5,0.006320775,-0.00146331
6100.75,0.00653271,-0.00216195
6101,0.00572544,-0.002518725
6101.25,0.006269655,-0.00293514
6101.5,0.006233445,-0.003023535
6101.75,0.006866055,-0.001730625
6102,0.006951255,-0.00201285
6102.25,0.007764915,-0.002376015
6102.5,0.005892645,-0.00201285
6102.75,0.006320775,-0.002676345
6103,0.00662643,-0.002171535
6103.25,0.004966095,-0.000825375
6103.5,0.01381944,-0.001325925
6103.75,0.028613355,-0.002192835
6104,0.02012424,-0.00219603
6104.25,0.024496065,-0.00278817
6104.5,0.03026517,-0.00339522
6104.75,0.03245907,-0.00379566
6105,0.03277857,-0.003392025
6105.25,0.03379458,-0.004712625
6105.5,0.039416715,-0.00621747
6105.75,0.04548828,-0.007030065
6106,0.04140507,-0.00683517
6106.25,0.03999288,-0.005664735
6106.5,0.03258687,-0.005004435
6106.75,0.031635825,-0.005585925
6107,0.03519825,-0.00706095
6107.25,0.03753699,-0.007511445
6107.5,0.041472165,-0.00733998
6107.75,0.042392325,-0.0064539
6108,0.04674711,-0.006523125
6108.25,0.04665126,-0.00643899
6108.5,0.043112265,-0.00571479
6108.75,0.044660775,-0.00544428
6109,0.03611628,-0.00525471
6109.25,0.038967285,-0.004618905
6109.5,0.037465635,-0.0053463
6109.75,0.04107705,-0.006137595
6110,0.04872801,-0.009660615
6110.25,0.046652325,-0.00850083
6110.5,0.04927968,-0.0091803
6110.75,0.042383805,-0.00720792
6111,0.04041462,-0.00630267
6111.25,0.04206963,-0.00737619
6111.5,0.03315558,-0.007132305
6111.75,0.019963425,-0.0057297
6112,0.013221975,-0.004797825
6112.25,0.01921686,-0.005475165
6112.5,0.02016684,-0.002765805
6112.75,0.01832439,-0.003057615
6113,0.017594865,-0.0029394
6113.25,0.01141893,-0.002028825
6113.5,0.00778941,-0.00174234
6113.75,0.007754265,-0.00138663
6114,0.007620075,-0.001083105
6114.25,0.0072846,-0.001270545
6114.5,0.00656679,-0.001417515
6114.75,0.007289925,-0.001696545
6115,0.006103515,-0.00139728
6115.25,0.009534945,-0.001824345
6115.5,0.00788952,-0.00138024
6115.75,0.007735095,-0.001943625
6116,0.00711633,-0.001962795
6116.25,0.00605133,-0.00208527
6116.5,0.00541446,-0.00220668
6116.75,0.006433665,-0.00241329
6117,0.006293085,-0.00217047
6117.25,0.006804285,-0.00376158
6117.5,0.005517765,-0.00272427
6117.75,0.005553975,-0.00297987
6118,0.00541233,-0.003015015
6118.25,0.005549715,-0.00175299
6118.5,0.006295215,-0.00246015
6118.75,0.005811705,-0.00354645
6119,0.00667116,-0.002782845
6119.25,0.005047035,-0.002448435
6119.5,0.00648585,-0.00355497
6119.75,0.00663495,-0.001415385
6120,0.0071142,-0.00092868
6120.25,0.0067734,-0.00130782
6120.5,0.00548262,-0.001308885
6120.75,0.00573609,-0.0018531
6121,0.00572331,-0.001879725
6121.25,0.007588125,-0.001285455
6121.5,0.006384675,-0.00166566
6121.75,0.00646668,-0.00241329
6122,0.00618552,-0.002550675
6122.25,0.00595122,-0.00251766
6122.5,0.00659235,-0.00265611
6122.75,0.007138695,-0.00161028
6123,0.008039685,-0.00237282
6123.25,0.00616209,-0.00310128
6123.5,0.00723774,-0.00251766
6123.75,0.00707586,-0.002620965
6124,0.006474135,-0.00283077
6124.25,0.00730164,-0.001903155
6124.5,0.00661365,-0.001234335
6124.75,0.00562107,-0.001711455
6125,0.00671376,-0.00216621
6125.25,0.00597465,-0.002589015
6125.5,0.00588945,-0.00274131
6125.75,0.00707586,-0.001990485
6126,0.007232415,-0.00182115
6126.25,0.005581665,-0.002186445
6126.5,0.00524406,-0.00246441
6126.75,0.00512904,-0.002574105
6127,0.00429621,-0.0024495
6127.25,0.00469452,-0.001796655
6127.5,0.005451735,-0.00121836
6127.75,0.006250485,-0.00217473
6128,0.00358266,-0.001662465
6128.25,0.00294792,-0.001713585
6128.5,0.00297135,-0.001511235
6128.75,0.004084275,-0.001519755
6129,0.00504171,-0.000712485
6129.25,0.006608325,-0.00136746
6129.5,0.007707405,-0.001751925
6129.75,0.00505449,-0.00209805
6130,0.00542937,-0.002484645
6130.25,0.007675455,-0.002514465
6130.5,0.003815895,-0.001087365
6130.75,0.00357201,-0.001764705
6131,0.00376158,-0.002052255
6131.25,0.004863855,-0.002495295
6131.5,0.00614292,-0.00283929
6131.75,0.004961835,-0.002028825
6132,0.005737155,-0.00135255
6132.25,0.005626395,-0.00195108
6132.5,0.004158825,-0.00214278
6132.75,0.005004435,-0.00214278
6133,0.004062975,-0.00198303
6133.25,0.004727535,-0.001649685
6133.5,0.00704178,-0.000929745
6133.75,0.004946925,-0.000850935
6134,0.005703075,-0.002214135
6134.25,0.00623451,-0.00286059
6134.5,0.005839395,-0.00240477
6134.75,0.00695019,-0.00271788
6135,0.00699918,-0.00197238
6135.25,0.006557205,-0.00151017
6135.5,0.004782915,-0.002050125
6135.75,0.00411516,-0.00211296
6136,0.004248285,-0.00209379
6136.25,0.006190845,-0.00211083
6136.5,0.005264295,-0.001379175
6136.75,0.00546984,-0.000850935
6137,0.005779755,-0.001242855
6137.25,0.00535056,-0.001528275
6137.5,0.007253715,-0.001922325
6137.75,0.005820225,-0.001411125
6138,0.005607225,-0.00131421
6138.25,0.00667542,-0.000980865
6138.5,0.00663069,-0.001415385
6138.75,0.00667542,-0.0017253
6139,0.007730835,-0.00295857
6139.25,0.006970425,-0.003351555
6139.5,0.008772405,-0.00300117
6139.75,0.007871415,-0.002045865
6140,0.00757641,-0.003098085
6140.25,0.00931875,-0.004612515
6140.5,0.007164255,-0.004224855
6140.75,0.00907806,-0.0039192
6141,0.008908725,-0.00179346
6141.25,0.00934431,-0.00085839
6141.5,0.008774535,-0.001713585
6141.75,0.007873545,-0.00240477
6142,0.0075189,-0.002635875
6142.25,0.006906525,-0.002463345
6142.5,0.008691465,-0.002459085
6142.75,0.00714402,-0.00178068
6143,0.00873726,-0.002339805
6143.25,0.008022645,-0.002983065
6143.5,0.008361315,-0.00397458
6143.75,0.009658485,-0.004177995
6144,0.00811317,-0.00347616
6144.25,0.008851215,-0.00234726
6144.5,0.008768145,-0.002001135
6144.75,0.007856505,-0.002763675
6145,0.007837335,-0.002589015
6145.25,0.007713795,-0.002369625
6145.5,0.008269725,-0.003717915
6145.75,0.008310195,-0.002765805
6146,0.00864567,-0.00243885
6146.25,0.008731935,-0.004904325
6146.5,0.007739355,-0.004143915
6146.75,0.008340015,-0.00391707
6147,0.00789165,-0.00459654
6147.25,0.008800095,-0.00356562
6147.5,0.00895239,-0.00271788
6147.75,0.00781071,-0.003381375
6148,0.006433665,-0.00275622
6148.25,0.007688235,-0.002544285
6148.5,0.00716532,-0.0017466
6148.75,0.006589155,-0.001042635
6149,0.007492275,-0.000654975
6149.25,0.00764031,-0.00154851
6149.5,0.006893745,-0.002442045
6149.75,0.00722709,-0.00239838
6150,0.007149345,-0.002735985
6150.25,0.00794064,-0.002312115
6150.5,0.00725691,-0.001178955
6150.75,0.006248355,-0.00189783
6151,0.00621108,-0.002531505
6151.25,0.0060279,-0.00286272
6151.5,0.00586389,-0.00260499
6151.75,0.00542298,-0.001822215
6152,0.002995845,-0.001147005
6152.25,0.003449535,-0.001504845
6152.5,0.00579147,-0.0018531
6152.75,0.006182325,-0.00204906
6153,0.005818095,-0.00159111
6153.25,0.00663708,-0.000972345
6153.5,0.00533565,-0.00075828
6153.75,0.005196135,-0.00168696
6154,0.004976745,-0.002303595
6154.25,0.00365295,-0.002079945
6154.5,0.003010755,-0.00168057
6154.75,0.00300756,-0.00093294
6155,0.004158825,-0.00081153
6155.25,0.00340161,-0.00128013
6155.5,0.0039192,-0.001526145
6155.75,0.004968225,-0.00178494
6156,0.006143985,-0.00164223
6156.25,0.00595335,-0.00139515
6156.5,0.00638361,-0.00137385
6156.75,0.00535056,-0.00178707
6157,0.00420675,-0.00197025
6157.25,0.00370194,-0.00159111
6157.5,0.005309025,-0.0018105
6157.75,0.004929885,-0.00113955
6158,0.00517377,-0.00125031
6158.25,0.00511626,-0.002565585
6158.5,0.00486705,-0.002243955
6158.75,0.00679896,-0.003164115
6159,0.00523767,-0.00253683
6159.25,0.005364405,-0.00219816
6159.5,0.00394476,-0.00143349
6159.75,0.00546132,-0.001609215
6160,0.00385743,-0.001847775
6160.25,0.005924595,-0.002090595
6160.5,0.004520925,-0.001639035
6160.75,0.00474351,-0.001272675
6161,0.006672225,-0.00069012
6161.25,0.00641556,-0.000931875
6161.5,0.006623235,-0.001308885
6161.75,0.0060492,-0.002522985
6162,0.00571905,-0.002346195
6162.25,0.005347365,-0.002271645
6162.5,0.005764845,-0.001528275
6162.75,0.006603,-0.001568745
6163,0.007583865,-0.00244737
6163.25,0.0063261,-0.002173665
6163.5,0.00593631,-0.00195747
6163.75,0.006195105,-0.00212148
6164,0.007798995,-0.00153999
6164.25,0.006595545,-0.00128013
6164.5,0.0072846,-0.00178707
6164.75,0.007302705,-0.00187227
6165,0.007032195,-0.001888245
6165.25,0.006214275,-0.00281373
6165.5,0.00715467,-0.00181689
6165.75,0.007355955,-0.00171891
6166,0.00632823,-0.00304803
6166.25,0.00591927,-0.003428235
6166.5,0.005117325,-0.002133195
6166.75,0.0045369,-0.00173595
6167,0.006001275,-0.001042635
6167.25,0.006210015,-0.00122901
6167.5,0.00637296,-0.002488905
6167.75,0.00628776,-0.002386665
6168,0.006267525,-0.00177216
6168.25,0.00588093,-0.00202776
6168.5,0.00627285,-0.000904185
6168.75,0.00635805,-0.001451595
6169,0.00582129,-0.002816925
6169.25,0.005960805,-0.00313323
6169.5,0.005884125,-0.002876565
6169.75,0.005683905,-0.003304695
6170,0.006991725,-0.0021939
6170.25,0.006842625,-0.002414355
6170.5,0.005703075,-0.003374985
6170.75,0.00632397,-0.003479355
6171,0.00579147,-0.003487875
6171.25,0.005852175,-0.00339309
6171.5,0.006866055,-0.001498455
6171.75,0.00753807,-0.001653945
6172,0.00685221,-0.00257091
6172.25,0.00602577,-0.00238986
6172.5,0.005245125,-0.00308424
6172.75,0.00535695,-0.00333345
6173,0.00641556,-0.001913805
6173.25,0.00644112,-0.00236856
6173.5,0.005950155,-0.00317157
6173.75,0.00575526,-0.003055485
6174,0.006120555,-0.00308424
6174.25,0.00633036,-0.00276261
6174.5,0.006949125,-0.00133977
6174.75,0.00612801,-0.00147396
6175,0.004508145,-0.002186445
6175.25,0.006998115,-0.001820085
6175.5,0.009087645,-0.002124675
6175.75,0.012387015,-0.00243885
6176,0.012595755,-0.00175725
6176.25,0.016975035,-0.002946855
6176.5,0.015626745,-0.00329298
6176.75,0.01521885,-0.002876565
6177,0.017694975,-0.004097055
6177.25,0.02153856,-0.003916005
6177.5,0.023752695,-0.004352655
6177.75,0.019394715,-0.00412794
6178,0.0327807,-0.00388938
6178.25,0.036174855,-0.00310128
6178.5,0.026053095,-0.001660335
6178.75,0.030802995,-0.00209166
6179,0.03453795,-0.002407965
6179.25,0.035041695,-0.001939365
6179.5,0.038324025,-0.003730695
6179.75,0.04189071,-0.004335615
6180,0.039207975,-0.00368703
6180.25,0.041276205,-0.00501402
6180.5,0.042160155,-0.004318575
6180.75,0.04109409,-0.003660405
6181,0.03626112,-0.003775425
6181.25,0.035207835,-0.00422166
6181.5,0.023614245,-0.005187615
6181.75,0.0231531,-0.00354219
6182,0.026549385,-0.00262416
6182.25,0.02199438,-0.00314601
6182.5,0.02648868,-0.004371825
6182.75,0.02458446,-0.003760515
6183,0.027054195,-0.004131135
6183.25,0.020904885,-0.002546415
6183.5,0.02055876,-0.00451134
6183.75,0.02109126,-0.00384252
6184,0.021884685,-0.004180125
6184.25,0.022140285,-0.003494265
6184.5,0.024457725,-0.00344634
6184.75,0.0271362,-0.00322482
6185,0.02501472,-0.003487875
6185.25,0.017028285,-0.002384535
6185.5,0.011705415,-0.001453725
6185.75,0.01243494,-0.00333345
6186,0.01088004,-0.003517695
6186.25,0.00779793,-0.002163015
6186.5,0.008369835,-0.00212787
6186.75,0.010214415,-0.001400475
6187,0.007875675,-0.000769995
6187.25,0.006961905,-0.000380205
6187.5,0.00785118,-0.00080514
6187.75,0.00786396,-0.001187475
6188,0.008527455,-0.00231531
6188.25,0.00821541,-0.00233022
6188.5,0.007481625,-0.001988355
6188.75,0.006974685,-0.00126735
6189,0.00803223,-0.000887145
6189.25,0.007511445,-0.000654975
6189.5,0.006361245,-0.001057545
6189.75,0.006067305,-0.00119067
6190,0.00605772,-0.00169335
6190.25,0.005530545,-0.002358975
6190.5,0.00499059,-0.002348325
6190.75,0.005894775,-0.002371755
6191,0.00589371,-0.00263694
6191.25,0.00573396,-0.002009655
6191.5,0.006716955,-0.00162093
6191.75,0.006212145,-0.001577265
6192,0.00696297,-0.001379175
6192.25,0.008088675,-0.00137811
6192.5,0.00720792,-0.001713585
6192.75,0.00718236,-0.001172565
6193,0.006925695,-0.00138663
6193.25,0.00618339,-0.001905285
6193.5,0.00676488,-0.00179346
6193.75,0.007741485,-0.001185345
6194,0.007434765,-0.001213035
6194.25,0.006940605,-0.00131634
6194.5,0.007162125,-0.00167844
6194.75,0.00561042,-0.002378145
6195,0.00543576,-0.00217473
6195.25,0.005926725,-0.00228762
6195.5,0.006254745,-0.002314245
6195.75,0.005664735,-0.00200007
6196,0.00623877,-0.001351485
6196.25,0.006416625,-0.00096063
6196.5,0.006011925,-0.00092016
6196.75,0.006156765,-0.00118002
6197,0.006480525,-0.001206645
6197.25,0.00613653,-0.00132273
6197.5,0.00617274,-0.00239199
6197.75,0.005999145,-0.00212787
6198,0.00604494,-0.00207249
6198.25,0.006844755,-0.002052255
6198.5,0.00615144,-0.001999005
6198.75,0.006094995,-0.00126309
6199,0.00495651,-0.00101175
6199.25,0.005941635,-0.00062196
6199.5,0.00750399,-0.000341865
6199.75,0.010572255,-0.00060918
6200,0.00830487,-0.000904185
6200.25,0.01590684,-0.001911675
6200.5,0.017034675,-0.002260995
6200.75,0.01600482,-0.00318009
6201,0.020762175,-0.00426213
6201.25,0.021249945,-0.00443892
6201.5,0.020074185,-0.00408747
6201.75,0.020046495,-0.00408534
6202,0.025156365,-0.00461358
6202.25,0.023631285,-0.0041748
6202.5,0.019592805,-0.003541125
6202.75,0.01876317,-0.003513435
6203,0.021443775,-0.003592245
6203.25,0.022112595,-0.00395967
6203.5,0.024425775,-0.00508005
6203.75,0.02467392,-0.005779755
6204,0.026040315,-0.00714402
6204.25,0.02484858,-0.006371895
6204.5,0.023686665,-0.00723561
6204.75,0.02193474,-0.005668995
6205,0.017535225,-0.005296245
6205.25,0.021056115,-0.005590185
6205.5,0.02216265,-0.004661505
6205.75,0.02239056,-0.005558235
6206,0.02238843,-0.00550605
6206.25,0.022342635,-0.006016185
6206.5,0.02193048,-0.00584472
6206.75,0.02093577,-0.005475165
6207,0.02413077,-0.005926725
6207.25,0.01959813,-0.0019596
6207.5,0.01879725,-0.00346764
6207.75,0.040935405,0.003257835
6208,0.050341485,0.00286059
6208.25,0.03328977,-0.00260073
6208.5,0.0214065,-0.002821185
6208.75,0.021761145,-0.00421527
6209,0.020561955,-0.004765875
6209.25,0.017637465,-0.004203555
6209.5,0.016738605,-0.004124745
6209.75,0.01828605,-0.004621035
6210,0.01440519,-0.003864885
6210.25,0.013982385,-0.00245589
6210.5,0.01259469,-0.001879725
6210.75,0.011720325,-0.00370407
6211,0.014367915,-0.00286272
6211.25,0.01271184,-0.002018175
6211.5,0.008731935,-0.002101245
6211.75,0.007262235,-0.001739145
6212,0.009066345,-0.00399801
6212.25,0.009159,-0.00378501
6212.5,0.00687138,-0.00316944
6212.75,0.004961835,-0.00121836
6213,0.009611625,-0.001930845
6213.25,0.00886293,-0.00227484
6213.5,0.011036595,-0.0016188
6213.75,0.00752316,-0.001517625
6214,0.008595615,-0.00248358
6214.25,0.00735915,-0.002976675
6214.5,0.006742515,-0.00275409
6214.75,0.008893815,-0.003021405
6215,0.00744861,-0.002303595
6215.25,0.0095424,-0.00181689
6215.5,0.009573285,-0.00110334
6215.75,0.008783055,-0.001796655
6216,0.00977457,-0.002056515
6216.25,0.007875675,-0.00238347
6216.5,0.00826866,-0.003064005
6216.75,0.00791934,-0.00305016
6217,0.007660545,-0.002797755
6217.25,0.008359185,-0.002991585
6217.5,0.00709716,-0.003347295
6217.75,0.01096311,-0.002450565
6218,0.008770275,-0.002026695
6218.25,0.008193045,-0.002060775
6218.5,0.00981504,-0.001700805
6218.75,0.00755511,-0.00163158
6219,0.009613755,-0.002033085
6219.25,0.00808761,-0.00226206
6219.5,0.008902335,-0.00226206
6219.75,0.009867225,-0.002661435
6220,0.006993855,-0.00340161
6220.25,0.00869679,-0.00284781
6220.5,0.00736767,-0.001890375
6220.75,0.00818346,-0.00202989
6221,0.00890766,-0.00204267
6221.25,0.008020515,-0.001892505
6221.5,0.01229436,-0.003492135
6221.75,0.009984375,-0.0041535
6222,0.011818305,-0.004220595
6222.25,0.012864135,-0.003924525
6222.5,0.00921438,-0.003223755
6222.75,0.0096702,-0.002780715
6223,0.007072665,-0.00100536
6223.25,0.012384885,-0.00102453
6223.5,0.02802228,-0.001027725
6223.75,0.028721985,-0.001534665
6224,0.02743227,-0.00261777
6224.25,0.026892315,-0.00343569
6224.5,0.0260286,-0.00356988
6224.75,0.030760395,-0.00389577
6225,0.037229205,-0.005801055
6225.25,0.037887375,-0.00622599
6225.5,0.037288845,-0.00544428
6225.75,0.036758475,-0.005287725
6226,0.0434094,-0.005709465
6226.25,0.040877895,-0.00571479
6226.5,0.031113975,-0.005843655
6226.75,0.02850153,-0.005760585
6227,0.03326847,-0.0059853
6227.25,0.037246245,-0.00596826
6227.5,0.0393624,-0.0071142
6227.75,0.04343709,-0.007984305
6228,0.053029545,-0.006672225
6228.25,0.049176375,-0.00622173
6228.5,0.04939044,-0.006295215
6228.75,0.04642761,-0.00600021
6229,0.038272905,-0.004966095
6229.25,0.036098175,-0.00507579
6229.5,0.03936879,-0.00543576
6229.75,0.04188006,-0.0068799
6230,0.042826845,-0.00680535
6230.25,0.04438707,-0.004318575
6230.5,0.05066631,-0.00522702
6230.75,0.051434175,-0.004981005
6231,0.04655328,-0.00446661
6231.25,0.062288655,-0.00472647
6231.5,0.031393005,-0.005123715
6231.75,0.03235257,-0.00524619
6232,0.046441455,-0.004787175
6232.25,0.04705809,-0.004523055
6232.5,0.037022595,-0.004608255
6232.75,0.03114699,-0.002399445
6233,0.029128815,-0.003296175
6233.25,0.02459724,-0.003274875
6233.5,0.02123184,-0.00182115
6233.75,0.01532322,-0.002363235
6234,0.011428515,-0.00156768
6234.25,0.00911001,-0.00139302
6234.5,0.008757495,-0.001971315
6234.75,0.00951471,-0.00305016
6235,0.00657318,-0.00087756
6235.25,0.010233585,-0.001500585
6235.5,0.01069473,-0.00207036
6235.75,0.01241364,-0.002094855
6236,0.01062231,-0.00199368
6236.25,0.01628385,-0.00287124
6236.5,0.01453086,-0.002699775
6236.75,0.01335084,-0.00397458
6237,0.00953388,-0.00266889
6237.25,0.00999396,-0.00226845
6237.5,0.01168092,-0.0019596
6237.75,0.00867549,-0.002501685
6238,0.00808761,-0.00312684
6238.25,0.00928893,-0.002431395
6238.5,0.01024743,-0.00189996
6238.75,0.00946785,-0.001619865
6239,0.010212285,-0.00128226
6239.25,0.009571155,-0.001230075
6239.5,0.01102914,-0.001483545
6239.75,0.009882135,-0.00199794
6240,0.008523195,-0.002292945
6240.25,0.008906595,-0.00251766
6240.5,0.00911853,-0.00243672
6240.75,0.010940745,-0.00218325
6241,0.009507255,-0.001803045
6241.25,0.01091412,-0.000997905
6241.5,0.01063296,-0.00108204
6241.75,0.01015158,-0.00175725
6242,0.0103305,-0.001632645
6242.25,0.009707475,-0.001724235
6242.5,0.00968298,-0.00249636
6242.75,0.008987535,-0.00247932
6243,0.009449745,-0.002729595
6243.25,0.008448645,-0.002565585
6243.5,0.01009407,-0.002603925
6243.75,0.00922503,-0.0020661
6244,0.010437,-0.00158685
6244.25,0.00958713,-0.001560225
6244.5,0.008382615,-0.001464375
6244.75,0.009999285,-0.001264155
6245,0.009255915,-0.00176577
6245.25,0.01105683,-0.0018744
6245.5,0.00923355,-0.001869075
6245.75,0.01103127,-0.00211083
6246,0.00854982,-0.00244098
6246.25,0.009292125,-0.001988355
6246.5,0.009028005,-0.001434555
6246.75,0.008412435,-0.00103092
6247,0.007477365,-0.00080727
6247.25,0.009010965,-0.001021335
6247.5,0.027282105,-0.001283325
6247.75,0.03516417,-0.001679505
6248,0.028349235,-0.00217899
6248.25,0.027367305,-0.002865915
6248.5,0.03044409,-0.002836095
6248.75,0.045544725,0.00242181
6249,0.04868754,0.00378288
6249.25,0.053755875,0.00532926
6249.5,0.063381345,0.00574887
6249.75,0.064271685,0.00487344
6250,0.04079376,-0.003901095
6250.25,0.047806785,-0.005707335
6250.5,0.03770739,-0.003703005
6250.75,0.04138377,-0.00421101
6251,0.040283625,-0.005151405
6251.25,0.04367352,-0.00465618
6251.5,0.04060632,-0.00397884
6251.75,0.049523565,-0.00554865
6252,0.03502572,-0.004437855
6252.25,0.025793235,-0.00459867
6252.5,0.025857135,-0.00381483
6252.75,0.02405622,-0.00324612
6253,0.023207415,-0.003010755
6253.25,0.02751108,-0.00450069
6253.5,0.045325335,0.004484715
6253.75,0.0554013,0.003398415
6254,0.054954,0.00323121
6254.25,0.03778407,0.001858425
6254.5,0.045382845,0.001230075
6254.75,0.050341485,0.003183285
6255,0.034871295,0.00124818
6255.25,0.054311805,0.00423657
6255.5,0.043787475,0.002627355
6255.75,0.038456085,0.0028755
6256,0.03256344,0.002527245
6256.25,0.03438246,0.00239412
6256.5,0.03170931,0.000936135
6256.75,0.019390455,-0.00282012
6257,0.020728095,-0.00395115
6257.25,0.01648833,-0.001758315
6257.5,0.016744995,-0.00339309
6257.75,0.010640415,-0.00259647
6258,0.008229255,-0.002180055
6258.25,0.010776735,-0.0014271
6258.5,0.009085515,-0.00117789
6258.75,0.0114594,-0.001636905
6259,0.01044339,-0.00173382
6259.25,0.010704315,-0.002045865
6259.5,0.01197273,-0.00168483
6259.75,0.010900275,-0.00193191
6260,0.008090805,-0.000640065
6260.25,0.007517835,-0.00103092
6260.5,0.00801519,-0.0015975
6260.75,0.00838581,-0.001947885
6261,0.005455995,-0.00048777
6261.25,0.00978309,-0.001447335
6261.5,0.008261205,-0.00136533
6261.75,0.01010685,-0.001464375
6262,0.0084774,-0.00149526
6262.25,0.009198405,-0.001577265
6262.5,0.007752135,-0.00297987
6262.75,0.007385775,-0.003166245
6263,0.00815151,-0.00344421
6263.25,0.007500795,-0.00267741
6263.5,0.0082644,-0.001981965
6263.75,0.01011537,-0.000682665
6264,0.00971919,-0.000738045
6264.25,0.010110045,-0.00133551
6264.5,0.008248425,-0.001604955
6264.75,0.009053565,-0.00138024
6265,0.009177105,-0.00226632
6265.25,0.007013025,-0.0030033
6265.5,0.01001739,-0.003070395
6265.75,0.009372,-0.003370725
6266,0.00810678,-0.003100215
6266.25,0.01074372,-0.00207888
6266.5,0.0088608,-0.001860555
6266.75,0.01008981,-0.001809435
6267,0.009204795,-0.001852035
6267.25,0.0100323,-0.000814725
6267.5,0.01041996,-0.00116937
6267.75,0.00914835,-0.002190705
6268,0.009313425,-0.002173665
6268.25,0.00809826,-0.003281265
6268.5,0.00735063,-0.00343143
6268.75,0.00849657,-0.00265611
6269,0.008518935,-0.00182754
6269.25,0.00926763,-0.00181902
6269.5,0.00947424,-0.001726365
6269.75,0.0092229,-0.00167631
6270,0.008770275,-0.00186801
6270.25,0.007724445,-0.003123645
6270.5,0.009585,-0.003004365
6270.75,0.007464585,-0.00245376
6271,0.010323045,-0.00306933
6271.25,0.010112175,-0.001988355
6271.5,0.015616095,-0.000644325
6271.75,0.01286946,-0.00107139
6272,0.016197585,-0.002488905
6272.25,0.03249315,-0.004776525
6272.5,0.032722125,-0.004946925
6272.75,0.03195852,-0.00569136
6273,0.038458215,-0.005108805
6273.25,0.03343035,-0.004071495
6273.5,0.02955162,-0.005645565
6273.75,0.02960061,-0.005196135
6274,0.030161865,-0.005997015
6274.25,0.026594115,-0.005698815
6274.5,0.019884615,-0.004563525
6274.75,0.020789865,-0.00302247
6275,0.022547115,-0.00304803
6275.25,0.024199995,-0.00567432
6275.5,0.02816925,-0.005999145
6275.75,0.03188184,-0.00638361
6276,0.03036741,-0.00784905
6276.25,0.03199686,-0.009074865
6276.5,0.029414235,-0.00741027
6276.75,0.02817138,-0.005988495
6277,0.027171345,-0.00556995
6277.25,0.025965765,-0.00522489
6277.5,0.031899945,-0.005975715
6277.75,0.037993875,-0.006163155
6278,0.033446325,-0.00646242
6278.25,0.03487662,-0.005717985
6278.5,0.02686995,-0.005228085
6278.75,0.02780289,-0.003781815
6279,0.02883168,-0.005134365
6279.25,0.04056798,-0.00452412
6279.5,0.03915366,-0.004712625
6279.75,0.040916235,-0.003654015
6280,0.032255655,-0.00408747
6280.25,0.045687435,-0.004729665
6280.5,0.03763284,-0.004009725
6280.75,0.033344085,-0.002944725
6281,0.027659115,-0.004621035
6281.25,0.01719549,-0.00479889
6281.5,0.008587095,-0.00223011
6281.75,0.007387905,-0.0029181
6282,0.008173875,-0.002224785
6282.25,0.00805992,-0.001871205
6282.5,0.008736195,-0.001905285
6282.75,0.005532675,-0.000280095
6283,0.00743157,-0.001653945
6283.25,0.00749547,-0.001428165
6283.5,0.00772338,-0.00162093
6283.75,0.007726575,-0.00175725
6284,0.008365575,-0.0020448
6284.25,0.008633955,-0.00259008
6284.5,0.008186655,-0.00333345
6284.75,0.00654123,-0.002725335
6285,0.007620075,-0.004226985
6285.25,0.00818346,-0.002970285
6285.5,0.008733,-0.00203841
6285.75,0.00974262,-0.00117789
6286,0.008563665,-0.00126522
6286.25,0.008320845,-0.00215769
6286.5,0.00837729,-0.002382405
6286.75,0.007626465,-0.00216621
6287,0.00789165,-0.0020022
6287.25,0.007247325,-0.003027795
6287.5,0.007669065,-0.00395328
6287.75,0.00784053,-0.004075755
6288,0.007505055,-0.004116225
6288.25,0.007206855,-0.0039831
6288.5,0.007886325,-0.001692285
6288.75,0.008252685,-0.00095211
6289,0.009049305,-0.000989385
6289.25,0.008932155,-0.00111612
6289.5,0.00882885,-0.00172743
6289.75,0.008787315,-0.00230253
6290,0.00813447,-0.003717915
6290.25,0.00750186,-0.003662535
6290.5,0.00769569,-0.003564555
6290.75,0.008297415,-0.003611415
6291,0.007835205,-0.00405765
6291.25,0.0081366,-0.00243885
6291.5,0.00835599,-0.00238134
6291.75,0.00824523,-0.002463345
6292,0.00891618,-0.00145053
6292.25,0.009545595,-0.00110547
6292.5,0.007745745,-0.00192339
6292.75,0.00775959,-0.002578365
6293,0.007281405,-0.003875535
6293.25,0.007177035,-0.003999075
6293.5,0.008101455,-0.00426852
6293.75,0.00831339,-0.002961765
6294,0.008435865,-0.002431395
6294.25,0.00869892,-0.00238986
6294.5,0.00796194,-0.00216621
6294.75,0.00674997,-0.001875465
6295,0.006853275,-0.002128935
6295.25,0.00583833,-0.003257835
6295.5,0.005717985,-0.003083175
6295.75,0.006167415,-0.002838225
6296,0.00471795,-0.00188931
6296.25,0.00454116,-0.001443075
6296.5,0.00524832,-0.00047286
6296.75,0.004778655,-0.000953175
6297,0.00514395,-0.00142923
6297.25,0.00665838,-0.001342965
6297.5,0.007539135,-0.001191735
6297.75,0.00674571,-0.00194469
6298,0.005847915,-0.002329155
6298.25,0.00551031,-0.00233235
6298.5,0.00397671,-0.001911675
6298.75,0.00399162,-0.00214278
6299,0.00528879,-0.001426035
6299.25,0.00597891,-0.001134225
6299.5,0.006246225,-0.000514395
6299.75,0.005752065,-0.00035784
6300,0.00546771,-0.000426
6300.25,0.005892645,-0.00047073
6300.5,0.00498207,-0.00124392
6300.75,0.00490113,-0.002067165
6301,0.00472221,-0.00205758
6301.25,0.00505875,-0.00222159
6301.5,0.00474777,-0.00203415
6301.75,0.005815965,-0.00163797
6302,0.00594057,-0.00121836
6302.25,0.006450705,-0.001185345
6302.5,0.00674784,-0.00112677
6302.75,0.00641769,-0.00104583
6303,0.00659874,-0.00103092
6303.25,0.007311225,-0.00080514
6303.5,0.00606837,-0.00122688
6303.75,0.005726505,-0.00175725
6304,0.006699915,-0.001877595
6304.25,0.006955515,-0.002150235
6304.5,0.00755724,-0.002514465
6304.75,0.00736341,-0.00138237
6305,0.007121655,-0.001528275
6305.25,0.00744435,-0.00128652
6305.5,0.00772764,-0.0015123
6305.75,0.00787461,-0.00161667
6306,0.00723348,-0.002250345
6306.25,0.008352795,-0.00313962
6306.5,0.008484855,-0.0028968
6306.75,0.00960204,-0.00303951
6307,0.0077532,-0.001960665
6307.25,0.01083957,-0.001368525
6307.5,0.01147644,-0.00128652
6307.75,0.01171926,-0.001302495
6308,0.010455105,-0.001732755
6308.25,0.00995775,-0.00220881
6308.5,0.010753305,-0.00268593
6308.75,0.0089034,-0.003754125
6309,0.00839859,-0.003668925
6309.25,0.00890979,-0.003918135
6309.5,0.00889914,-0.00403635
6309.75,0.009402885,-0.003590115
6310,0.00951471,-0.00257091
6310.25,0.00942525,-0.0021726
6310.5,0.00894174,-0.00155703
6310.75,0.00814299,-0.001238595
6311,0.00859242,-0.001008555
6311.25,0.009884265,-0.002393055
6311.5,0.01004082,-0.00344208
6311.75,0.00898647,-0.00390642
6312,0.00878199,-0.00395754
6312.25,0.008222865,-0.0039618
6312.5,0.00974049,-0.002569845
6312.75,0.010037625,-0.00238773
6313,0.010035495,-0.00250701
6313.25,0.009903435,-0.00220242
6313.5,0.010619115,-0.00210231
6313.75,0.009328335,-0.00290958
6314,0.00957222,-0.00334197
6314.25,0.009415665,-0.00262416
6314.5,0.009434835,-0.00236643
6314.75,0.009999285,-0.00211722
6315,0.01022187,-0.0016614
6315.25,0.009931125,-0.00191274
6315.5,0.010437,-0.002054385
6315.75,0.010721355,-0.00211083
6316,0.009023745,-0.00204267
6316.25,0.009177105,-0.002222655
6316.5,0.008748975,-0.00328233
6316.75,0.008069505,-0.003100215
6317,0.00885441,-0.003321735
6317.25,0.009076995,-0.00331215
6317.5,0.00943377,-0.003381375
6317.75,0.00983847,-0.002111895
6318,0.01015371,-0.001483545
6318.25,0.011255985,-0.001193865
6318.5,0.01093542,-0.001147005
6318.75,0.01123575,-0.001270545
6319,0.009177105,-0.0028329
6319.25,0.00813021,-0.002810535
6319.5,0.007756395,-0.002433525
6319.75,0.0073698,-0.002644395
6320,0.005326065,-0.00215556
6320.25,0.0056019,-0.001911675
6320.5,0.00595548,-0.00120558
6320.75,0.00673719,-0.00123753
6321,0.00649224,-0.0012141
6321.25,0.00675636,-0.001115055
6321.5,0.00706521,-0.00124605
6321.75,0.006259005,-0.001732755
6322,0.00634953,-0.001178955
6322.25,0.007021545,-0.00096915
6322.5,0.00448791,-0.0006177
6322.75,0.00434733,-0.00091377
6323,0.0058362,-0.000629415
6323.25,0.00546345,-0.00096702
6323.5,0.00615144,-0.001238595
6323.75,0.00590223,-0.001236465
6324,0.00588945,-0.001281195
6324.25,0.00590223,-0.001347225
6324.5,0.004998045,-0.002646525
6324.75,0.004934145,-0.0028542
6325,0.00410025,-0.002755155
6325.25,0.004177995,-0.002606055
6325.5,0.004448505,-0.00224289
6325.75,0.00594483,-0.001389825
6326,0.00693954,-0.00045795
6326.25,0.005794665,-0.000473925
6326.5,0.006365505,-0.00045795
6326.75,0.005522025,-0.000410025
6327,0.00551031,-0.000993645
6327.25,0.00560829,-0.001598565
6327.5,0.003954345,-0.002024565
6327.75,0.004094925,-0.001967055
6328,0.004124745,-0.001792395
6328.25,0.00493947,-0.001973445
6328.5,0.0045582,-0.00186588
6328.75,0.005302635,-0.001338705
6329,0.00552096,-0.0014484
6329.25,0.00609606,-0.00148248
6329.5,0.005688165,-0.001357875
6329.75,0.00636231,-0.00061131
6330,0.005473035,-0.000806205
6330.25,0.00646881,-0.001649685
6330.5,0.00540168,-0.00161454
6330.75,0.006503955,-0.002071425
6331,0.006510345,-0.00195534
6331.25,0.006493305,-0.00213213
6331.5,0.00768078,-0.00151656
6331.75,0.00764244,-0.00128865
6332,0.00838155,-0.00139089
6332.25,0.00842841,-0.001491
6332.5,0.007833075,-0.001349355
6332.75,0.00736554,-0.00215556
6333,0.007754265,-0.00258156
6333.25,0.00734637,-0.002693385
6333.5,0.00721857,-0.0020661
6333.75,0.00858177,-0.00228549
6334,0.00792999,-0.00179772
6334.25,0.007720185,-0.00111399
6334.5,0.007287795,-0.002003265
6334.75,0.007620075,-0.00194895
6335,0.007922535,-0.00218325
6335.25,0.00813234,-0.002275905
6335.5,0.007343175,-0.00379779
6335.75,0.00840072,-0.00348468
6336,0.007975785,-0.0037701
6336.25,0.007564695,-0.00360609
6336.5,0.00638148,-0.003253575
6336.75,0.007368735,-0.003232275
6337,0.00832404,-0.00243672
6337.25,0.00803862,-0.00165714
6337.5,0.00805353,-0.00177003
6337.75,0.009289995,-0.001264155
6338,0.00854556,-0.002013915
6338.25,0.008129145,-0.00293301
6338.5,0.007828815,-0.003072525
6338.75,0.007294185,-0.003800985
6339,0.00731016,-0.00377436
6339.25,0.00712485,-0.00356988
6339.5,0.008092935,-0.00264546
6339.75,0.00781284,-0.002367495
6340,0.008011995,-0.00219177
6340.25,0.009200535,-0.00231318
6340.5,0.009253785,-0.00319074
6340.75,0.00872235,-0.003892575
6341,0.008231385,-0.00408321
6341.25,0.00815151,-0.00385743
6341.5,0.008993925,-0.003901095
6341.75,0.008795835,-0.003626325
6342,0.0106713,-0.00161028
6342.25,0.01046682,-0.001217295
6342.5,0.00805992,-0.00069225
6342.75,0.00657318,-0.00109908
6343,0.004525185,-0.001975575
6343.25,0.0036636,-0.002207745
6343.5,0.0048564,-0.00219603
6343.75,0.008410305,-0.00285633
6344,0.010893885,-0.00260712
6344.25,0.01774929,-0.004018245
6344.5,0.014182605,-0.00295218
6344.75,0.019925085,-0.003406935
6345,0.01771095,-0.004065105
6345.25,0.01836486,-0.00344847
6345.5,0.018826005,-0.004914975
6345.75,0.01964499,-0.005560365
6346,0.018998535,-0.00566154
6346.25,0.018208305,-0.005040645
6346.5,0.0210444,-0.00379566
6346.75,0.017452155,-0.003430365
6347,0.023252145,-0.00533778
6347.25,0.0225993,-0.00503745
6347.5,0.023889015,-0.00713337
6347.75,0.02550675,-0.0077106
6348,0.024926325,-0.00758919
6348.25,0.03446127,-0.009074865
6348.5,0.03487023,-0.008116365
6348.75,0.037259025,-0.007289925
6349,0.030432375,-0.00677553
6349.25,0.02840568,-0.00488835
6349.5,0.025897605,-0.003436755
6349.75,0.02338527,-0.005015085
6350,0.02318718,-0.00457524
6350.25,0.02559408,-0.00424722
6350.5,0.022506645,-0.003106605
6350.75,0.022059345,-0.003871275
6351,0.02242464,-0.003696615
6351.25,0.027533445,-0.005645565
6351.5,0.022421445,-0.00484149
6351.75,0.01877595,-0.004955445
6352,0.021162615,-0.005364405
6352.25,0.02154921,-0.006964035
6352.5,0.020338305,-0.005558235
6352.75,0.01932549,-0.00400653
6353,0.01168092,-0.00414072
6353.25,0.012563805,-0.004518795
6353.5,0.014802435,-0.004267455
6353.75,0.025631355,-0.00728886
6354,0.023173335,-0.00649863
6354.25,0.018830265,-0.004293015
6354.5,0.01495899,-0.0041322
6354.75,0.01579395,-0.002395185
6355,0.012806625,-0.00177855
6355.25,0.01090986,-0.000906315
6355.5,0.005877735,-0.000356775
6355.75,0.008548755,-0.002307855
6356,0.00663495,-0.002793495
6356.25,0.006429405,-0.00175725
6356.5,0.0085839,-0.003592245
6356.75,0.009136635,-0.00348681
6357,0.00832404,-0.0034506
6357.25,0.009756465,-0.002371755
6357.5,0.00973623,-0.00252405
6357.75,0.009720255,-0.002787105
6358,0.010359255,-0.00312684
6358.25,0.00873513,-0.004090665
6358.5,0.007724445,-0.00393837
6358.75,0.009194145,-0.004028895
6359,0.008246295,-0.003296175
6359.25,0.009238875,-0.00271362
6359.5,0.0102879,-0.00195321
6359.75,0.009867225,-0.00160389
6360,0.01067343,-0.002516595
6360.25,0.00938052,-0.00292449
6360.5,0.008512545,-0.004067235
6360.75,0.008712765,-0.003470835
6361,0.008033295,-0.003711525
6361.25,0.00895665,-0.003869145
6361.5,0.00887784,-0.00391068
6361.75,0.00785544,-0.00381696
6362,0.01020057,-0.00454116
6362.25,0.008885295,-0.00290319
6362.5,0.00931662,-0.0027051
6362.75,0.00966381,-0.00293088
6363,0.008770275,-0.003189675
6363.25,0.009839535,-0.00420888
6363.5,0.00920586,-0.003347295
6363.75,0.00954453,-0.00372324
6364,0.01019844,-0.003685965
6364.25,0.00820476,-0.00393198
6364.5,0.009209055,-0.00331854
6364.75,0.009053565,-0.002650785
6365,0.00913131,-0.00307359
6365.25,0.01006638,-0.003289785
6365.5,0.00838368,-0.00454542
6365.75,0.00931875,-0.004324965
6366,0.008527455,-0.004188645
6366.25,0.00767013,-0.00346551
6366.5,0.00737619,-0.003600765
6366.75,0.0060918,-0.00331854
6367,0.005562495,-0.001598565
6367.25,0.007006635,-0.00177216
6367.5,0.007513575,-0.002062905
6367.75,0.00759558,-0.0029607
6368,0.01021974,-0.00265611
6368.25,0.01173843,-0.00356349
6368.5,0.01516773,-0.00394476
6368.75,0.014039895,-0.00360396
6369,0.0130782,-0.004934145
6369.25,0.01820085,-0.006046005
6369.5,0.019942125,-0.006022575
6369.75,0.021058245,-0.00683091
6370,0.01768752,-0.00669885
6370.25,0.020468235,-0.006929955
6370.5,0.01507614,-0.006580635
6370.75,0.0187653,-0.006806415
6371,0.019548075,-0.00559551
6371.25,0.022830405,-0.00561894
6371.5,0.02547267,-0.007042845
6371.75,0.02919804,-0.006124815
6372,0.02398167,-0.00617913
6372.25,0.02643543,-0.00596613
6372.5,0.02392416,-0.005211045
6372.75,0.02593701,-0.005181225
6373,0.0228549,-0.0057723
6373.25,0.018468165,-0.0047286
6373.5,0.04057224,0.00273279
6373.75,0.04638927,0.00138237
6374,0.04596327,0.0016827
6374.25,0.03089778,-0.004446375
6374.5,0.043355085,0.002899995
6374.75,0.0467535,0.002755155
6375,0.03583938,-0.00254322
6375.25,0.02401575,-0.006295215
6375.5,0.024728235,-0.009087645
6375.75,0.02577513,-0.009074865
6376,0.026006235,-0.00907806
6376.25,0.025680345,-0.009886395
6376.5,0.020287185,-0.00595548
6376.75,0.02485923,-0.006797895
6377,0.013967475,-0.002584755
6377.25,0.01509744,-0.00333984
6377.5,0.01303773,-0.00269658
6377.75,0.008216475,-0.00132486
6378,0.008614785,-0.00316731
6378.25,0.00869466,-0.002454825
6378.5,0.008088675,-0.00254748
6378.75,0.004659375,-0.001181085
6379,0.007811775,-0.002335545
6379.25,0.00739749,-0.00141006
6379.5,0.006088605,-0.001074585
6379.75,0.006978945,-0.001551705
6380,0.00486918,-0.001066065
6380.25,0.00652419,-0.00186162
6380.5,0.006105645,-0.001739145
6380.75,0.00660087,-0.001670985
6381,0.006071565,-0.00225993
6381.25,0.005724375,-0.00270084
6381.5,0.00634953,-0.00149739
6381.75,0.0067734,-0.001259895
6382,0.006393195,-0.00129291
6382.25,0.00639,-0.00122049
6382.5,0.0057297,-0.00217899
6382.75,0.00589158,-0.002101245
6383,0.006067305,-0.00177642
6383.25,0.006271785,-0.002124675
6383.5,0.005860695,-0.00241968
6383.75,0.006817065,-0.001837125
6384,0.00710355,-0.00152934
6384.25,0.00710142,-0.00115233
6384.5,0.00656892,-0.000750825
6384.75,0.006137595,-0.00189783
6385,0.00646029,-0.002882955
6385.25,0.00576591,-0.0033867
6385.5,0.005879865,-0.00395967
6385.75,0.0063048,-0.003943695
6386,0.006567855,-0.00331641
6386.25,0.0070077,-0.002593275
6386.5,0.007021545,-0.002126805
6386.75,0.006674355,-0.001822215
6387,0.0066882,-0.00285207
6387.25,0.00704391,-0.003372855
6387.5,0.00645177,-0.00322908
6387.75,0.006640275,-0.003577335
6388,0.006073695,-0.00320778
6388.25,0.00629415,-0.00336966
6388.5,0.00603429,-0.00228975
6388.75,0.0070929,-0.00141645
6389,0.00759345,-0.00108843
6389.25,0.00689055,-0.001645425
6389.5,0.006895875,-0.002488905
6389.75,0.005988495,-0.00333345
6390,0.006177,-0.00308637
6390.25,0.00518868,-0.00213426
6390.5,0.00414924,-0.002020305
6390.75,0.00496716,-0.00151017
6391,0.00499272,-0.001098015
6391.25,0.004331355,-0.00043239
6391.5,0.02519151,-0.000767865
6391.75,0.04138377,-0.001845645
6392,0.04070856,-0.002295075
6392.25,0.04981644,-0.002897865
6392.5,0.0429621,-0.002275905
6392.75,0.059958435,-3.9405e-05
6393,0.062250315,0.00313536
6393.25,0.060953145,0.002931945
6393.5,0.06276897,0.00329937
6393.75,0.067984275,0.003777555
6394,0.070597785,0.002350455
6394.25,0.066361215,0.002482515
6394.5,0.063973485,0.00231318
6394.75,0.051370275,-0.000252405
6395,0.048388275,-0.00522276
6395.25,0.044650125,-0.004678545
6395.5,0.044581965,-0.004844685
6395.75,0.04587807,-0.004506015
6396,0.044775795,-0.0059214
6396.25,0.0449643,-0.006397455
6396.5,0.05496891,-0.00588306
6396.75,0.061080945,-0.006354855
6397,0.044652255,-0.00594696
6397.25,0.051540675,-0.005379315
6397.5,0.05087931,-0.004610385
6397.75,0.05341401,-0.00422166
6398,0.056878455,-0.00245589
6398.25,0.0719301,0.003213105
6398.5,0.072146295,0.002442045
6398.75,0.071660655,0.00279669
6399,0.088973295,0.00278817
6399.25,0.08234793,0.00244311
6399.5,0.07129323,0.0021726
6399.75,0.05972094,0.00120132
6400,0.058518555,0.001195995
6400.25,0.06430683,0.00309276
6400.5,0.040281495,0.002322765
6400.75,0.03636123,0.00218112
6401,0.027916845,0.002427135
6401.25,0.03622278,0.00303951
6401.5,0.03835065,0.003183285
6401.75,0.03458694,0.00435585
6402,0.027976485,0.00188079
6402.25,0.010878975,-0.002354715
6402.5,0.009245265,-0.002473995
6402.75,0.008616915,-0.002893605
6403,0.008966235,-0.002906385
6403.25,0.00885015,-0.00167205
6403.5,0.00544002,-0.00057936
6403.75,0.00588945,-0.000848805
6404,0.00831339,-0.001960665
6404.25,0.007145085,-0.002327025
6404.5,0.007232415,-0.00289893
6404.75,0.008895945,-0.00409599
6405,0.00846036,-0.004180125
6405.25,0.00822393,-0.004520925
6405.5,0.00739323,-0.002708295
6405.75,0.007922535,-0.001336575
6406,0.00631758,-0.000976605
6406.25,0.007858635,-0.00202776
6406.5,0.00697362,-0.002299335
6406.75,0.006363375,-0.003323865
6407,0.00686286,-0.0029394
6407.25,0.006910785,-0.002993715
6407.5,0.0065817,-0.00370194
6407.75,0.00657105,-0.003636975
6408,0.00809826,-0.002580495
6408.25,0.007920405,-0.0024282
6408.5,0.007029,-0.00176577
6408.75,0.00671589,-0.002165145
6409,0.006829845,-0.0032163
6409.25,0.006393195,-0.003230145
6409.5,0.008092935,-0.00280521
6409.75,0.007652025,-0.002882955
6410,0.00773829,-0.002806275
6410.25,0.00646455,-0.002802015
6410.5,0.008461425,-0.00264759
6410.75,0.0079449,-0.002561325
6411,0.00762114,-0.002689125
6411.25,0.00657105,-0.00383826
6411.5,0.00689907,-0.00407043
6411.75,0.00734424,-0.00399375
6412,0.00728034,-0.00420888
6412.25,0.00687564,-0.004195035
6412.5,0.00654762,-0.00347616
6412.75,0.00678405,-0.00220881
6413,0.007668,-0.00235152
6413.25,0.008493375,-0.002552805
6413.5,0.007692495,-0.004422945
6413.75,0.007732965,-0.003017145
6414,0.00717384,-0.002987325
6414.25,0.00661152,-0.0021726
6414.5,0.00625581,-0.00230253
6414.75,0.005364405,-0.002546415
6415,0.005196135,-0.00113316
6415.25,0.00493734,-0.001170435
6415.5,0.010374165,-0.00179559
6415.75,0.01195782,-0.00237708
6416,0.0120771,-0.00259647
6416.25,0.011134575,-0.002729595
6416.5,0.012676695,-0.003553905
6416.75,0.017594865,-0.003713655
6417,0.017077275,-0.00366573
6417.25,0.02608185,-0.00362952
6417.5,0.02389008,-0.00368277
6417.75,0.02757285,-0.004380345
6418,0.023948655,-0.00415989
6418.25,0.02423088,-0.003756255
6418.5,0.02151087,-0.00311832
6418.75,0.02670594,-0.003984165
6419,0.025886955,-0.00387021
6419.25,0.024329925,-0.005006565
6419.5,0.024402345,-0.00477333
6419.75,0.02525754,-0.004512405
6420,0.027671895,-0.00475416
6420.25,0.025407705,-0.005196135
6420.5,0.03057828,-0.003615675
6420.75,0.04475343,0.00365082
6421,0.036916095,0.00273492
6421.25,0.03734316,0.002207745
6421.5,0.04671729,0.002307855
6421.75,0.0288615,-0.003990555
6422,0.032549595,0.00036636
6422.25,0.044852475,0.003715785
6422.5,0.03945399,0.0027264
6422.75,0.0464766,0.003558165
6423,0.051551325,0.00248358
6423.25,0.04434021,0.00158472
6423.5,0.04266177,0.0015336
6423.75,0.0405126,0.00127161
6424,0.04756716,0.001283325
6424.25,0.04627425,0.00151443
6424.5,0.04476621,0.00139941
6424.75,0.04136886,0.00199581
6425,0.037853295,0.001496325
6425.25,0.03962013,0.002137455
6425.5,0.04085979,0.002114025
6425.75,0.038145105,0.001470765
6426,0.042522255,0.00190422
6426.25,0.03927081,0.002216265
6426.5,0.03187758,0.003210975
6426.75,0.021793095,0.002145975
6427,0.01436046,-0.002944725
6427.25,0.009788415,-0.001832865
6427.5,0.01007916,-0.002644395
6427.75,0.010444455,-0.002759415
6428,0.00974475,-0.004205685
6428.25,0.00946359,-0.00472221
6428.5,0.010374165,-0.00472434
6428.75,0.007023675,-0.004146045
6429,0.006983205,-0.00450495
6429.25,0.00756789,-0.002412225
6429.5,0.00798324,-0.00268806
6429.75,0.009338985,-0.00314388
6430,0.00804288,-0.001947885
6430.25,0.006653055,-0.00297348
6430.5,0.006957645,-0.002148105
6430.75,0.0067521,-0.00145905
6431,0.007681845,-0.00218964
6431.25,0.0068586,-0.00227697
6431.5,0.007779825,-0.002923425
6431.75,0.008186655,-0.00253683
6432,0.007560435,-0.00229401
6432.25,0.00718662,-0.00233022
6432.5,0.006440055,-0.003451665
6432.75,0.00676062,-0.00385743
6433,0.006540165,-0.00380205
6433.25,0.006989595,-0.00380631
6433.5,0.00698001,-0.00375732
6433.75,0.006510345,-0.00405552
6434,0.00740175,-0.00267315
6434.25,0.007862895,-0.002614575
6434.5,0.008063115,-0.00230253
6434.75,0.00782136,-0.002052255
6435,0.007899105,-0.002369625
6435.25,0.00689694,-0.00262629
6435.5,0.007573215,-0.002623095
6435.75,0.00682026,-0.003692355
6436,0.00675636,-0.003392025
6436.25,0.007040715,-0.00319713
6436.5,0.007513575,-0.00212361
6436.75,0.00731868,-0.002128935
6437,0.007366605,-0.002026695
6437.25,0.006540165,-0.003230145
6437.5,0.00754233,-0.00332706
6437.75,0.00719088,-0.003076785
6438,0.006985335,-0.003066135
6438.25,0.005705205,-0.00226206
6438.5,0.00548049,-0.002382405
6438.75,0.005639175,-0.001174695
6439,0.00502893,-0.001119315
6439.25,0.00649863,-0.0004473
6439.5,0.00715254,-0.000618765
6439.75,0.00963186,-0.001232205
6440,0.01189818,-0.00158685
6440.25,0.017428725,-0.00303525
6440.5,0.01375554,-0.0031524
6440.75,0.014346615,-0.00322908
6441,0.01529553,-0.00300969
6441.25,0.019842015,-0.003068265
6441.5,0.04249989,0.003839325
6441.75,0.04056372,0.00303525
6442,0.03046965,-0.00025134
6442.25,0.02273988,-0.00569349
6442.5,0.01770669,-0.004674285
6442.75,0.020921925,-0.00615783
6443,0.02190066,-0.00588732
6443.25,0.021109365,-0.00558486
6443.5,0.022259565,-0.00596826
6443.75,0.02226276,-0.00446661
6444,0.02263551,-0.004672155
6444.25,0.032423925,-0.000627285
6444.5,0.04913484,0.004229115
6444.75,0.042895005,0.003025665
6445,0.037250505,0.002128935
6445.25,0.0328446,0.00164436
6445.5,0.04284069,0.00254748
6445.75,0.04492383,0.00224928
6446,0.044688465,0.00242607
6446.25,0.040673415,0.0028329
6446.5,0.04337958,0.002959635
6446.75,0.03780324,0.00185949
6447,0.04588446,0.003078915
6447.25,0.042841755,0.002823315
6447.5,0.0410664,0.002774325
6447.75,0.039518955,0.0023004
6448,0.042929085,0.002265255
6448.25,0.04462563,0.00241755
6448.5,0.04195674,0.00141858
6448.75,0.030858375,0.00084774
6449,0.038775585,3.621e-05
6449.25,0.013172985,-0.003417585
6449.5,0.01229649,-0.00296283
6449.75,0.01044978,-0.00255387
6450,0.01011324,-0.002776455
6450.25,0.006927825,-0.002857395
6450.5,0.00654549,-0.002346195
6450.75,0.00904185,-0.002929815
6451,0.00868188,-0.00251127
6451.25,0.008706375,-0.002309985
6451.5,0.006457095,-0.00083283
6451.75,0.010823595,-0.00116298
6452,0.010900275,-0.00134616
6452.25,0.009622275,-0.001330185
6452.5,0.00812169,-0.00158685
6452.75,0.009234615,-0.00407682
6453,0.009051435,-0.00440058
6453.25,0.00825162,-0.00406404
6453.5,0.009660615,-0.00471795
6453.75,0.00900138,-0.00497142
6454,0.009534945,-0.00377436
6454.25,0.00994071,-0.002731725
6454.5,0.00810678,-0.00168909
6454.75,0.00908232,-0.001745535
6455,0.00858603,-0.00218538
6455.25,0.008561535,-0.003238665
6455.5,0.00961695,-0.003920265
6455.75,0.00893109,-0.00293088
6456,0.00958713,-0.00283716
6456.25,0.00995562,-0.00300756
6456.5,0.0090525,-0.002620965
6456.75,0.0088395,-0.002716815
6457,0.00914196,-0.002880825
6457.25,0.009585,-0.002748765
6457.5,0.00958287,-0.00358905
6457.75,0.00865419,-0.004797825
6458,0.00897795,-0.005049165
6458.25,0.009032265,-0.00565941
6458.5,0.0093507,-0.004785045
6458.75,0.00961269,-0.004390995
6459,0.009741555,-0.00395328
6459.25,0.010271925,-0.00283929
6459.5,0.00990663,-0.0029181
6459.75,0.010448715,-0.002073555
6460,0.010634025,-0.00244737
6460.25,0.009835275,-0.003345165
6460.5,0.00934218,-0.003228015
6460.75,0.00916326,-0.00412368
6461,0.00944016,-0.004586955
6461.25,0.009417795,-0.004452765
6461.5,0.008998185,-0.003594375
6461.75,0.010269795,-0.002816925
6462,0.009647835,-0.002329155
6462.25,0.007856505,-0.001724235
6462.5,0.00696936,-0.00292449
6462.75,0.005950155,-0.00310767
6463,0.006399585,-0.002769
6463.25,0.006655185,-0.00235152
6463.5,0.006785115,-0.002382405
6463.75,0.006399585,-0.002425005
6464,0.005579535,-0.00110973
6464.25,0.006849015,-0.00070716
6464.5,0.005896905,-0.000459015
6464.75,0.00682239,-0.00078171
6465,0.005830875,-0.00125457
6465.25,0.005686035,-0.00198729
6465.5,0.006774465,-0.00238134
6465.75,0.0073485,-0.00248358
6466,0.00734637,-0.00231744
6466.25,0.006506085,-0.00250062
6466.5,0.00465618,-0.00132486
6466.75,0.00666264,-0.001068195
6467,0.00595761,-0.000997905
6467.25,0.00704178,-0.00103305
6467.5,0.00740601,-0.00131208
6467.75,0.00722922,-0.001834995
6468,0.007607295,-0.00138237
6468.25,0.007515705,-0.001379175
6468.5,0.007253715,-0.00162519
6468.75,0.0064326,-0.001981965
6469,0.00522915,-0.001587915
6469.25,0.006037485,-0.0012993
6469.5,0.006269655,-0.001462245
6469.75,0.006998115,-0.001438815
6470,0.007183425,-0.001396215
6470.25,0.006099255,-0.001796655
6470.5,0.007877805,-0.00233022
6470.75,0.00836025,-0.002145975
6471,0.00803649,-0.002201355
6471.25,0.00772764,-0.00221733
6471.5,0.007057755,-0.002084205
6471.75,0.00751464,-0.00123114
6472,0.007739355,-0.000929745
6472.25,0.01020909,-0.001387695
6472.5,0.01236678,-0.00128226
6472.75,0.012031305,-0.001619865
6473,0.008199435,-0.002177925
6473.25,0.009430575,-0.00318648
6473.5,0.01049451,-0.003377115
6473.75,0.00983421,-0.00341652
6474,0.01031133,-0.004177995
6474.25,0.0179559,-0.005153535
6474.5,0.016329645,-0.00373176
6474.75,0.01346586,-0.002923425
6475,0.01191522,-0.002929815
6475.25,0.01266924,-0.00295857
6475.5,0.01007277,-0.00303525
6475.75,0.01128474,-0.004265325
6476,0.011379525,-0.00459015
6476.25,0.009803325,-0.00388086
6476.5,0.011362485,-0.003605025
6476.75,0.0127587,-0.00298626
6477,0.01351059,-0.002339805
6477.25,0.012005745,-0.00233022
6477.5,0.010218675,-0.003511305
6477.75,0.010795905,-0.003834
6478,0.009801195,-0.003971385
6478.25,0.00879051,-0.00423231
6478.5,0.00781284,-0.00348042
6478.75,0.00846888,-0.003849975
6479,0.00913983,-0.003336645
6479.25,0.007773435,-0.003134295
6479.5,0.00893535,-0.002842485
6479.75,0.00840072,-0.00250062
6480,0.008371965,-0.00231531
6480.25,0.00820689,-0.002231175
6480.5,0.00942951,-0.001464375
6480.75,0.00947637,-0.002961765
6481,0.008129145,-0.0029607
6481.25,0.00762327,-0.00404061
6481.5,0.00921651,-0.00468174
6481.75,0.0087756,-0.004158825
6482,0.00826653,-0.003975645
6482.25,0.010582905,-0.0028329
6482.5,0.00997479,-0.002667825
6482.75,0.008898075,-0.002838225
6483,0.009690435,-0.002865915
6483.25,0.008774535,-0.003249315
6483.5,0.009228225,-0.004497495
6483.75,0.00923142,-0.004473
6484,0.00788526,-0.004367565
6484.25,0.00833256,-0.003545385
6484.5,0.00862224,-0.00288828
6484.75,0.01108452,-0.002540025
6485,0.0117789,-0.00189357
6485.25,0.010173945,-0.002454825
6485.5,0.011138835,-0.003130035
6485.75,0.012041955,-0.003408
6486,0.009952425,-0.00415137
6486.25,0.009326205,-0.004235505
6486.5,0.00855834,-0.004056585
6486.75,0.007600905,-0.00375306
6487,0.00702474,-0.003536865
6487.25,0.005920335,-0.00287337
6487.5,0.005585925,-0.002003265
6487.75,0.005581665,-0.0019596
6488,0.003317475,-0.001824345
6488.25,0.007590255,-0.002725335
6488.5,0.0066456,-0.003847845
6488.75,0.008842695,-0.003357945
6489,0.008037555,-0.00354219
6489.25,0.00784266,-0.003671055
6489.5,0.00839433,-0.004035285
6489.75,0.00838368,-0.004582695
6490,0.008738325,-0.003240795
6490.25,0.008231385,-0.002804145
6490.5,0.005988495,-0.00244311
6490.75,0.00650289,-0.002128935
6491,0.00741666,-0.00241968
6491.25,0.007023675,-0.00328446
6491.5,0.00811104,-0.004207815
6491.75,0.00849231,-0.004203555
6492,0.007796865,-0.00400653
6492.25,0.00750399,-0.00411729
6492.5,0.00709503,-0.00370194
6492.75,0.00874578,-0.001811565
6493,0.00655188,-0.00182115
6493.25,0.00831126,-0.001824345
6493.5,0.008088675,-0.002522985
6493.75,0.00934218,-0.00312258
6494,0.0071994,-0.00423444
6494.25,0.007928925,-0.00426
6494.5,0.00701196,-0.0040683
6494.75,0.007375125,-0.00444318
6495,0.0073059,-0.00441336
6495.25,0.00850935,-0.003741345
6495.5,0.00734424,-0.002851005
6495.75,0.006572115,-0.0029607
6496,0.006919305,-0.00300756
6496.25,0.008474205,-0.00329298
6496.5,0.007722315,-0.003392025
6496.75,0.00768504,-0.003822285
6497,0.01009194,-0.00322482
6497.25,0.00767226,-0.002410095
6497.5,0.006955515,-0.002096985
6497.75,0.00730803,-0.001854165
6498,0.006765945,-0.001462245
6498.25,0.007260105,-0.00160176
6498.5,0.00706095,-0.001298235
6498.75,0.007236675,-0.001543185
6499,0.00837729,-0.00290532
6499.25,0.008397525,-0.00355497
6499.5,0.009466785,-0.003545385
6499.75,0.00847527,-0.003095955
6500,0.009999285,-0.003841455
6500.25,0.007381515,-0.00384465
6500.5,0.00858177,-0.002914905
6500.75,0.00784053,-0.001956405
6501,0.00938052,-0.002882955
6501.25,0.01056267,-0.002316375
6501.5,0.0095211,-0.00350385
6501.75,0.01036245,-0.00395328
6502,0.007988565,-0.00361248
6502.25,0.00779154,-0.00394902
6502.5,0.008095065,-0.00382122
6502.75,0.008101455,-0.00415776
6503,0.00994497,-0.002936205
6503.25,0.00968937,-0.00265824
6503.5,0.0093294,-0.002997975
6503.75,0.009596715,-0.003543255
6504,0.00812382,-0.00478824
6504.25,0.008282505,-0.005185485
6504.5,0.007977915,-0.00510774
6504.75,0.007860765,-0.00540168
6505,0.00859668,-0.00480102
6505.25,0.009645705,-0.004380345
6505.5,0.008738325,-0.00334197
6505.75,0.00897156,-0.00262416
6506,0.010636155,-0.002050125
6506.25,0.009769245,-0.003002235
6506.5,0.009892785,-0.00387021
6506.75,0.008318715,-0.004520925
6507,0.008778795,-0.005019345
6507.25,0.008597745,-0.005162055
6507.5,0.007901235,-0.00488835
6507.75,0.009251655,-0.004050195
6508,0.00807696,-0.003121515
6508.25,0.008915115,-0.003093825
6508.5,0.00841989,-0.002966025
6508.75,0.008094,-0.004491105
6509,0.00767652,-0.00445809
6509.25,0.008457165,-0.00388938
6509.5,0.00830913,-0.00426852
6509.75,0.00736128,-0.00429834
6510,0.0079662,-0.00420036
6510.25,0.00737832,-0.002369625
6510.5,0.00828783,-0.00114807
6510.75,0.007628595,-0.0008094
6511,0.00977883,-0.00220668
6511.25,0.01321239,-0.00455181
6511.5,0.013869495,-0.00492456
6511.75,0.01123149,-0.004640205
6512,0.016342425,-0.004258935
6512.25,0.029175675,-0.00479037
6512.5,0.033097005,-0.00461358
6512.75,0.030949965,-0.00466044
6513,0.03215661,-0.00499485
6513.25,0.032170455,-0.004599735
6513.5,0.042006795,-0.00599382
6513.75,0.03706413,-0.006506085
6514,0.03517269,-0.006601935
6514.25,0.040147305,-0.0059853
6514.5,0.036551865,-0.00571905
6514.75,0.035774415,-0.0049416
6515,0.040615905,-0.00490326
6515.25,0.041344365,-0.00462849
6515.5,0.04300044,-0.004989525
6515.75,0.046824855,-0.006150375
6516,0.04508784,-0.005933115
6516.25,0.04379706,-0.005888385
6516.5,0.04517304,-0.007204725
6516.75,0.045073995,-0.00668181
6517,0.040136655,-0.00629415
6517.25,0.041142015,-0.005869215
6517.5,0.039923655,-0.00477546
6517.75,0.039269745,-0.00167205
6518,0.043540395,-0.004199295
6518.25,0.044637345,-0.004001205
6518.5,0.044777925,-0.004188645
6518.75,0.04579074,-0.003935175
6519,0.045674655,-0.00493734
6519.25,0.048202965,-0.006878835
6519.5,0.04294719,-0.00691398
6519.75,0.040000335,-0.00602364
6520,0.041071725,-0.004923495
6520.25,0.030779565,-0.00381057
6520.5,0.02488692,-0.004484715
6520.75,0.03026304,-0.004203555
6521,0.024919935,-0.003773295
6521.25,0.021957105,-0.004371825
6521.5,0.01807518,-0.00292449
6521.75,0.022357545,-0.00350598
6522,0.0187653,-0.00287337
6522.25,0.018830265,-0.002527245
6522.5,0.01693563,-0.00156129
6522.75,0.01552344,-0.00185097
6523,0.019637535,-0.003036315
6523.25,0.01821363,-0.004610385
6523.5,0.021465075,-0.00635592
6523.75,0.014086755,-0.005366535
6524,0.010885365,-0.004520925
6524.25,0.011285805,-0.00389577
6524.5,0.012254955,-0.00330576
6524.75,0.01292271,-0.003208845
6525,0.01106109,-0.00495864
6525.25,0.00857325,-0.00330363
6525.5,0.01250097,-0.00320352
6525.75,0.011660685,-0.00297135
6526,0.012749115,-0.00184671
6526.25,0.013281615,-0.00156768
6526.5,0.01177677,-0.001166175
6526.75,0.01227732,-0.001639035
6527,0.011215515,-0.00263268
6527.25,0.00939969,-0.00341652
6527.5,0.012389145,-0.00417267
6527.75,0.011645775,-0.003971385
6528,0.012365715,-0.00284142
6528.25,0.012478605,-0.00306933
6528.5,0.010497705,-0.004650855
6528.75,0.01081614,-0.004446375
6529,0.010989735,-0.00463701
6529.25,0.010774605,-0.00476481
6529.5,0.012849225,-0.004261065
6529.75,0.01364478,-0.00350811
6530,0.01161276,-0.0030033
6530.25,0.012044085,-0.00421314
6530.5,0.01177251,-0.003466575
6530.75,0.01167666,-0.00326103
6531,0.01315062,-0.00331854
6531.25,0.01337427,-0.00212361
6531.5,0.01206432,-0.002620965
6531.75,0.012348675,-0.003583725
6532,0.010981215,-0.00416841
6532.25,0.011526495,-0.003947955
6532.5,0.00998331,-0.003585855
6532.75,0.0106287,-0.0034719
6533,0.0150591,-0.002603925
6533.25,0.014732145,-0.00261351
6533.5,0.013260315,-0.003807375
6533.75,0.013801335,-0.00387873
6534,0.012663915,-0.003547515
6534.25,0.012661785,-0.00325677
6534.5,0.013958955,-0.00234726
6534.75,0.01070325,-0.00169548
6535,0.01154034,-0.00201924
6535.25,0.013277355,-0.00199581
6535.5,0.01131456,-0.001666725
6535.75,0.01655862,-0.00144201
6536,0.016397805,-0.00387021
6536.25,0.019462875,-0.003513435
6536.5,0.02195604,-0.004043805
6536.75,0.025897605,-0.006880965
6537,0.030191685,-0.00909297
6537.25,0.0277326,-0.004218465
6537.5,0.027118095,-0.005208915
6537.75,0.03427596,-0.00250275
6538,0.03246333,-0.004043805
6538.25,0.029154375,-0.00387234
6538.5,0.02238843,-0.0029607
6538.75,0.026336385,-0.003581595
6539,0.033697665,-0.00448791
6539.25,0.032839275,-0.004725405
6539.5,0.035252565,-0.005430435
6539.75,0.03057828,-0.006403845
6540,0.027691065,-0.007159995
6540.25,0.029720955,-0.009615885
6540.5,0.02597109,-0.00724413
6540.75,0.02936205,-0.00975753
6541,0.022988025,-0.00724839
6541.25,0.024082845,-0.008056725
6541.5,0.02780289,-0.006086475
6541.75,0.02581773,-0.0053463
6542,0.029859405,-0.006043875
6542.25,0.0321417,-0.004744575
6542.5,0.02873583,-0.00679683
6542.75,0.0258795,-0.00833682
6543,0.031965975,-0.007634985
6543.25,0.02748978,-0.00571479
6543.5,0.0256665,-0.007294185
6543.75,0.02508714,-0.007281405
6544,0.0266889,-0.00894813
6544.25,0.025850745,-0.009954555
6544.5,0.02430969,-0.008559405
6544.75,0.022866615,-0.00845184
6545,0.02593062,-0.007943835
6545.25,0.04508145,0.00458589
6545.5,0.044763015,0.004229115
6545.75,0.041386965,-0.0002769
6546,0.016404195,-0.005805315
6546.25,0.0122262,-0.00465405
6546.5,0.011901375,-0.004041675
6546.75,0.01163832,-0.002733855
6547,0.00925059,-0.001869075
6547.25,0.0083283,-0.00120345
6547.5,0.009162195,-0.00171039
6547.75,0.008785185,-0.00185523
6548,0.00915687,-0.002094855
6548.25,0.00944868,-0.002297205
6548.5,0.00789165,-0.001747665
6548.75,0.006572115,-0.001449465
6549,0.00721431,-0.002544285
6549.25,0.005905425,-0.001826475
6549.5,0.00861585,-0.00320778
6549.75,0.006859665,-0.0032376
6550,0.008529585,-0.002152365
6550.25,0.008504025,-0.00219177
6550.5,0.00820689,-0.00293514
6550.75,0.008073765,-0.00372963
6551,0.00808974,-0.00345486
6551.25,0.008840565,-0.00248145
6551.5,0.00927615,-0.002047995
6551.75,0.010033365,-0.001204515
6552,0.008787315,-0.00179985
6552.25,0.008267595,-0.00328233
6552.5,0.00791082,-0.00321204
6552.75,0.00798111,-0.00224715
6553,0.008480595,-0.002290815
6553.25,0.009032265,-0.001460115
6553.5,0.00940182,-0.002145975
6553.75,0.009356025,-0.002418615
6554,0.007645635,-0.0025134
6554.25,0.008354925,-0.002982
6554.5,0.008403915,-0.002865915
6554.75,0.009147285,-0.001553835
6555,0.00836877,-0.00155916
6555.25,0.00859242,-0.002224785
6555.5,0.009021615,-0.001881855
6555.75,0.008957715,-0.001896765
6556,0.00776598,-0.00172317
6556.25,0.008895945,-0.001457985
6556.5,0.00729099,-0.00154851
6556.75,0.007315485,-0.002188575
6557,0.007498665,-0.00264333
6557.25,0.00756576,-0.00218538
6557.5,0.007558305,-0.00221733
6557.75,0.007903365,-0.00165075
6558,0.008763885,-0.001253505
6558.25,0.007345305,-0.00116511
6558.5,0.007515705,-0.00212787
6558.75,0.00635379,-0.002297205
6559,0.004955445,-0.002086335
6559.25,0.005739285,-0.00174873
6559.5,0.013047315,-0.00161028
6559.75,0.00952749,-0.00138876
6560,0.01606659,-0.00119706
6560.25,0.013524435,-0.000953175
6560.5,0.02268237,-0.00318009
6560.75,0.023362905,-0.002712555
6561,0.024432165,-0.00412581
6561.25,0.022583325,-0.003924525
6561.5,0.03071886,-0.005837265
6561.75,0.029650665,-0.00162093
6562,0.027026505,-0.003628455
6562.25,0.02992863,-0.00427704
6562.5,0.01905498,-0.004373955
6562.75,0.02403279,-0.0002556
6563,0.023558865,-0.00157194
6563.25,0.020025195,-0.003325995
6563.5,0.022161585,-0.00354006
6563.75,0.025399185,-0.00400653
6564,0.02928537,-0.00349533
6564.25,0.02821398,-0.003125775
6564.5,0.03140472,-0.004446375
6564.75,0.026513175,-0.00580638
6565,0.032315295,0.000478185
6565.25,0.033437805,-0.00109056
6565.5,0.025978545,-0.00369342
6565.75,0.0291597,-0.004780785
6566,0.0326316,-0.00192978
6566.25,0.074504205,-0.00179346
6566.5,0.031439865,-0.00578934
6566.75,0.02851005,-0.00392133
6567,0.02676984,-0.004976745
6567.25,0.03367956,-0.00015975
6567.5,0.02299122,-0.005637045
6567.75,0.02555574,-0.003455925
6568,0.03196278,-0.00083283
6568.25,0.03305547,-0.00101601
6568.5,0.033970305,0.00162093
6568.75,0.033214155,0.00168057
6569,0.02939187,0.00099471
6569.25,0.031079895,0.001210905
6569.5,0.017107095,-0.003739215
6569.75,0.016178415,-0.00360396
6570,0.014542575,-0.004069365
6570.25,0.01642656,-0.00328233
6570.5,0.01238382,-0.002331285
6570.75,0.012938685,-0.002384535
6571,0.011140965,-0.00177642
6571.25,0.01171074,-0.00225141
6571.5,0.00988533,-0.003255705
6571.75,0.010303875,-0.003057615
6572,0.00956583,-0.00277326
6572.25,0.006776595,-0.001123575
6572.5,0.01307607,-0.002444175
6572.75,0.01243494,-0.00378501
6573,0.01000248,-0.00492456
6573.25,0.01280769,-0.005264295
6573.5,0.012827925,-0.00466896
6573.75,0.01304199,-0.00495651
6574,0.013136775,-0.00516525
6574.25,0.01342752,-0.005764845
6574.5,0.013873755,-0.005208915
6574.75,0.01255848,-0.00587667
6575,0.013155945,-0.006452835
6575.25,0.013488225,-0.004559265
6575.5,0.011066415,-0.004427205
6575.75,0.010712835,-0.00397671
6576,0.009973725,-0.00452838
6576.25,0.009117465,-0.00380418
6576.5,0.008235645,-0.003046965
6576.75,0.009624405,-0.00285633
6577,0.00817068,-0.003566685
6577.25,0.00802797,-0.004753095
6577.5,0.00819198,-0.00533778
6577.75,0.00922077,-0.004640205
6578,0.009045045,-0.00410664
6578.25,0.01015584,-0.003713655
6578.5,0.00916965,-0.003438885
6578.75,0.00971706,-0.00361461
6579,0.009413535,-0.003536865
6579.25,0.01020483,-0.00344421
6579.5,0.00861798,-0.00354219
6579.75,0.008467815,-0.00323973
6580,0.008789445,-0.003349425
6580.25,0.009370935,-0.003019275
6580.5,0.009522165,-0.002806275
6580.75,0.00885867,-0.00218325
6581,0.00966168,-0.002165145
6581.25,0.00901629,-0.00306933
6581.5,0.009260175,-0.00375306
6581.75,0.008968365,-0.003172635
6582,0.009681915,-0.0032589
6582.25,0.008584965,-0.002586885
6582.5,0.008629695,-0.00247932
6582.75,0.00713763,-0.002141715
6583,0.012007875,-0.002003265
6583.25,0.024694155,-0.0017253
6583.5,0.029642145,-0.001764705
6583.75,0.02554935,-0.001566615
6584,0.024683505,-0.00155916
6584.25,0.0248358,-0.00203841
6584.5,0.02635875,-0.00228762
6584.75,0.02927472,-0.00276474
6585,0.02811813,-0.00325251
6585.25,0.030319485,-0.002697645
6585.5,0.03170079,-0.00368064
6585.75,0.032532555,-0.00353793
6586,0.032924475,-0.00371472
6586.25,0.035250435,-0.00341013
6586.5,0.03393516,-0.001830735
6586.75,0.031910595,-0.003703005
6587,0.031597485,-0.004491105
6587.25,0.036600855,-0.0047286
6587.5,0.03960522,-0.005387835
6587.75,0.04173948,-0.006097125
6588,0.042673485,-0.00708438
6588.25,0.04218678,-0.00679044
6588.5,0.0426213,-0.006976815
6588.75,0.041440215,-0.006878835
6589,0.03046965,-0.00547836
6589.25,0.0322482,-0.004733925
6589.5,0.037612605,-0.004791435
6589.75,0.047604435,0.000148035
6590,0.041444475,-0.00470943
6590.25,0.04506015,-0.005407005
6590.5,0.041346495,-0.00435585
6590.75,0.040926885,-0.00456885
6591,0.030383385,-0.004286625
6591.25,0.02186871,-0.00477333
6591.5,0.0241755,-0.002748765
6591.75,0.019386195,-0.004252545
6592,0.028012695,0.00028329
6592.25,0.033441,0.002160885
6592.5,0.01868223,-0.00219816
6592.75,0.02194752,-0.003217365
6593,0.01919556,-0.00266676
6593.25,0.02103162,-0.002425005
6593.5,0.016086825,-0.00122475
6593.75,0.01887393,-0.003093825
6594,0.014487195,-0.00290106
6594.25,0.014889765,-0.00262629
6594.5,0.01334445,-0.002627355
6594.75,0.01407078,-0.002163015
6595,0.016657665,-0.002829705
6595.25,0.013251795,-0.002648655
6595.5,0.009200535,-0.002712555
6595.75,0.00900138,-0.002599665
6596,0.0079023,-0.002968155
6596.25,0.008222865,-0.003204585
6596.5,0.008699985,-0.00283077
6596.75,0.00925911,-0.002582625
6597,0.00930171,-0.0027903
6597.25,0.010229325,-0.003130035
6597.5,0.00978948,-0.00342504
6597.75,0.00949767,-0.004627425
6598,0.008695725,-0.003370725
6598.25,0.008133405,-0.003513435
6598.5,0.00807909,-0.004054455
6598.75,0.007845855,-0.00478398
6599,0.007828815,-0.005106675
6599.25,0.00747204,-0.005445345
6599.5,0.008857605,-0.00581277
6599.75,0.00829848,-0.00669246
6600,0.007728705,-0.005607225
6600.25,0.007713795,-0.00466044
6600.5,0.00769356,-0.003879795
6600.75,0.008114235,-0.003683835
6601,0.00793425,-0.00280734
6601.25,0.00774468,-0.002784975
6601.5,0.007865025,-0.003406935
6601.75,0.008947065,-0.004437855
6602,0.00883311,-0.00453264
6602.25,0.00923994,-0.00440058
6602.5,0.010073835,-0.003483615
6602.75,0.01083957,-0.003707265
6603,0.009777765,-0.003170505
6603.25,0.00912279,-0.003170505
6603.5,0.00837942,-0.00320352
6603.75,0.008092935,-0.00346338
6604,0.007379385,-0.003238665
6604.25,0.00770421,-0.003046965
6604.5,0.007683975,-0.00238134
6604.75,0.008075895,-0.002339805
6605,0.00807057,-0.002350455
6605.25,0.00862224,-0.00237069
6605.5,0.0081366,-0.00346338
6605.75,0.00808548,-0.003142815
6606,0.00796407,-0.00295431
6606.25,0.007577475,-0.00250914
6606.5,0.006567855,-0.00244098
6606.75,0.006763815,-0.00237282
6607,0.006861795,-0.00230253
6607.25,0.015290205,-0.00434733
6607.5,0.0150804,-0.00458802
6607.75,0.0216408,-0.004084275
6608,0.016154985,-0.002746635
6608.25,0.019831365,-0.00342291
6608.5,0.01811991,-0.004062975
6608.75,0.02528736,-0.00657318
6609,0.02086335,-0.006936345
6609.25,0.026983905,-0.00725052
6609.5,0.026036055,-0.009362415
6609.75,0.02797329,-0.009059955
6610,0.03194148,-0.00785331
6610.25,0.03410982,-0.00757641
6610.5,0.024794265,-0.00649011
6610.75,0.023465145,-0.00550179
6611,0.027156435,-0.006667965
6611.25,0.026745345,-0.00699705
6611.5,0.023484315,-0.0072207
6611.75,0.020448,-0.007713795
6612,0.02574744,-0.00683091
6612.25,0.025088205,-0.00748269
6612.5,0.023418285,-0.008561535
6612.75,0.028266165,-0.0094998
6613,0.02481024,-0.009867225
6613.25,0.023379945,-0.009198405
6613.5,0.025708035,-0.00899286
6613.75,0.031793445,-0.008035425
6614,0.03231423,-0.007068405
6614.25,0.030958485,-0.008629695
6614.5,0.02486349,-0.00791508
6614.75,0.02390925,-0.009643575
6615,0.022700475,-0.009170715
6615.25,0.023569515,-0.00982782
6615.5,0.02393481,-0.008787315
6615.75,0.0286272,-0.008399655
6616,0.020596035,-0.00662004
6616.25,0.017369085,-0.00629415
6616.5,0.014504235,-0.00583194
6616.75,0.011773575,-0.004065105
6617,0.013532955,-0.00460719
6617.25,0.01585359,-0.005191875
6617.5,0.015831225,-0.00538464
6617.75,0.01433703,-0.00450282
6618,0.013997295,-0.004978875
6618.25,0.014800305,-0.005515635
6618.5,0.014001555,-0.00494799
6618.75,0.013931265,-0.004047
6619,0.01105896,-0.003055485
6619.25,0.00849018,-0.002744505
6619.5,0.00655401,-0.001394085
6619.75,0.009639315,-0.002868045
6620,0.010190985,-0.002953245
6620.25,0.009541335,-0.00287763
6620.5,0.009123855,-0.00336966
6620.75,0.00849018,-0.003737085
6621,0.0086478,-0.004378215
6621.25,0.00864354,-0.004303665
6621.5,0.008827785,-0.00473925
6621.75,0.008523195,-0.00471582
6622,0.008521065,-0.005174835
6622.25,0.00861585,-0.00527601
6622.5,0.008276115,-0.006410235
6622.75,0.007592385,-0.006472005
6623,0.008054595,-0.00596613
6623.25,0.007956615,-0.005781885
6623.5,0.007326135,-0.00299478
6623.75,0.007115265,-0.00277539
6624,0.007637115,-0.003119385
6624.25,0.00764244,-0.0038127
6624.5,0.006457095,-0.003871275
6624.75,0.006465615,-0.00458802
6625,0.00616635,-0.004893675
6625.25,0.00592779,-0.005206785
6625.5,0.00646029,-0.00598317
6625.75,0.006680745,-0.00520572
6626,0.007172775,-0.003960735
6626.25,0.007424115,-0.00408321
6626.5,0.00709716,-0.003945825
6626.75,0.00680322,-0.004054455
6627,0.006448575,-0.004199295
6627.25,0.007603035,-0.00374028
6627.5,0.007649895,-0.003287655
6627.75,0.007341045,-0.00306294
6628,0.006851145,-0.003308955
6628.25,0.006297345,-0.003986295
6628.5,0.00613014,-0.00375519
6628.75,0.006090735,-0.003875535
6629,0.006627495,-0.004273845
6629.25,0.00640491,-0.004101315
6629.5,0.00621747,-0.003967125
6629.75,0.00661152,-0.00395541
6630,0.00614079,-0.00393411
6630.25,0.005426175,-0.00365295
6630.5,0.004746705,-0.003381375
6630.75,0.00584898,-0.002480385
6631,0.00610458,-0.002186445
6631.25,0.005309025,-0.00139302
6631.5,0.005811705,-0.001445205
6631.75,0.00597252,-0.001834995
6632,0.0058788,-0.001724235
6632.25,0.007943835,-0.002744505
6632.5,0.00872448,-0.0029181
6632.75,0.008757495,-0.00337605
6633,0.010231455,-0.003807375
6633.25,0.01080975,-0.00382974
6633.5,0.01168944,-0.003430365
6633.75,0.01022187,-0.00309702
6634,0.005937375,-0.0031098
6634.25,0.00620469,-0.00319074
6634.5,0.00406404,-0.002906385
6634.75,0.0048777,-0.00283503
6635,0.005413395,-0.00208527
6635.25,0.0061344,-0.00192126
6635.5,0.00947637,-0.00239412
6635.75,0.012710775,-0.002661435
6636,0.009221835,-0.00223224
6636.25,0.00659235,-0.002648655
6636.5,0.00382761,-0.00108843
6636.75,0.005375055,-0.00203841
6637,0.004755225,-0.002418615
6637.25,0.00413646,-0.002410095
6637.5,0.00477546,-0.002501685
6637.75,0.00559125,-0.002518725
6638,0.00520572,-0.00238986
6638.25,0.0065817,-0.00150804
6638.5,0.0084987,-0.001430295
6638.75,0.006188715,-0.00133977
6639,0.0064539,-0.001244985
6639.25,0.006220665,-0.00098193
6639.5,0.004616775,-0.00118854
6639.75,0.003722175,-0.001198125
6640,0.004120485,-0.0010224
6640.25,0.00448578,-0.001330185
6640.5,0.00375093,-0.001153395
6640.75,0.004367565,-0.001147005
6641,0.00565302,-0.00160389
6641.25,0.00710994,-0.00251766
6641.5,0.007027935,-0.003343035
6641.75,0.00737619,-0.00440697
6642,0.01302708,-0.005481555
6642.25,0.01407504,-0.0051759
6642.5,0.011096235,-0.00455181
6642.75,0.00812808,-0.00374454
6643,0.009741555,-0.003117255
6643.25,0.010288965,-0.003232275
6643.5,0.00810891,-0.003639105
6643.75,0.006706305,-0.003771165
6644,0.008993925,-0.006022575
6644.25,0.007051365,-0.005191875
6644.5,0.008395395,-0.006972555
6644.75,0.00844332,-0.00620256
6645,0.00962121,-0.006876705
6645.25,0.00868188,-0.006991725
6645.5,0.00939117,-0.00811317
6645.75,0.00946146,-0.008912985
6646,0.008591355,-0.008932155
6646.25,0.007909755,-0.00311619
6646.5,0.00733146,-0.002018175
6646.75,0.008014125,-0.001653945
6647,0.00756576,-0.00203415
6647.25,0.00780858,-0.002546415
6647.5,0.00835386,-0.003053355
6647.75,0.0077106,-0.00294153
6648,0.00729312,-0.00263694
6648.25,0.007355955,-0.00260499
6648.5,0.007062015,-0.00262629
6648.75,0.007049235,-0.002793495
6649,0.007074795,-0.00304377
6649.25,0.007828815,-0.003002235
6649.5,0.00833469,-0.00268167
6649.75,0.008335755,-0.00284994
6650,0.007958745,-0.00266889
6650.25,0.007916145,-0.002437785
6650.5,0.00757215,-0.003419715
6650.75,0.007047105,-0.003507045
6651,0.007206855,-0.0030885
6651.25,0.00697788,-0.00338457
6651.5,0.0074763,-0.003353685
6651.75,0.00732081,-0.00358266
6652,0.006578505,-0.00354858
6652.25,0.00650715,-0.003430365
6652.5,0.006374025,-0.003296175
6652.75,0.006371895,-0.00348894
6653,0.00695232,-0.003590115
6653.25,0.007064145,-0.00356775
6653.5,0.007247325,-0.003262095
6653.75,0.00754872,-0.002620965
6654,0.00780432,-0.00265185
6654.25,0.00571479,-0.002450565
6654.5,0.00495438,-0.003434625
6654.75,0.00466896,-0.00491391
6655,0.00462423,-0.005074725
6655.25,0.00455181,-0.004889415
6655.5,0.004859595,-0.00519081
6655.75,0.004699845,-0.00492669
6656,0.0033867,-0.002678475
6656.25,0.00334197,-0.00266889
6656.5,0.00338457,-0.002838225
6656.75,0.004073625,-0.003155595
6657,0.004518795,-0.003221625
6657.25,0.00529518,-0.00366147
6657.5,0.007986435,-0.003724305
6657.75,0.009498735,-0.003193935
6658,0.009025875,-0.00240903
6658.25,0.007873545,-0.00231957
6658.5,0.00541446,-0.002373885
6658.75,0.00683304,-0.003017145
6659,0.005654085,-0.00228123
6659.25,0.00543363,-0.002116155
6659.5,0.006531645,-0.00272853
6659.75,0.006480525,-0.00274983
6660,0.00642195,-0.0036423
6660.25,0.0059214,-0.003389895
6660.5,0.005358015,-0.00322482
6660.75,0.005930985,-0.00305442
6661,0.004797825,-0.002563455
6661.25,0.00575313,-0.002101245
6661.5,0.00637935,-0.002469735
6661.75,0.00644964,-0.00254535
6662,0.00601938,-0.00291171
6662.25,0.006256875,-0.003132165
6662.5,0.00598956,-0.00323973
6662.75,0.006154635,-0.00308211
6663,0.006691395,-0.00290106
6663.25,0.00514608,-0.002047995
6663.5,0.00517803,-0.002659305
6663.75,0.003903225,-0.00197664
6664,0.00559977,-0.002493165
6664.25,0.00540381,-0.002772195
6664.5,0.00584898,-0.002133195
6664.75,0.00526323,-0.001406865
6665,0.00604281,-0.002099115
6665.25,0.00648159,-0.002052255
6665.5,0.005507115,-0.00149739
6665.75,0.006863925,-0.002416485
6666,0.006133335,-0.003091695
6666.25,0.006461355,-0.00315666
6666.5,0.007006635,-0.003311085
6666.75,0.008955585,-0.003509175
6667,0.004214205,-0.00283716
6667.25,0.009111075,-0.005153535
6667.5,0.005108805,-0.00331641
6667.75,0.008305935,-0.00520359
6668,0.008961975,-0.005085375
6668.25,0.00882885,-0.00437289
6668.5,0.00891405,-0.00302673
6668.75,0.00714615,-0.00286698
6669,0.008246295,-0.00331854
6669.25,0.008080155,-0.00239199
6669.5,0.008250555,-0.002616705
6669.75,0.00780858,-0.0033228
6670,0.008014125,-0.00350598
6670.25,0.007722315,-0.003568815
6670.5,0.00816003,-0.00384678
6670.75,0.00774681,-0.00394263
6671,0.0096915,-0.00436863
6671.25,0.00990024,-0.0045582
6671.5,0.00960843,-0.004201425
6671.75,0.009688305,-0.004199295
6672,0.008866125,-0.004261065
6672.25,0.009143025,-0.0044091
6672.5,0.00905676,-0.0034719
6672.75,0.00934857,-0.002989455
6673,0.00985977,-0.00327168
6673.25,0.010161165,-0.002902125
6673.5,0.01046895,-0.003264225
6673.75,0.009204795,-0.00374241
6674,0.00911853,-0.003760515
6674.25,0.008808615,-0.00431964
6674.5,0.008406045,-0.00441549
6674.75,0.008723415,-0.00450069
6675,0.00880542,-0.004141785
6675.25,0.008314455,-0.004376085
6675.5,0.00790656,-0.00463275
6675.75,0.00860307,-0.00470304
6676,0.00858603,-0.00311193
6676.25,0.009481695,-0.00286485
6676.5,0.00874791,-0.0023217
6676.75,0.01013667,-0.002461215
6677,0.00978096,-0.00272214
6677.25,0.00858177,-0.003517695
6677.5,0.00888849,-0.00333345
6677.75,0.008699985,-0.00356775
6678,0.009053565,-0.00346338
6678.25,0.008870385,-0.00319287
6678.5,0.007767045,-0.002882955
6678.75,0.006727605,-0.00226632
6679,0.0082431,-0.00256452
6679.25,0.01425822,-0.003598635
6679.5,0.012791715,-0.003193935
6679.75,0.019111425,-0.00500337
6680,0.01950654,-0.00551883
6680.25,0.0296922,-0.00781284
6680.5,0.02827575,-0.005892645
6680.75,0.02992437,-0.007703145
6681,0.031987275,-0.010397595
6681.25,0.035938425,-0.008744715
6681.5,0.027397125,-0.006751035
6681.75,0.03229293,-0.010265535
6682,0.03216513,-0.01025595
6682.25,0.03127905,-0.011554185
6682.5,0.02619687,-0.01139976
6682.75,0.03033333,-0.01207071
6683,0.02933223,-0.00996627
6683.25,0.02633319,-0.007899105
6683.5,0.02539812,-0.00741879
6683.75,0.03413964,-0.008855475
6684,0.03621,-0.00856899
6684.25,0.03224181,-0.00708012
6684.5,0.031463295,-0.00726756
6684.75,0.03254427,-0.008248425
6685,0.029162895,-0.00781071
6685.25,0.02597535,-0.006359115
6685.5,0.030087315,-0.007611555
6685.75,0.03214809,-0.009189885
6686,0.034308975,-0.010088745
6686.25,0.03927933,-0.011241075
6686.5,0.03561999,-0.011379525
6686.75,0.032628405,-0.01191735
6687,0.034560315,-0.01080123
6687.25,0.034734975,-0.01142106
6687.5,0.02065461,-0.00782349
6687.75,0.02692533,-0.01020696
6688,0.02509779,-0.00895239
6688.25,0.020672715,-0.0074337
6688.5,0.022990155,-0.00752529
6688.75,0.026447145,-0.009028005
6689,0.02059071,-0.006237705
6689.25,0.015890865,-0.004727535
6689.5,0.01732116,-0.004235505
6689.75,0.014717235,-0.00372111
6690,0.012663915,-0.0033867
6690.25,0.014193255,-0.003585855
6690.5,0.01062444,-0.00282438
6690.75,0.01228371,-0.003123645
6691,0.011098365,-0.001698675
6691.25,0.01001526,-0.005647695
6691.5,0.00906954,-0.005747805
6691.75,0.009722385,-0.006314385
6692,0.01008768,-0.00503106
6692.25,0.009281475,-0.004182255
6692.5,0.008478465,-0.00361887
6692.75,0.008998185,-0.003372855
6693,0.009079125,-0.00377862
6693.25,0.00946359,-0.00422592
6693.5,0.009490215,-0.00450708
6693.75,0.010282575,-0.00354219
6694,0.010001415,-0.00239625
6694.25,0.00920586,-0.00256026
6694.5,0.00889062,-0.00258582
6694.75,0.00818985,-0.003078915
6695,0.008214345,-0.00343569
6695.25,0.008821395,-0.004173735
6695.5,0.008844825,-0.00455181
6695.75,0.009298515,-0.005228085
6696,0.00877347,-0.003973515
6696.25,0.009241005,-0.00327381
6696.5,0.008442255,-0.003068265
6696.75,0.00908019,-0.00325464
6697,0.00930597,-0.00367212
6697.25,0.008659515,-0.003592245
6697.5,0.0094572,-0.003964995
6697.75,0.008670165,-0.004938405
6698,0.008912985,-0.00574248
6698.25,0.009143025,-0.00533991
6698.5,0.00965316,-0.004704105
6698.75,0.009907695,-0.005074725
6699,0.009168585,-0.004625295
6699.25,0.008246295,-0.00523554
6699.5,0.00811743,-0.00571053
6699.75,0.008397525,-0.005091765
6700,0.00839859,-0.004518795
6700.25,0.00859029,-0.004627425
6700.5,0.007937445,-0.004420815
6700.75,0.007573215,-0.004244025
6701,0.00827292,-0.004177995
6701.25,0.007950225,-0.00521424
6701.5,0.00828357,-0.00561468
6701.75,0.00861159,-0.00537186
6702,0.0077106,-0.004919235
6702.25,0.00740601,-0.00473499
6702.5,0.006548685,-0.00413433
6702.75,0.006565725,-0.003813765
6703,0.006284565,-0.00333984
6703.25,0.013403025,-0.003383505
6703.5,0.013503135,-0.003570945
6703.75,0.01507614,-0.003811635
6704,0.01569597,-0.00202563
6704.25,0.019083735,-0.003025665
6704.5,0.020159385,-0.003826545
6704.75,0.01918065,-0.00529731
6705,0.08000067,0.004655115
6705.25,0.102143085,0.006804285
6705.5,0.044822655,-0.00244524
6705.75,0.02223081,-0.007850115
6706,0.028212915,-0.008250555
6706.25,0.02189427,-0.009096165
6706.5,0.017616165,-0.008182395
6706.75,0.01899534,-0.007234545
6707,0.02072277,-0.007986435
6707.25,0.02219886,-0.00921438
6707.5,0.02648229,-0.00787248
6707.75,0.03443145,-0.00833895
6708,0.03383292,-0.009880005
6708.25,0.034839345,-0.00965529
6708.5,0.03272106,-0.008101455
6708.75,0.03488727,-0.008887425
6709,0.027192645,-0.00841776
6709.25,0.039578595,-0.009204795
6709.5,0.053338395,-0.00887145
6709.75,0.058196925,-0.007775565
6710,0.060859425,-0.00820902
6710.25,0.054179745,-0.005553975
6710.5,0.106392435,0.003835065
6710.75,0.07290138,0.00194469
6711,0.05033403,-0.000410025
6711.25,0.04889628,-0.000535695
6711.5,0.03258048,-0.001379175
6711.75,0.03904077,-0.00368277
6712,0.038519985,-0.004465545
6712.25,0.032202405,0.000103305
6712.5,0.020928315,-0.00309702
6712.75,0.023105175,-0.00340374
6713,0.017019765,-0.00497355
6713.25,0.00926976,-0.002376015
6713.5,0.011074935,-0.003502785
6713.75,0.01172565,-0.003455925
6714,0.00843054,-0.002371755
6714.25,0.00965316,-0.002544285
6714.5,0.00833682,-0.002917035
6714.75,0.007945965,-0.002608185
6715,0.006450705,-0.00226419
6715.25,0.009805455,-0.00280095
6715.5,0.01156803,-0.002126805
6715.75,0.01168092,-0.002186445
6716,0.0102666,-0.00221733
6716.25,0.00919095,-0.00285633
6716.5,0.009656355,-0.004350525
6716.75,0.006885225,-0.004077885
6717,0.00686925,-0.00451773
6717.25,0.008026905,-0.00459015
6717.5,0.007988565,-0.00369129
6717.75,0.00831978,-0.003847845
6718,0.0080088,-0.00375093
6718.25,0.006731865,-0.004418685
6718.5,0.00721218,-0.00388086
6718.75,0.006595545,-0.00432816
6719,0.0067095,-0.004778655
6719.25,0.00720366,-0.00398949
6719.5,0.00809826,-0.00362526
6719.75,0.00741027,-0.00305655
6720,0.0071568,-0.003666795
6720.25,0.006831975,-0.002938335
6720.5,0.007545525,-0.002499555
6720.75,0.007413465,-0.00279669
6721,0.00781284,-0.002212005
6721.25,0.008318715,-0.002546415
6721.5,0.007247325,-0.003694485
6721.75,0.00710781,-0.00425574
6722,0.00673506,-0.004120485
6722.25,0.00611097,-0.004135395
6722.5,0.006831975,-0.004887285
6722.75,0.008619045,-0.003641235
6723,0.006942735,-0.003255705
6723.25,0.00654762,-0.00422805
6723.5,0.006220665,-0.004650855
6723.75,0.005864955,-0.00457737
6724,0.006090735,-0.00454329
6724.25,0.006444315,-0.004508145
6724.5,0.006178065,-0.00313323
6724.75,0.007743615,-0.003277005
6725,0.005764845,-0.004258935
6725.25,0.00560616,-0.004071495
6725.5,0.00708012,-0.003562425
6725.75,0.00663069,-0.00327594
6726,0.006163155,-0.002680605
6726.25,0.00723135,-0.00193404
6726.5,0.00556356,-0.002627355
6726.75,0.005230215,-0.00309276
6727,0.00819411,-0.00207462
6727.25,0.01678653,0.0014271
6727.5,0.025328895,0.00170613
6727.75,0.020306355,0.001415385
6728,0.018630045,-0.0001491
6728.25,0.017445765,-0.00021726
6728.5,0.017249805,-0.0014058
6728.75,0.020615205,-0.00313962
6729,0.084248955,0.004324965
6729.25,0.11130954,0.003270615
6729.5,0.03800133,-0.00474351
6729.75,0.038426265,-0.005820225
6730,0.038311245,-0.00681813
6730.25,0.037314405,-0.00630267
6730.5,0.03564768,-0.005969325
6730.75,0.031789185,-0.005034255
6731,0.04185663,-0.00725052
6731.25,0.043284795,-0.006414495
6731.5,0.040590345,-0.006561465
6731.75,0.042773595,-0.00728034
6732,0.04479816,-0.00919308
6732.25,0.04364583,-0.008874645
6732.5,0.04179912,-0.009434835
6732.75,0.04123254,-0.00876921
6733,0.033661455,-0.006367635
6733.25,0.040850205,-0.006559335
6733.5,0.038419875,-0.00608541
6733.75,0.033586905,-0.0033441
6734,0.039751125,-0.00705456
6734.25,0.043715055,-0.007013025
6734.5,0.04461072,-0.00570627
6734.75,0.02819055,-0.007072665
6735,0.02218182,-0.005737155
6735.25,0.02058432,-0.006548685
6735.5,0.016614,-0.00573183
6735.75,0.01404522,-0.005566755
6736,0.018419175,-0.00787674
6736.25,0.0205971,-0.007526355
6736.5,0.019441575,-0.00705882
6736.75,0.01803045,-0.00512478
6737,0.016506435,-0.00628776
6737.25,0.013117605,-0.005381445
6737.5,0.00657744,-0.00296922
6737.75,0.007242,-0.003396285
6738,0.0055806,-0.001824345
6738.25,0.005803185,-0.00195108
6738.5,0.004936275,-0.002122545
6738.75,0.00440271,-0.001506975
6739,0.007128045,-0.002082075
6739.25,0.005287725,-0.00067095
6739.5,0.007226025,-0.001587915
6739.75,0.006961905,-0.00166566
6740,0.007368735,-0.0028542
6740.25,0.00677979,-0.002812665
6740.5,0.006821325,-0.00311193
6740.75,0.00654336,-0.003110865
6741,0.00770208,-0.00279669
6741.25,0.00837303,-0.00272427
6741.5,0.006840495,-0.003166245
6741.75,0.00705669,-0.00419823
6742,0.006199365,-0.00418971
6742.25,0.007537005,-0.004736055
6742.5,0.00708438,-0.00412581
6742.75,0.007686105,-0.00306933
6743,0.007752135,-0.00239625
6743.25,0.007577475,-0.003781815
6743.5,0.007547655,-0.004022505
6743.75,0.00787035,-0.00467535
6744,0.00679896,-0.005368665
6744.25,0.008678685,-0.00424935
6744.5,0.007315485,-0.00378927
6744.75,0.00618552,-0.00421953
6745,0.006748905,-0.004674285
6745.25,0.006540165,-0.004863855
6745.5,0.00712272,-0.00499059
6745.75,0.00817494,-0.00430686
6746,0.00795555,-0.004073625
6746.25,0.00741666,-0.00493947
6746.5,0.006889485,-0.00581703
6746.75,0.007419855,-0.005526285
6747,0.00604281,-0.00535908
6747.25,0.007132305,-0.00549966
6747.5,0.00672867,-0.004016115
6747.75,0.00821115,-0.002738115
6748,0.007511445,-0.003954345
6748.25,0.007004505,-0.004007595
6748.5,0.006476265,-0.004222725
6748.75,0.005888385,-0.00479463
6749,0.00656892,-0.00483723
6749.25,0.00728034,-0.00356775
6749.5,0.007230285,-0.003967125
6749.75,0.006122685,-0.00463275
6750,0.00551031,-0.004559265
6750.25,0.00503958,-0.004150305
6750.5,0.00592353,-0.00399162
6750.75,0.005564625,-0.002833965
6751,0.006199365,-0.00268167
6751.25,0.02208597,-0.00343143
6751.5,0.035497515,-0.005615745
6751.75,0.03521316,-0.00536547
6752,0.024116925,-0.00431325
6752.25,0.03185841,-0.005634915
6752.5,0.03004365,-0.00410238
6752.75,0.02677197,-0.00233874
6753,0.034102365,-0.001817955
6753.25,0.0366147,0.000301395
6753.5,0.04358193,0.0001491
6753.75,0.040750095,-0.000846675
6754,0.043702275,-0.000923355
6754.25,0.04127514,-0.00050694
6754.5,0.040658505,-0.00064113
6754.75,0.043795995,-0.00120558
6755,0.04173309,-0.00127161
6755.25,0.047683245,-0.00165714
6755.5,0.04478751,-0.007390035
6755.75,0.047440425,-0.00712059
6756,0.043076055,-0.0080088
6756.25,0.042811935,-0.00850083
6756.5,0.044863125,-0.00898221
6756.75,0.045027135,-0.008825655
6757,0.039099345,-0.00832617
6757.25,0.03593949,-0.006465615
6757.5,0.03818025,-0.00817281
6757.75,0.04251693,-0.008188785
6758,0.039337905,-0.006597675
6758.25,0.03982461,-0.006733995
6758.5,0.046420155,-0.008041815
6758.75,0.04486632,-0.00805779
6759,0.04173309,-0.00726756
6759.25,0.04251693,-0.008210085
6759.5,0.034830825,-0.00967233
6759.75,0.035216355,-0.010951395
6760,0.040828905,-0.01263729
6760.25,0.038315505,-0.012766155
6760.5,0.032487825,-0.01281621
6760.75,0.024508845,-0.00880116
6761,0.018012345,-0.004708365
6761.25,0.019122075,-0.00580851
6761.5,0.016502175,-0.004816995
6761.75,0.018191265,-0.00500763
6762,0.01234335,-0.005304765
6762.25,0.0118854,-0.005728635
6762.5,0.010408245,-0.006333555
6762.75,0.010576515,-0.00591075
6763,0.010190985,-0.005372925
6763.25,0.010093005,-0.00451134
6763.5,0.007138695,-0.001249245
6763.75,0.010932225,-0.00384465
6764,0.010352865,-0.0037275
6764.25,0.011373135,-0.004482585
6764.5,0.01138059,-0.004169475
6764.75,0.01138698,-0.00390003
6765,0.01066917,-0.005628525
6765.25,0.012063255,-0.00640278
6765.5,0.011803395,-0.006964035
6765.75,0.01105896,-0.00767652
6766,0.011500935,-0.00705669
6766.25,0.01163193,-0.0051546
6766.5,0.01004934,-0.004207815
6766.75,0.010945005,-0.00464979
6767,0.011396565,-0.005334585
6767.25,0.011637255,-0.00613866
6767.5,0.010697925,-0.007994955
6767.75,0.01071603,-0.007306965
6768,0.009394365,-0.006229185
6768.25,0.00934857,-0.004970355
6768.5,0.00998757,-0.00319713
6768.75,0.00966594,-0.00283716
6769,0.011136705,-0.00241329
6769.25,0.01092903,-0.00249636
6769.5,0.01067769,-0.00274344
6769.75,0.01093968,-0.00364869
6770,0.01000674,-0.00474564
6770.25,0.01070538,-0.004806345
6770.5,0.009368805,-0.00489048
6770.75,0.0105435,-0.00476694
6771,0.01014519,-0.00376371
6771.25,0.010444455,-0.00403635
6771.5,0.010672365,-0.0040683
6771.75,0.009999285,-0.003805245
6772,0.00941886,-0.00462423
6772.25,0.00875217,-0.00460293
6772.5,0.00834534,-0.004314315
6772.75,0.008983275,-0.00503745
6773,0.009074865,-0.005113065
6773.25,0.010178205,-0.003811635
6773.5,0.011132445,-0.003262095
6773.75,0.01051368,-0.002686995
6774,0.00837303,-0.002701905
6774.25,0.00918669,-0.00333345
6774.5,0.00917178,-0.003351555
6774.75,0.00767226,-0.003174765
6775,0.00906102,-0.00336114
6775.25,0.01261599,-0.004052325
6775.5,0.015149625,-0.00385743
6775.75,0.01451169,-0.003308955
6776,0.011100495,-0.00247506
6776.25,0.01178529,-0.003213105
6776.5,0.012896085,-0.003415455
6776.75,0.016457445,-0.004060845
6777,0.020346825,-0.005230215
6777.25,0.023707965,-0.0053889
6777.5,0.0227697,-0.00495438
6777.75,0.030349305,-0.003415455
6778,0.024093495,-0.004427205
6778.25,0.023565255,-0.00635592
6778.5,0.01959174,-0.005654085
6778.75,0.019143375,-0.006199365
6779,0.023748435,-0.007042845
6779.25,0.026138295,-0.00546345
6779.5,0.028415265,-0.006229185
6779.75,0.027625035,-0.00631758
6780,0.03051012,-0.00716958
6780.25,0.02386665,-0.008612655
6780.5,0.02199864,-0.0077532
6780.75,0.02537256,-0.008697855
6781,0.020832465,-0.007091835
6781.25,0.027899805,-0.00960204
6781.5,0.02522346,-0.009545595
6781.75,0.028208655,-0.009221835
6782,0.02768361,-0.00774894
6782.25,0.031001085,-0.010295355
6782.5,0.02825445,-0.00986829
6782.75,0.034136445,-0.01221768
6783,0.029390805,-0.01063509
6783.25,0.033395205,-0.011888595
6783.5,0.03392451,-0.00896304
6783.75,0.03921756,-0.011865165
6784,0.030766785,-0.011283675
6784.25,0.0255387,-0.01069047
6784.5,0.02079519,-0.00654123
6784.75,0.015592665,-0.00506088
6785,0.012774675,-0.005798925
6785.25,0.0146757,-0.006041745
6785.5,0.00839007,-0.0042813
6785.75,0.010182465,-0.00516951
6786,0.010337955,-0.004929885
6786.25,0.00669885,-0.003913875
6786.5,0.005807445,-0.00297561
6786.75,0.005764845,-0.00469878
6787,0.007441155,-0.0054528
6787.25,0.003528345,-0.002292945
6787.5,0.004561395,-0.002889345
6787.75,0.007835205,-0.004205685
6788,0.007613685,-0.00404274
6788.25,0.007649895,-0.006031095
6788.5,0.007006635,-0.006267525
6788.75,0.00716958,-0.00641769
6789,0.008540235,-0.006186585
6789.25,0.00735063,-0.0034506
6789.5,0.00938265,-0.00439845
6789.75,0.009690435,-0.00648159
6790,0.007943835,-0.00495651
6790.25,0.006849015,-0.003994815
6790.5,0.006256875,-0.004314315
6790.75,0.00667116,-0.003044835
6791,0.00681813,-0.003147075
6791.25,0.006523125,-0.00417906
6791.5,0.00658383,-0.0053037
6791.75,0.006812805,-0.005257905
6792,0.00617061,-0.005213175
6792.25,0.007025805,-0.00391281
6792.5,0.006797895,-0.003760515
6792.75,0.00640917,-0.004320705
6793,0.00680322,-0.00464127
6793.25,0.006810675,-0.005438955
6793.5,0.006989595,-0.00445596
6793.75,0.007319745,-0.0033654
6794,0.00706734,-0.00329085
6794.25,0.006710565,-0.004203555
6794.5,0.006676485,-0.00579147
6794.75,0.006175935,-0.00540168
6795,0.006028965,-0.005289855
6795.25,0.006687135,-0.00487557
6795.5,0.006710565,-0.003281265
6795.75,0.006478395,-0.00322908
6796,0.00539955,-0.003274875
6796.25,0.005490075,-0.0027264
6796.5,0.005174835,-0.00242607
6796.75,0.00591075,-0.002446305
6797,0.00653697,-0.00216834
6797.25,0.00661152,-0.00161028
6797.5,0.00629202,-0.00220029
6797.75,0.00554226,-0.001986225
6798,0.004631685,-0.00262629
6798.25,0.00453264,-0.001964925
6798.5,0.00456459,-0.00156555
6798.75,0.00439419,-0.001777485
6799,0.00372324,-0.00237708
6799.25,0.004024635,-0.0024282
6799.5,0.00384678,-0.00244311
6799.75,0.004314315,-0.00205332
6800,0.002757285,-0.00114594
6800.25,0.00295005,-0.001813695
6800.5,0.003098085,-0.00248784
6800.75,0.003296175,-0.00175299
6801,0.002780715,-0.001553835
6801.25,0.0046008,-0.00193617
6801.5,0.005089635,-0.00202989
6801.75,0.004816995,-0.002305725
6802,0.003962865,-0.00292449
6802.25,0.00380631,-0.00317583
6802.5,0.002482515,-0.002518725
6802.75,0.00252831,-0.00231105
6803,0.003779685,-0.00173382
6803.25,0.004026765,-0.00236856
6803.5,0.00381057,-0.00295644
6803.75,0.004218465,-0.003596505
6804,0.00338244,-0.0034506
6804.25,0.004471935,-0.0034506
6804.5,0.00454755,-0.001909545
6804.75,0.004697715,-0.00165927
6805,0.00346551,-0.00130995
6805.25,0.003040575,-0.002412225
6805.5,0.002047995,-0.001975575
6805.75,0.002495295,-0.00232809
6806,0.004156695,-0.00378501
6806.25,0.004293015,-0.002957505
6806.5,0.004373955,-0.00288402
6806.75,0.00432603,-0.00305442
6807,0.003651885,-0.00424722
6807.25,0.002712555,-0.003089565
6807.5,0.00302247,-0.00351876
6807.75,0.00386595,-0.00192126
6808,0.00433455,-0.001592175
6808.25,0.0048351,-0.00177642
6808.5,0.00417267,-0.00212148
6808.75,0.003015015,-0.00217473
6809,0.00434307,-0.00360609
6809.25,0.003890445,-0.00261351
6809.5,0.00316944,-0.002382405
6809.75,0.00528666,-0.00263907
6810,0.004831905,-0.002891475
6810.25,0.00329511,-0.002386665
6810.5,0.004648725,-0.00317157
6810.75,0.005053425,-0.002420745
6811,0.006861795,-0.0027051
6811.25,0.006770205,-0.00233235
6811.5,0.0047712,-0.002655045
6811.75,0.0067734,-0.00392772
6812,0.00813234,-0.003956475
6812.25,0.007539135,-0.00227058
6812.5,0.00791295,-0.001834995
6812.75,0.007711665,-0.002256735
6813,0.00742944,-0.00338031
6813.25,0.00670524,-0.00383613
6813.5,0.00667329,-0.00407256
6813.75,0.007428375,-0.003739215
6814,0.00751677,-0.003123645
6814.25,0.007620075,-0.00318861
6814.5,0.006817065,-0.003423975
6814.75,0.00647094,-0.00418119
6815,0.006746775,-0.004369695
6815.25,0.00740388,-0.005185485
6815.5,0.00840285,-0.003085305
6815.75,0.00866484,-0.002427135
6816,0.00763818,-0.00318435
6816.25,0.006998115,-0.004365435
6816.5,0.00709503,-0.004177995
6816.75,0.00654762,-0.004535835
6817,0.007093965,-0.004295145
6817.25,0.00665625,-0.00306081
6817.5,0.00739749,-0.003151335
6817.75,0.00668394,-0.004043805
6818,0.006555075,-0.004324965
6818.25,0.00626646,-0.00427704
6818.5,0.00702261,-0.0037914
6818.75,0.00696084,-0.00341652
6819,0.00689481,-0.00326316
6819.25,0.00614079,-0.00415137
6819.5,0.00662217,-0.00397884
6819.75,0.007064145,-0.003562425
6820,0.006655185,-0.003187545
6820.25,0.00705243,-0.00257304
6820.5,0.006601935,-0.002872305
6820.75,0.005903295,-0.00389577
6821,0.006333555,-0.004721145
6821.25,0.005977845,-0.00469878
6821.5,0.00633462,-0.004938405
6821.75,0.00681813,-0.00377436
6822,0.006337815,-0.00354858
6822.25,0.005036385,-0.004631685
6822.5,0.00472434,-0.00425787
6822.75,0.00505662,-0.00309276
6823,0.004946925,-0.00237921
6823.25,0.004970355,-0.001485675
6823.5,0.005191875,-0.001449465
6823.75,0.00483084,-0.002382405
6824,0.00280947,-0.002635875
6824.25,0.00311193,-0.00264972
6824.5,0.00366573,-0.00252831
6824.75,0.00538038,-0.00198942
6825,0.00519933,-0.002101245
6825.25,0.005500725,-0.00279243
6825.5,0.00565302,-0.003374985
6825.75,0.00562959,-0.0033228
6826,0.00494799,-0.002957505
6826.25,0.005965065,-0.00188505
6826.5,0.00394689,-0.001532535
6826.75,0.004433595,-0.001862685
6827,0.00486066,-0.00252618
6827.25,0.00516951,-0.002676345
6827.5,0.004831905,-0.002582625
6827.75,0.004633815,-0.002020305
6828,0.004399515,-0.00224928
6828.25,0.004418685,-0.00267954
6828.5,0.004209945,-0.00358905
6828.75,0.00424083,-0.00362526
6829,0.00307146,-0.00342717
6829.25,0.003551775,-0.002435655
6829.5,0.004094925,-0.002750895
6829.75,0.004650855,-0.0026625
6830,0.0035358,-0.003409065
6830.25,0.0039831,-0.00368916
6830.5,0.004265325,-0.002978805
6830.75,0.00495438,-0.00243246
6831,0.00517377,-0.001809435
6831.25,0.004729665,-0.001758315
6831.5,0.003481485,-0.002084205
6831.75,0.00331854,-0.002469735
6832,0.003690225,-0.00248784
6832.25,0.004282365,-0.00233022
6832.5,0.00450495,-0.001545315
6832.75,0.0040044,-0.0020022
6833,0.0043452,-0.00333984
6833.25,0.00484362,-0.00384891
6833.5,0.00446874,-0.004670025
6833.75,0.004589085,-0.00381696
6834,0.005200395,-0.002586885
6834.25,0.005217435,-0.002827575
6834.5,0.00490539,-0.00261138
6834.75,0.00503532,-0.002789235
6835,0.00663069,-0.003025665
6835.25,0.00680109,-0.00254961
6835.5,0.008299545,-0.00211296
6835.75,0.006433665,-0.00253257
6836,0.00675849,-0.002699775
6836.25,0.0063048,-0.00394689
6836.5,0.00586602,-0.003794595
6836.75,0.006544425,-0.004001205
6837,0.00708864,-0.003975645
6837.25,0.00743796,-0.003064005
6837.5,0.007686105,-0.00224928
6837.75,0.006785115,-0.003087435
6838,0.006508215,-0.002422875
6838.25,0.006780855,-0.00228762
6838.5,0.00682026,-0.00173808
6838.75,0.00837516,-0.001560225
6839,0.008271855,-0.001724235
6839.25,0.00714189,-0.00270723
6839.5,0.00744648,-0.00359544
6839.75,0.00688416,-0.004094925
6840,0.0073911,-0.003538995
6840.25,0.006729735,-0.00245802
6840.5,0.007228155,-0.00222798
6840.75,0.0062835,-0.003438885
6841,0.00586176,-0.00316518
6841.25,0.006593415,-0.00360396
6841.5,0.00637296,-0.00320352
6841.75,0.007505055,-0.00297987
6842,0.00714828,-0.003076785
6842.25,0.006584895,-0.00416628
6842.5,0.006817065,-0.00424509
6842.75,0.00653058,-0.00377649
6843,0.00739323,-0.002693385
6843.25,0.00762327,-0.002224785
6843.5,0.00708012,-0.00237495
6843.75,0.006454965,-0.003498525
6844,0.006014055,-0.00404061
6844.25,0.00635805,-0.003843585
6844.5,0.005964,-0.003242925
6844.75,0.006088605,-0.002633745
6845,0.006459225,-0.003200325
6845.25,0.00573396,-0.00407469
6845.5,0.006356985,-0.00418971
6845.75,0.005664735,-0.003681705
6846,0.004991655,-0.00316518
6846.25,0.005735025,-0.0024069
6846.5,0.005577405,-0.00265398
6846.75,0.00697362,-0.00356349
6847,0.01206219,-0.005281335
6847.25,0.02338101,-0.005153535
6847.5,0.041171835,-0.00529305
6847.75,0.03408,-0.00465405
6848,0.028219305,-0.004137525
6848.25,0.02938122,-0.00524832
6848.5,0.031071375,-0.0070929
6848.75,0.035863875,-0.009040785
6849,0.03907698,-0.010082355
6849.25,0.038875695,-0.009436965
6849.5,0.041725635,-0.00933579
6849.75,0.03743262,-0.008574315
6850,0.04284495,-0.009790545
6850.25,0.041282595,-0.009411405
6850.5,0.03219708,-0.00923994
6850.75,0.033791385,-0.00739962
6851,0.04150305,-0.0084561
6851.25,0.043902495,-0.01147005
6851.5,0.04674711,-0.011503065
6851.75,0.05237244,-0.01250736
6852,0.04919235,-0.00863502
6852.25,0.055807065,-0.007513575
6852.5,0.05582943,-0.008169615
6852.75,0.0549753,-0.006874575
6853,0.05255775,1.065e-05
6853.25,0.050556615,-0.001470765
6853.5,0.060574005,-0.005530545
6853.75,0.131377335,0.00812595
6854,0.07707405,-0.00491817
6854.25,0.03570306,-0.00966594
6854.5,0.028366275,-0.00832404
6854.75,0.033111915,-0.00202563
6855,0.03600339,-0.00233448
6855.25,0.028002045,-0.00108204
6855.5,0.028922205,-0.000978735
6855.75,0.027409905,-0.00090312
6856,0.037137615,-0.00241968
6856.25,0.03544533,-0.002073555
6856.5,0.04470657,-0.00294153
6856.75,0.046364775,-0.003247185
6857,0.03855939,-0.001954275
6857.25,0.04804641,-0.002825445
6857.5,0.046952655,-0.002278035
6857.75,0.04121337,-0.000923355
6858,0.02935992,0.000141645
6858.25,0.028702815,0.000365295
6858.5,0.00783627,-0.00199155
6858.75,0.005590185,-0.00180411
6859,0.00641556,-0.002955375
6859.25,0.00622173,-0.003502785
6859.5,0.006290955,-0.005240865
6859.75,0.00674997,-0.004520925
6860,0.00797472,-0.00253257
6860.25,0.00535695,-0.001615605
6860.5,0.00736128,-0.00284994
6860.75,0.004467675,-0.003042705
6861,0.007387905,-0.005756325
6861.25,0.00746139,-0.006056655
6861.5,0.00729951,-0.00307146
6861.75,0.007739355,-0.00294792
6862,0.00778089,-0.003398415
6862.25,0.00643473,-0.003660405
6862.5,0.006180195,-0.003566685
6862.75,0.0064113,-0.00371898
6863,0.00699492,-0.003709395
6863.25,0.007289925,-0.003117255
6863.5,0.007047105,-0.00411516
6863.75,0.006482655,-0.005036385
6864,0.006908655,-0.004001205
6864.25,0.00691398,-0.003786075
6864.5,0.00707799,-0.00224928
6864.75,0.00681174,-0.00140154
6865,0.006056655,-0.003029925
6865.25,0.00624942,-0.003651885
6865.5,0.00667968,-0.00414711
6865.75,0.006676485,-0.003971385
6866,0.00733998,-0.003662535
6866.25,0.0071142,-0.00313536
6866.5,0.0069438,-0.004186515
6866.75,0.005962935,-0.004169475
6867,0.00641769,-0.004192905
6867.25,0.0060705,-0.00391494
6867.5,0.006693525,-0.002454825
6867.75,0.006653055,-0.00252192
6868,0.00623877,-0.003234405
6868.25,0.006146115,-0.002767935
6868.5,0.005990625,-0.00225993
6868.75,0.0058788,-0.002599665
6869,0.006484785,-0.001905285
6869.25,0.006361245,-0.002037345
6869.5,0.00621534,-0.003189675
6869.75,0.005909685,-0.00310128
6870,0.004518795,-0.003449535
6870.25,0.00443466,-0.00288828
6870.5,0.00525471,-0.001988355
6870.75,0.005266425,-0.001847775
6871,0.005513505,-0.001803045
6871.25,0.006218535,-0.0012141
6871.5,0.009973725,-0.00178494
6871.75,0.009174975,-0.00235365
6872,0.00810039,-0.003004365
6872.25,0.010156905,-0.003340905
6872.5,0.013209195,-0.004171605
6872.75,0.015183705,-0.00493734
6873,0.01648407,-0.00575739
6873.25,0.016425495,-0.00497142
6873.5,0.017185905,-0.005349495
6873.75,0.024572745,-0.00714189
6874,0.021004995,-0.00522276
6874.25,0.026494005,-0.008857605
6874.5,0.02239695,-0.007624335
6874.75,0.02097624,-0.00718023
6875,0.025759155,-0.007852245
6875.25,0.02046078,-0.006207885
6875.5,0.02475912,-0.007513575
6875.75,0.02900847,-0.00721431
6876,0.025848615,-0.007198335
6876.25,0.03114486,-0.00792999
6876.5,0.031256685,-0.007051365
6876.75,0.029902005,-0.007756395
6877,0.027414165,-0.0073698
6877.25,0.03292341,-0.00778515
6877.5,0.03809079,-0.007654155
6877.75,0.050895285,-0.00744009
6878,0.06505872,-0.00833682
6878.25,0.067864995,-0.0103944
6878.5,0.0666477,-0.009922605
6878.75,0.060691155,-0.011032335
6879,0.061334415,-0.010915185
6879.25,0.04638714,-0.009880005
6879.5,0.04946925,-0.00826014
6879.75,0.04963326,-0.00883524
6880,0.044873775,-0.00802797
6880.25,0.0308424,-0.007447545
6880.5,0.03177534,-0.00712911
6880.75,0.034481505,-0.007498665
6881,0.025237305,-0.005879865
6881.25,0.020069925,-0.003781815
6881.5,0.02053746,-0.003824415
6881.75,0.01098441,-0.00355071
6882,0.005720115,-0.00189783
6882.25,0.014071845,-0.00331002
6882.5,0.01589619,-0.003006495
6882.75,0.013818375,-0.00197877
6883,0.0155277,-0.002216265
6883.25,0.0167205,-0.003157725
6883.5,0.0108843,-0.0052611
6883.75,0.006776595,-0.004863855
6884,0.007102485,-0.00424083
6884.25,0.00531435,-0.001034115
6884.5,0.007515705,-0.00145905
6884.75,0.00856686,-0.00233448
6885,0.00753381,-0.003225885
6885.25,0.007247325,-0.003741345
6885.5,0.007971525,-0.004043805
6885.75,0.00675423,-0.002269515
6886,0.00603216,-0.002016045
6886.25,0.007260105,-0.00418332
6886.5,0.006382545,-0.003754125
6886.75,0.00660726,-0.003732825
6887,0.007924665,-0.004363305
6887.25,0.007937445,-0.003230145
6887.5,0.00860307,-0.003609285
6887.75,0.00730164,-0.004825515
6888,0.00797046,-0.00440058
6888.25,0.008144055,-0.004324965
6888.5,0.00858816,-0.004203555
6888.75,0.008103585,-0.002978805
6889,0.007982175,-0.003164115
6889.25,0.00651141,-0.00442614
6889.5,0.00831552,-0.00510774
6889.75,0.00810039,-0.005240865
6890,0.00757854,-0.004678545
6890.25,0.0083709,-0.003291915
6890.5,0.00782775,-0.00365508
6890.75,0.00713337,-0.004770135
6891,0.00690546,-0.004359045
6891.25,0.006872445,-0.00454755
6891.5,0.007445415,-0.003743475
6891.75,0.007081185,-0.00248145
6892,0.007581735,-0.002665695
6892.25,0.007852245,-0.00353793
6892.5,0.006812805,-0.0031737
6892.75,0.00769569,-0.00307998
6893,0.00675423,-0.00335262
6893.25,0.00646881,-0.00290958
6893.5,0.006603,-0.003445275
6893.75,0.005583795,-0.003654015
6894,0.00548901,-0.003617805
6894.25,0.005645565,-0.003287655
6894.5,0.005162055,-0.00238986
6894.75,0.00469239,-0.00174021
6895,0.008161095,-0.002316375
6895.25,0.02743866,-0.002953245
6895.5,0.02736624,-0.002912775
6895.75,0.02661861,-0.00351237
6896,0.02276544,-0.003236535
6896.25,0.024234075,-0.00317583
6896.5,0.022875135,-0.003683835
6896.75,0.02430543,-0.00461997
6897,0.03255066,-0.005558235
6897.25,0.029597415,-0.00427917
6897.5,0.034909635,-0.006005535
6897.75,0.04429974,-0.007051365
6898,0.039778815,-0.0066456
6898.25,0.04202277,-0.008397525
6898.5,0.02875926,-0.00647307
6898.75,0.02758137,-0.006271785
6899,0.04079376,-0.009405015
6899.25,0.041680905,-0.00716106
6899.5,0.051493815,-0.0073698
6899.75,0.05805741,-0.00802158
6900,0.04988886,-0.00548688
6900.25,0.06531645,-0.00899286
6900.5,0.05324787,-0.006016185
6900.75,0.070188825,-0.006667965
6901,0.05685183,-0.007839465
6901.25,0.047189085,-0.00703326
6901.5,0.037817085,-0.00691185
6901.75,0.05860908,-0.002689125
6902,0.06063258,-0.002712555
6902.25,0.06482016,-0.002878695
6902.5,0.066050235,-0.002278035
6902.75,0.07201317,-0.003070395
6903,0.068708475,-0.0027477
6903.25,0.076657635,-0.0041322
6903.5,0.075407325,-0.00378075
6903.75,0.073164435,-0.00423231
6904,0.052379895,-0.00130356
6904.25,0.077614005,-0.00307146
6904.5,0.069345345,-0.00234726
6904.75,0.07151475,-0.002199225
6905,0.05564199,-0.000629415
6905.25,0.05022966,-0.001285455
6905.5,0.031410045,-0.00299691
6905.75,0.014595825,-0.00360609
6906,0.01110582,-0.003700875
6906.25,0.00994497,-0.002608185
6906.5,0.006329295,-0.001766835
6906.75,0.008097195,-0.0024708
6907,0.01107174,-0.00293727
6907.25,0.007984305,-0.003262095
6907.5,0.01159785,-0.003498525
6907.75,0.010112175,-0.00424722
6908,0.007458195,-0.003977775
6908.25,0.01134225,-0.004075755
6908.5,0.009735165,-0.003281265
6908.75,0.005628525,-0.001496325
6909,0.011954625,-0.00330789
6909.25,0.008518935,-0.00292875
6909.5,0.01104405,-0.0032163
6909.75,0.012099465,-0.00363804
6910,0.009818235,-0.003688095
6910.25,0.01277574,-0.004154565
6910.5,0.009364545,-0.00391707
6910.75,0.011454075,-0.004001205
6911,0.011085585,-0.00339096
6911.25,0.00974262,-0.00390642
6911.5,0.012668175,-0.004736055
6911.75,0.00985338,-0.004740315
6912,0.010046145,-0.002414355
6912.25,0.010389075,-0.002384535
6912.5,0.00926763,-0.002192835
6912.75,0.00953175,-0.002350455
6913,0.00794916,-0.002831835
6913.25,0.01006851,-0.003119385
6913.5,0.009085515,-0.005102415
6913.75,0.01057332,-0.005492205
6914,0.01086939,-0.005445345
6914.25,0.00885015,-0.00430473
6914.5,0.012355065,-0.004934145
6914.75,0.00886293,-0.004510275
6915,0.010810815,-0.00428769
6915.25,0.010024845,-0.004729665
6915.5,0.01079058,-0.004972485
6915.75,0.01194291,-0.00482658
6916,0.008508285,-0.00394902
6916.25,0.012010005,-0.004865985
6916.5,0.008371965,-0.004271715
6916.75,0.009430575,-0.004902195
6917,0.01024743,-0.00570414
6917.25,0.00930171,-0.005988495
6917.5,0.01204515,-0.00489687
6917.75,0.008052465,-0.00425361
6918,0.010438065,-0.004220595
6918.25,0.01040718,-0.005366535
6918.5,0.011451945,-0.005298375
6918.75,0.0123327,-0.005076855
6919,0.011025945,-0.003110865
6919.25,0.01893144,-0.00259434
6919.5,0.01352337,-0.002582625
6919.75,0.01695267,-0.00327168
6920,0.01589832,-0.00183393
6920.25,0.016536255,-0.002286555
6920.5,0.02576874,-0.006981075
6920.75,0.032268435,-0.0110973
6921,0.0329511,-0.0123114
6921.25,0.037195125,-0.01423479
6921.5,0.038720205,-0.01391955
6921.75,0.03700662,-0.009718125
6922,0.041508375,-0.011228295
6922.25,0.032692305,-0.01140828
6922.5,0.029073435,-0.00848379
6922.75,0.04130709,-0.00886293
6923,0.043729965,-0.00850509
6923.25,0.047442555,-0.00801732
6923.5,0.050946405,-0.008403915
6923.75,0.051738765,-0.006606195
6924,0.04710069,-0.0084348
6924.25,0.049668405,-0.008755365
6924.5,0.04733286,-0.009072735
6924.75,0.046209285,-0.00820263
6925,0.03883203,-0.00736341
6925.25,0.040933275,-0.006723345
6925.5,0.043105875,-0.007754265
6925.75,0.04791648,-0.00700983
6926,0.03796938,-0.00258795
6926.25,0.046846155,-0.005473035
6926.5,0.04332846,-0.00116085
6926.75,0.045670395,-0.00113103
6927,0.056429025,-0.003867015
6927.25,0.03657423,-0.004814865
6927.5,0.04673007,-0.00512052
6927.75,0.052639755,-0.003100215
6928,0.03106818,-0.00101175
6928.25,0.05021475,-0.003364335
6928.5,0.049687575,-0.004146045
6928.75,0.04748196,-0.0043026
6929,0.05174622,-0.003828675
6929.25,0.026787945,-0.00156129
6929.5,0.035143935,-0.001707195
6929.75,0.014876985,-0.002431395
6930,0.014857815,-0.00471369
6930.25,0.014489325,-0.004039545
6930.5,0.009492345,-0.001034115
6930.75,0.010657455,-0.00305442
6931,0.007038585,-0.0022791
6931.25,0.007488015,-0.003624195
6931.5,0.008567925,-0.004899
6931.75,0.008863995,-0.003068265
6932,0.008857605,-0.00246228
6932.25,0.00875217,-0.002631615
6932.5,0.00791508,-0.005219565
6932.75,0.00836238,-0.00554439
6933,0.007681845,-0.00450069
6933.25,0.00856473,-0.002921295
6933.5,0.00960204,-0.003460185
6933.75,0.00848166,-0.00384678
6934,0.00844332,-0.00537399
6934.25,0.00811317,-0.00575313
6934.5,0.00718662,-0.00503745
6934.75,0.00815364,-0.0043239
6935,0.00835599,-0.004126875
6935.25,0.008557275,-0.00460506
6935.5,0.009458265,-0.004207815
6935.75,0.008947065,-0.004650855
6936,0.00937413,-0.003426105
6936.25,0.00862863,-0.003183285
6936.5,0.008523195,-0.00492243
6936.75,0.006785115,-0.00471156
6937,0.007360215,-0.00333984
6937.25,0.00791295,-0.003304695
6937.5,0.00824097,-0.00283503
6937.75,0.00787461,-0.003187545
6938,0.008022645,-0.004408035
6938.25,0.007592385,-0.00530583
6938.5,0.0078171,-0.0050481
6938.75,0.008331495,-0.00382548
6939,0.00736554,-0.003321735
6939.25,0.00799389,-0.00387021
6939.5,0.007509315,-0.004646595
6939.75,0.0073059,-0.004082145
6940,0.0071781,-0.003622065
6940.25,0.00787248,-0.002571975
6940.5,0.007164255,-0.002448435
6940.75,0.00698214,-0.00399162
6941,0.006985335,-0.004859595
6941.25,0.006510345,-0.004241895
6941.5,0.00787248,-0.004348395
6941.75,0.0082644,-0.003004365
6942,-0.00031737,-0.0019809
6942.25,0,0
6942.5,0,0
6942.75,0,0
6943,0,0
6943.25,0,0
6943.5,0,0
6943.75,0,0
6944,0,0
6944.25,0,0
6944.5,0,0
6944.75,0,0
6945,0,0
6945.25,0,0
6945.5,0,0
6945.75,0.009733035,-0.001147005
6946,0.028261905,0.00014484
6946.25,0.037056675,0.000412155
6946.5,0.029358855,3.3015e-05
6946.75,0.02774112,-0.000484575
6947,0.03321948,-0.00119067
6947.25,0.037031115,-0.002324895
6947.5,0.026798595,-0.00589584
6947.75,0.028298115,-0.01011537
6948,0.024059415,-0.00829422
6948.25,0.0245589,-0.0084135
6948.5,0.02593275,-0.00778089
6948.75,0.024364005,-0.008644605
6949,0.023829375,-0.007081185
6949.25,0.02412864,-0.006120555
6949.5,0.02250558,-0.005179095
6949.75,0.022308555,-0.00477759
6950,0.02304873,-0.00537825
6950.25,0.023999775,-0.005875605
6950.5,0.02363022,-0.00739323
6950.75,0.0238773,-0.007543395
6951,0.03208206,-0.00853704
6951.25,0.03257835,-0.00688842
6951.5,0.026913615,-0.00593844
6951.75,0.02981148,-0.004557135
6952,0.024148875,-0.00531648
6952.25,0.02582625,-0.00620043
6952.5,0.019352115,-0.005311155
6952.75,0.01216017,-0.003732825
6953,0.017562915,-0.003575205
6953.25,0.02008803,-0.003366465
6953.5,0.01466931,-0.00366147
6953.75,0.011215515,-0.00381696
6954,0.01161063,-0.00481593
6954.25,0.009867225,-0.00348894
6954.5,0.010616985,-0.002882955
6954.75,0.00881607,-0.002454825
6955,0.00641982,-0.00339735
6955.25,0.00650715,-0.00304377
6955.5,0.00680748,-0.00330789
6955.75,0.006561465,-0.00284994
6956,0.00767226,-0.00290958
6956.25,0.00787248,-0.002275905
6956.5,0.00694593,-0.003200325
6956.75,0.006582765,-0.003526215
6957,0.006631755,-0.003920265
6957.25,0.00718875,-0.0026838
6957.5,0.007816035,-0.002118285
6957.75,0.007660545,-0.002708295
6958,0.00671376,-0.003323865
6958.25,0.0073272,-0.003647625
6958.5,0.00700557,-0.0037275
6958.75,0.00718023,-0.00321843
6959,0.00706095,-0.00224289
6959.25,0.006978945,-0.00260073
6959.5,0.006789375,-0.00374454
6959.75,0.0066882,-0.00386595
6960,0.006593415,-0.00399588
6960.25,0.006755295,-0.00314601
6960.5,0.006584895,-0.002708295
6960.75,0.005660475,-0.003530475
6961,0.00602577,-0.00422379
6961.25,0.00676062,-0.003734955
6961.5,0.00659235,-0.00328872
6961.75,0.00719727,-0.002288685
6962,0.006968295,-0.00233874
6962.25,0.006103515,-0.00335049
6962.5,0.00667968,-0.003641235
6962.75,0.006759555,-0.003626325
6963,0.00689268,-0.00362313
6963.25,0.00666264,-0.00222159
6963.5,0.00680322,-0.00229401
6963.75,0.00679257,-0.003285525
6964,0.006380415,-0.00292875
6964.25,0.00605133,-0.003015015
6964.5,0.00586815,-0.00308211
6964.75,0.00675423,-0.002248215
6965,0.00661791,-0.00212148
6965.25,0.005954415,-0.0032589
6965.5,0.00637296,-0.00376797
6965.75,0.00605985,-0.003798855
6966,0.005679645,-0.003613545
6966.25,0.005387835,-0.00239625
6966.5,0.005296245,-0.002659305
6966.75,0.00465831,-0.003549645
6967,0.00414072,-0.003223755
6967.25,0.004378215,-0.00290745
6967.5,0.00477972,-0.002640135
6967.75,0.00485427,-0.0018957
6968,0.00319287,-0.001641165
6968.25,0.002704035,-0.00246015
6968.5,0.00293301,-0.00213852
6968.75,0.00381483,-0.00228336
6969,0.0041748,-0.002167275
6969.25,0.004599735,-0.001434555
6969.5,0.004804215,-0.00157194
6969.75,0.00876708,-0.001924455
6970,0.012176145,-0.00175938
6970.25,0.00874152,-0.0024282
6970.5,0.00772125,-0.001304625
6970.75,0.007773435,-0.001722105
6971,0.009198405,-0.00194043
6971.25,0.005600835,-0.00287124
6971.5,0.006472005,-0.003404805
6971.75,0.004369695,-0.003232275
6972,0.00420036,-0.002872305
6972.25,0.00460932,-0.002018175
6972.5,0.004471935,-0.00175512
6972.75,0.004205685,-0.00249423
6973,0.003091695,-0.00236004
6973.25,0.00301182,-0.002301465
6973.5,0.00325677,-0.002508075
6973.75,0.00395328,-0.001749795
6974,0.00427491,-0.00163797
6974.25,0.004258935,-0.00197238
6974.5,0.00401931,-0.002241825
6974.75,0.00374454,-0.00227058
6975,0.00357627,-0.0026199
6975.25,0.004318575,-0.001869075
6975.5,0.00341226,-0.00179559
6975.75,0.003445275,-0.002047995
6976,0.00342504,-0.00266463
6976.25,0.003832935,-0.00256665
6976.5,0.00379566,-0.002648655
6976.75,0.00378288,-0.001918065
6977,0.004324965,-0.00162519
6977.25,0.005230215,-0.00138237
6977.5,0.00524619,-0.00186375
6977.75,0.004635945,-0.00220881
6978,0.004625295,-0.00189783
6978.25,0.004787175,-0.00160815
6978.5,0.0040044,-0.001285455
6978.75,0.00425574,-0.001596435
6979,0.005272815,-0.00234726
6979.25,0.00579147,-0.001800915
6979.5,0.00620682,-0.001866945
6979.75,0.00672867,-0.001715715
6980,0.006946995,-0.00172743
6980.25,0.006793635,-0.00230466
6980.5,0.006452835,-0.00296922
6980.75,0.006429405,-0.00326955
6981,0.00670524,-0.003453795
6981.25,0.00714615,-0.002778585
6981.5,0.007470975,-0.002665695
6981.75,0.006702045,-0.00246015
6982,0.006288825,-0.002821185
6982.25,0.005899035,-0.002512335
6982.5,0.005775495,-0.002380275
6982.75,0.006161025,-0.001869075
6983,0.007234545,-0.001824345
6983.25,0.006520995,-0.002280165
6983.5,0.00659448,-0.003076785
6983.75,0.00630054,-0.00298413
6984,0.00574887,-0.002582625
6984.25,0.006512475,-0.00187866
6984.5,0.00668607,-0.001890375
6984.75,0.005943765,-0.002454825
6985,0.005773365,-0.00295005
6985.25,0.006018315,-0.003012885
6985.5,0.00629841,-0.00348894
6985.75,0.00653697,-0.00279669
6986,0.006898005,-0.00274344
6986.25,0.006493305,-0.003551775
6986.5,0.006139725,-0.00406191
6986.75,0.00667755,-0.00434733
6987,0.00621534,-0.004086405
6987.25,0.006525255,-0.003545385
6987.5,0.006951255,-0.002765805
6987.75,0.006171675,-0.003583725
6988,0.00575313,-0.0043452
6988.25,0.00606624,-0.00427065
6988.5,0.005458125,-0.00386382
6988.75,0.00582129,-0.003268485
6989,0.00632397,-0.002699775
6989.25,0.00630906,-0.00345912
6989.5,0.006216405,-0.00417906
6989.75,0.00507579,-0.00365082
6990,0.00468387,-0.00361248
6990.25,0.004297275,-0.00335688
6990.5,0.004706235,-0.002224785
6990.75,0.004625295,-0.002073555
6991,0.004024635,-0.002812665
6991.25,0.003937305,-0.002644395
6991.5,0.003947955,-0.002710425
6991.75,0.004152435,-0.002710425
6992,0.002216265,-0.001055415
6992.25,0.002838225,-0.001460115
6992.5,0.00254535,-0.002173665
6992.75,0.00336753,-0.002433525
6993,0.00329085,-0.002442045
6993.25,0.00364017,-0.001954275
6993.5,0.004241895,-0.001377045
6993.75,0.004561395,-0.001080975
6994,0.00609606,-0.001423905
6994.25,0.004725405,-0.00160815
6994.5,0.00375945,-0.00135681
6994.75,0.00406191,-0.00107991
6995,0.00387873,-0.001065
6995.25,0.004320705,-0.001149135
6995.5,0.004614645,-0.00172743
6995.75,0.00481167,-0.00256452
6996,0.004173735,-0.001881855
6996.25,0.00456459,-0.001928715
6996.5,0.004284495,-0.001928715
6996.75,0.00473712,-0.001257765
6997,0.002640135,-0.001115055
6997.25,0.002618835,-0.00172104
6997.5,0.00303738,-0.002233305
6997.75,0.003470835,-0.00237495
6998,0.00385956,-0.002220525
6998.25,0.004126875,-0.00148035
6998.5,0.004218465,-0.001330185
6998.75,0.004546485,-0.00175299
6999,0.003707265,-0.00237495
6999.25,0.0038127,-0.002222655
6999.5,0.002966025,-0.002431395
6999.75,0.0030885,-0.001722105
7000,0.003675315,-0.00123753
7000.25,0.00380418,-0.00117789
7000.5,0.003289785,-0.001494195
7000.75,0.003470835,-0.00150804
7001,0.00412794,-0.00142071
7001.25,0.00379566,-0.00114168
7001.5,0.004457025,-0.00075828
7001.75,0.00527601,-0.000929745
7002,0.0045369,-0.001971315
7002.25,0.004373955,-0.003272745
7002.5,0.00399162,-0.0018957
7002.75,0.00421527,-0.001792395
7003,0.00696936,-0.00148248
7003.25,0.00727182,-0.001413255
7003.5,0.006640275,-0.002531505
7003.75,0.006616845,-0.002936205
7004,0.007025805,-0.003085305
7004.25,0.00689694,-0.003053355
7004.5,0.00745926,-0.002103375
7004.75,0.007568955,-0.00214917
7005,0.00755298,-0.0036849
7005.25,0.00725691,-0.00374667
7005.5,0.007181295,-0.003709395
7005.75,0.007539135,-0.00390855
7006,0.007153605,-0.00276261
7006.25,0.007187685,-0.002525115
7006.5,0.006834105,-0.003219495
7006.75,0.00658809,-0.003232275
7007,0.006665835,-0.00386382
7007.25,0.007104615,-0.003960735
7007.5,0.00771273,-0.003764775
7007.75,0.007617945,-0.00331002
7008,0.00622173,-0.003711525
7008.25,0.006480525,-0.004667895
7008.5,0.00586602,-0.004297275
7008.75,0.0058362,-0.00314814
7009,0.007130175,-0.003206715
7009.25,0.006812805,-0.002369625
7009.5,0.007125915,-0.00290745
7009.75,0.006578505,-0.002729595
7010,0.00659874,-0.002797755
7010.25,0.00620469,-0.00261777
7010.5,0.006814935,-0.002623095
7010.75,0.007270755,-0.0018105
7011,0.00624303,-0.00186375
7011.25,0.005852175,-0.002295075
7011.5,0.00591288,-0.00224715
7011.75,0.00602364,-0.00239838
7012,0.00541233,-0.00233235
7012.25,0.00589584,-0.00178068
7012.5,0.005735025,-0.00157833
7012.75,0.00549966,-0.001969185
7013,0.00577017,-0.00231531
7013.25,0.00603216,-0.002420745
7013.5,0.00593631,-0.00244737
7013.75,0.00536334,-0.001847775
7014,0.00494799,-0.001319535
7014.25,0.004951185,-0.001530405
7014.5,0.003975645,-0.002243955
7014.75,0.00517803,-0.002774325
7015,0.006708435,-0.002612445
7015.25,0.021433125,-0.003707265
7015.5,0.027196905,-0.00266463
7015.75,0.0302886,-0.002757285
7016,0.02137881,-0.003779685
7016.25,0.021535365,-0.003711525
7016.5,0.025009395,-0.00441762
7016.75,0.02825658,-0.00516099
7017,0.025477995,-0.00506727
7017.25,0.032788155,-0.00484575
7017.5,0.03022896,-0.00516099
7017.75,0.029782725,-0.005147145
7018,0.03221838,-0.005264295
7018.25,0.031209825,-0.00490113
7018.5,0.03004365,-0.004182255
7018.75,0.03492348,-0.003820155
7019,0.03490005,-0.0042174
7019.25,0.03894066,-0.00470943
7019.5,0.043715055,-0.005268555
7019.75,0.050322315,-0.00458163
7020,0.056921055,-0.00139728
7020.25,0.059108565,-0.00145266
7020.5,0.054009345,-0.00541659
7020.75,0.0551457,-0.005538
7021,0.04998258,-0.00576804
7021.25,0.04883025,-0.006472005
7021.5,0.05001027,-0.005790405
7021.75,0.05084523,-0.00578934
7022,0.055830495,-0.00636018
7022.25,0.06117999,-0.00469878
7022.5,0.06539952,-0.00309702
7022.75,0.09164325,0.00056871
7023,0.06695229,-0.006105645
7023.25,0.05145441,-0.0097341
7023.5,0.047210385,-0.008327235
7023.75,0.0548901,-0.006520995
7024,0.052186065,-0.00661152
7024.25,0.04972272,-0.006880965
7024.5,0.045536205,-0.00658383
7024.75,0.033563475,-0.005485815
7025,0.027228855,-0.005360145
7025.25,0.014363655,-0.00491178
7025.5,0.013317825,-0.003956475
7025.75,0.0092016,-0.003170505
7026,0.007053495,-0.003206715
7026.25,0.0065817,-0.00274983
7026.5,0.007029,-0.00161241
7026.75,0.006923565,-0.001794525
7027,0.0082431,-0.00226206
7027.25,0.007992825,-0.001969185
7027.5,0.008380485,-0.00268167
7027.75,0.007960875,-0.002966025
7028,0.00774255,-0.00353367
7028.25,0.008203695,-0.003345165
7028.5,0.00754233,-0.003918135
7028.75,0.009247395,-0.002512335
7029,0.01010898,-0.00349746
7029.25,0.00966594,-0.00309489
7029.5,0.00964251,-0.00386808
7029.75,0.010171815,-0.00345912
7030,0.00868827,-0.0048777
7030.25,0.00859029,-0.00499698
7030.5,0.0090099,-0.004293015
7030.75,0.009253785,-0.003815895
7031,0.00853704,-0.004035285
7031.25,0.00912705,-0.00337392
7031.5,0.010152645,-0.003219495
7031.75,0.00916113,-0.003732825
7032,0.00856047,-0.00309702
7032.25,0.008595615,-0.00455607
7032.5,0.00811743,-0.004444245
7032.75,0.00753594,-0.00465618
7033,0.008521065,-0.00446235
7033.25,0.00811317,-0.00493521
7033.5,0.00857538,-0.004390995
7033.75,0.00864141,-0.002806275
7034,0.008286765,-0.00237921
7034.25,0.00851574,-0.002491035
7034.5,0.00952749,-0.002595405
7034.75,0.00804288,-0.00342078
7035,0.008060985,-0.003377115
7035.25,0.007673325,-0.002972415
7035.5,0.007394295,-0.00354006
7035.75,0.007867155,-0.00323973
7036,0.007115265,-0.003081045
7036.25,0.008350665,-0.00209592
7036.5,0.007762785,-0.00227058
7036.75,0.00825801,-0.001794525
7037,0.00845397,-0.002425005
7037.25,0.00746352,-0.002723205
7037.5,0.00867549,-0.004122615
7037.75,0.006514605,-0.00295005
7038,0.006981075,-0.003683835
7038.25,0.006420885,-0.002616705
7038.5,0.006276045,-0.002657175
7038.75,0.00676701,-0.00169548
7039,0.01224537,-0.0032376
7039.25,0.031542105,-0.003487875
7039.5,0.0349959,-0.004629555
7039.75,0.030023415,-0.004480455
7040,0.023710095,-0.00427065
7040.25,0.02410308,-0.00461997
7040.5,0.023288355,-0.00567432
7040.75,0.02174304,-0.003762645
7041,0.02561112,-0.00458376
7041.25,0.028690035,-0.00304803
7041.5,0.033320655,-0.00413433
7041.75,0.040253805,-0.004473
7042,0.032896785,-0.00311193
7042.25,0.03551562,-0.00406617
7042.5,0.031335495,-0.00437928
7042.75,0.033650805,-0.00505875
7043,0.04016115,-0.005692425
7043.25,0.05064075,-0.005219565
7043.5,0.05975289,-0.00614718
7043.75,0.06063045,-0.005605095
7044,0.05448327,-0.00552309
7044.25,0.05890089,-0.00600234
7044.5,0.06404271,-0.00588519
7044.75,0.052281915,-0.005894775
7045,0.051170055,-0.00578508
7045.25,0.04701336,-0.005538
7045.5,0.048699255,-0.00515247
7045.75,0.061044735,-0.006054525
7046,0.05694342,-0.00576591
7046.25,0.05575488,-0.00714189
7046.5,0.066559305,-0.00654975
7046.75,0.06325674,-0.006429405
7047,0.06475626,-0.00590862
7047.25,0.06109479,-0.00566154
7047.5,0.06084771,-0.00554226
7047.75,0.06048561,-0.00468174
7048,0.06676485,-0.00473286
7048.25,0.057745365,-0.003379245
7048.5,0.057464205,-0.00520146
7048.75,0.05142246,-0.00421314
7049,0.045615015,-0.003044835
7049.25,0.029727345,-0.002216265
7049.5,0.015697035,-0.002333415
7049.75,0.01466931,-0.00262203
7050,0.013260315,-0.002571975
7050.25,0.01286307,-0.002676345
7050.5,0.011935455,-0.00207675
7050.75,0.01452234,-0.001864815
7051,0.012299685,-0.001788135
7051.25,0.014736405,-0.001581525
7051.5,0.01325499,-0.00181689
7051.75,0.0117789,-0.0020448
7052,0.01177251,-0.00234939
7052.25,0.014229465,-0.00248571
7052.5,0.008657385,-0.003187545
7052.75,0.012046215,-0.00368064
7053,0.01210266,-0.0040683
7053.25,0.008610525,-0.004354785
7053.5,0.01316553,-0.00457311
7053.75,0.01206645,-0.002188575
7054,0.011098365,-0.002167275
7054.25,0.01288437,-0.001924455
7054.5,0.010403985,-0.00189357
7054.75,0.013618155,-0.00185736
7055,0.010246365,-0.00241968
7055.25,0.01230288,-0.003221625
7055.5,0.010320915,-0.00353793
7055.75,0.01142532,-0.00390216
7056,0.012717165,-0.00318222
7056.25,0.01066278,-0.0026838
7056.5,0.01226028,-0.00198516
7056.75,0.00905463,-0.001994745
7057,0.012683085,-0.00239838
7057.25,0.009434835,-0.00232596
7057.5,0.01198338,-0.003800985
7057.75,0.01264581,-0.004548615
7058,0.00916752,-0.00426639
7058.25,0.013334865,-0.00437076
7058.5,0.009950295,-0.00410664
7058.75,0.011690505,-0.00338883
7059,0.01124214,-0.0025134
7059.25,0.011419995,-0.003055485
7059.5,0.011618085,-0.00293514
7059.75,0.01005999,-0.002982
7060,0.01230927,-0.003253575
7060.25,0.009241005,-0.003270615
7060.5,0.0109695,-0.00312258
7060.75,0.00965955,-0.003302565
7061,0.01021974,-0.00346551
7061.25,0.01141041,-0.00301395
7061.5,0.008301675,-0.003008625
7061.75,0.010463625,-0.00200859
7062,0.007943835,-0.001984095
7062.25,0.009581805,-0.001903155
7062.5,0.01059249,-0.002450565
7062.75,0.00951684,-0.003070395
7063,0.01066278,-0.002738115
7063.25,0.012691605,-0.00390003
7063.5,0.0187227,-0.004397385
7063.75,0.013912095,-0.003477225
7064,0.010263405,-0.00153573
7064.25,0.015234825,-0.00177216
7064.5,0.01629237,-0.00205758
7064.75,0.018902685,-0.00267741
7065,0.020864415,-0.00389151
7065.25,0.021024165,-0.00371046
7065.5,0.02376015,-0.004953315
7065.75,0.0251766,-0.006454965
7066,0.02410947,-0.0051972
7066.25,0.02762823,-0.00587667
7066.5,0.02637579,-0.00569562
7066.75,0.023931615,-0.004124745
7067,0.03429087,-0.00173808
7067.25,0.03532818,-0.003937305
7067.5,0.028647435,-0.0057084
7067.75,0.034901115,-0.0082218
7068,0.037595565,-0.00793638
7068.25,0.047857905,-0.008427345
7068.5,0.064248255,-4.1535e-05
7068.75,0.061981935,0.001430295
7069,0.07392378,0.001922325
7069.25,0.076936665,0.004062975
7069.5,0.07624761,-0.00161667
7069.75,0.083105145,-0.001560225
7070,0.07816035,-0.00522063
7070.25,0.081228615,-0.00434094
7070.5,0.0647733,-0.00382974
7070.75,0.061826445,-0.006868185
7071,0.049197675,-0.00746778
7071.25,0.05244912,-0.007622205
7071.5,0.05767827,-0.00619191
7071.75,0.058318335,-0.003517695
7072,0.06007026,-0.00334836
7072.25,0.061325895,-0.003570945
7072.5,0.06259644,-0.002802015
7072.75,0.078523515,0.001019205
7073,0.05951007,-0.001741275
7073.25,0.045529815,0.00112677
7073.5,0.042268785,0.00067521
7073.75,0.04039971,0.00052611
7074,0.03567537,0.00052185
7074.25,0.04052325,0.000686925
7074.5,0.03065709,0.00156555
7074.75,0.027260805,0.00065817
7075,0.027333225,0.000961695
7075.25,0.02938974,0.000838155
7075.5,0.029301345,0.000774255
7075.75,0.028545195,0.000141645
7076,0.02706165,-3.9405e-05
7076.25,0.023833635,0.000752955
7076.5,0.023671755,0.001042635
7076.75,0.024268155,0.001477155
7077,0.02248215,0.001745535
7077.25,0.02278674,0.002987325
7077.5,0.023420415,0.003123645
7077.75,0.02404557,0.003600765
7078,0.022966725,0.003568815
7078.25,0.022457655,0.003509175
7078.5,0.02103162,0.00208953
7078.75,0.02145336,0.00184671
7079,0.022975245,0.001813695
7079.25,0.020461845,0.001915935
7079.5,0.023435325,0.00225993
7079.75,0.024325665,0.00239625
7080,0.02095707,0.00354432
7080.25,0.021639735,0.00317796
7080.5,0.02106783,0.002974545
7080.75,0.020489535,0.00290958
7081,0.02231814,0.002661435
7081.25,0.021333015,0.00114381
7081.5,0.021102975,0.00193191
7081.75,0.02142354,0.00216195
7082,0.021944325,0.00213639
7082.25,0.021923025,0.00218538
7082.5,0.02352372,0.00210231
7082.75,0.021976275,0.00260286
7083,0.02301678,0.00350811
7083.25,0.022685565,0.00381696
7083.5,0.021175395,0.00389577
7083.75,0.02177499,0.00414285
7084,0.02175369,0.001692285
7084.25,0.02067804,0.001061805
7084.5,0.018608745,0.00109056
7084.75,0.020572605,0.000810465
7085,0.02117007,0.00061983
7085.25,0.020297835,0.000836025
7085.5,0.018753585,0.00117363
7085.75,0.01781106,0.001472895
7086,0.018331845,0.00123753
7086.25,0.01868862,0.000846675
7086.5,0.020751525,0.00132699
7086.75,0.01889097,0.00087969
7087,0.02466966,-0.001513365
7087.25,0.02820333,-0.002131065
7087.5,0.02332137,-0.001668855
7087.75,0.020819685,-0.00158898
7088,0.019565115,-0.00212361
7088.25,0.025224525,-0.001730625
7088.5,0.03871488,-0.000375945
7088.75,0.060985095,0.002885085
7089,0.055355505,0.003619935
7089.25,0.05623626,0.003234405
7089.5,0.06013842,0.003943695
7089.75,0.061587885,0.004320705
7090,0.060454725,0.002520855
7090.25,0.05535018,0.00091164
7090.5,0.049155075,0.001006425
7090.75,0.039983295,0.00121197
7091,0.03419289,-0.002269515
7091.25,0.02406048,-0.0046434
7091.5,0.02846745,-0.00394689
7091.75,0.05378676,-0.00703539
7092,0.06370404,-0.00763392
7092.25,0.06586386,-0.00800028
7092.5,0.06702897,-0.008791575
7092.75,0.07149984,-0.007526355
7093,0.054669645,-0.00612801
7093.25,0.05083671,-0.00571692
7093.5,0.05038728,-0.00850083
7093.75,0.05495826,-0.008146185
7094,0.0572118,-0.008719155
7094.25,0.058192665,-0.00932088
7094.5,0.064946895,-0.00841776
7094.75,0.06663066,-0.008614785
7095,0.07250733,-0.008427345
7095.25,0.07937445,0.000987255
7095.5,0.07122081,0.001398345
7095.75,0.07331034,0.000118215
7096,0.070672335,-0.000126735
7096.25,0.057404565,0.000635805
7096.5,0.05440659,-0.00128865
7096.75,0.03924738,-0.005990625
7097,0.04235505,-0.00522915
7097.25,0.04009725,-0.004823385
7097.5,0.02419041,-0.00401292
7097.75,0.013130385,-0.0039405
7098,0.01534239,-0.00369981
7098.25,0.011143095,-0.00361887
7098.5,0.01011537,-0.00222159
7098.75,0.006608325,-0.0028542
7099,0.00938904,-0.003726435
7099.25,0.010014195,-0.003317475
7099.5,0.009975855,-0.0035571
7099.75,0.011692635,-0.00395967
7100,0.009072735,-0.002776455
7100.25,0.012506295,-0.00219603
7100.5,0.010139865,-0.00214491
7100.75,0.010114305,-0.002848875
7101,0.01185558,-0.002663565
7101.25,0.008729805,-0.00257091
7101.5,0.011379525,-0.003918135
7101.75,0.009379455,-0.004101315
7102,0.009571155,-0.003982035
7102.25,0.01205367,-0.00405126
7102.5,0.00786396,-0.003943695
7102.75,0.01206006,-0.002846745
7103,0.0109056,-0.00275409
7103.25,0.01174056,-0.00274983
7103.5,0.013075005,-0.00207249
7103.75,0.009490215,-0.00201285
7104,0.01076715,-0.00286911
7104.25,0.0099045,-0.004222725
7104.5,0.00918456,-0.00272853
7104.75,0.011273025,-0.002137455
7105,0.00778302,-0.002635875
7105.25,0.011362485,-0.00216621
7105.5,0.011277285,-0.00208953
7105.75,0.010382685,-0.00209592
7106,0.01159785,-0.002011785
7106.25,0.00909723,-0.002026695
7106.5,0.01258404,-0.00223011
7106.75,0.010582905,-0.003140685
7107,0.01040505,-0.00319074
7107.25,0.011040855,-0.003334515
7107.5,0.00765948,-0.00319713
7107.75,0.0100962,-0.002953245
7108,0.009658485,-0.002060775
7108.25,0.010069575,-0.001952145
7108.5,0.012418965,-0.001941495
7108.75,0.007366605,-0.001930845
7109,0.0109482,-0.00195108
7109.25,0.009390105,-0.002761545
7109.5,0.009217575,-0.00302673
7109.75,0.00786396,-0.0036636
7110,0.00617274,-0.00287763
7110.25,0.00935283,-0.00251979
7110.5,0.007068405,-0.001668855
7110.75,0.008082285,-0.00115446
7111,0.00987681,-0.001262025
7111.25,0.009183495,-0.001999005
7111.5,0.03307677,-0.002037345
7111.75,0.036206805,-0.00252405
7112,0.033250365,0.002735985
7112.25,0.05827041,0.002177925
7112.5,0.05620431,0.002337675
7112.75,0.05978271,0.002288685
7113,0.058422705,0.00186162
7113.25,0.0613866,0.002505945
7113.5,0.068584935,0.002874435
7113.75,0.075650145,0.00231318
7114,0.073147395,0.00150804
7114.25,0.06545703,0.002433525
7114.5,0.06074121,0.003136425
7114.75,0.05579535,0.00256878
7115,0.07304196,0.000497355
7115.25,0.06895023,-7.1355e-05
7115.5,0.06110757,-0.007890585
7115.75,0.06476904,-0.008391135
7116,0.05192088,-0.007941705
7116.25,0.0464127,-0.00823671
7116.5,0.046256145,-0.008627565
7116.75,0.043644765,-0.007662675
7117,0.04049556,-0.00698214
7117.25,0.038500815,-0.00602364
7117.5,0.04352016,-0.00733359
7117.75,0.03532179,-0.009445485
7118,0.04463415,-0.008461425
7118.25,0.056601555,-0.00955305
7118.5,0.066022545,-0.001602825
7118.75,0.064650825,7.1355e-05
7119,0.056844375,-0.005730765
7119.25,0.05028504,-0.0108843
7119.5,0.05243208,-0.010431675
7119.75,0.06531645,-0.00885441
7120,0.05076855,-0.007950225
7120.25,0.055214925,-0.00821541
7120.5,0.04350738,-0.003871275
7120.75,0.04110474,-0.00402144
7121,0.02407752,-0.005351625
7121.25,0.01492278,-0.004557135
7121.5,0.00837729,-0.003786075
7121.75,0.007338915,-0.003803115
7122,0.010216545,-0.003451665
7122.25,0.00814299,-0.00297348
7122.5,0.00757854,-0.00253257
7122.75,0.007240935,-0.00261777
7123,0.008514675,-0.002931945
7123.25,0.00871383,-0.002652915
7123.5,0.008859735,-0.002908515
7123.75,0.008947065,-0.00324186
7124,0.008448645,-0.00494586
7124.25,0.00856473,-0.00472647
7124.5,0.008964105,-0.004354785
7124.75,0.00855834,-0.004597605
7125,0.00844971,-0.004825515
7125.25,0.00943377,-0.00315453
7125.5,0.009260175,-0.003415455
7125.75,0.00875004,-0.00298839
7126,0.009377325,-0.003185415
7126.25,0.00922716,-0.002789235
7126.5,0.00878412,-0.00253683
7126.75,0.008205825,-0.00437928
7127,0.007803255,-0.00459015
7127.25,0.00781497,-0.00473286
7127.5,0.008433735,-0.00485214
7127.75,0.008587095,-0.004618905
7128,0.00872022,-0.00282864
7128.25,0.0083922,-0.00293514
7128.5,0.008399655,-0.002192835
7128.75,0.008263335,-0.00180411
7129,0.008420955,-0.00196812
7129.25,0.00793851,-0.0023004
7129.5,0.00844119,-0.003087435
7129.75,0.00789378,-0.00372111
7130,0.008103585,-0.003747735
7130.25,0.00795129,-0.003622065
7130.5,0.007568955,-0.00361674
7130.75,0.008736195,-0.002831835
7131,0.00827718,-0.00247506
7131.25,0.00866271,-0.00221094
7131.5,0.007632855,-0.00222585
7131.75,0.007588125,-0.002478255
7132,0.00822393,-0.00278817
7132.25,0.00804288,-0.002840355
7132.5,0.007093965,-0.00359757
7132.75,0.007439025,-0.0037701
7133,0.00769356,-0.00383613
7133.25,0.007865025,-0.003364335
7133.5,0.008060985,-0.003334515
7133.75,0.00693741,-0.001950015
7134,0.00666477,-0.001824345
7134.25,0.006129075,-0.001743405
7134.5,0.006384675,-0.00197451
7134.75,0.006241965,-0.00205545
7135,0.006322905,-0.001805175
7135.25,0.005515635,-0.003070395
7135.5,0.005483685,-0.002912775
7135.75,0.005113065,-0.002610315
7136,0.003894705,-0.002554935
7136.25,0.00462636,-0.002320635
7136.5,0.00449004,-0.001487805
7136.75,0.00499911,-0.001283325
7137,0.005196135,-0.001304625
7137.25,0.00582555,-0.001562355
7137.5,0.006009795,-0.001600695
7137.75,0.00604707,-0.00162732
7138,0.004859595,-0.00211296
7138.25,0.00486918,-0.00224715
7138.5,0.00370833,-0.001534665
7138.75,0.005008695,-0.001664595
7139,0.005494335,-0.00180411
7139.25,0.006461355,-0.001112925
7139.5,0.00686286,-0.00132912
7139.75,0.007409205,-0.00152508
7140,0.007332525,-0.001513365
7140.25,0.007741485,-0.00136746
7140.5,0.007236675,-0.001845645
7140.75,0.00574035,-0.002718945
7141,0.00430686,-0.0024708
7141.25,0.004201425,-0.00288828
7141.5,0.00486705,-0.00271575
7141.75,0.005673255,-0.002186445
7142,0.005590185,-0.001709325
7142.25,0.00564237,-0.00182328
7142.5,0.00556143,-0.0017892
7142.75,0.00631758,-0.00171039
7143,0.00575313,-0.001506975
7143.25,0.00553587,-0.001875465
7143.5,0.004250415,-0.00250275
7143.75,0.00399588,-0.00264546
7144,0.004344135,-0.00258582
7144.25,0.004710495,-0.003387765
7144.5,0.004863855,-0.002650785
7144.75,0.00533352,-0.002058645
7145,0.005860695,-0.00216621
7145.25,0.005907555,-0.002188575
7145.5,0.00597252,-0.00200646
7145.75,0.006075825,-0.001854165
7146,0.00539742,-0.002378145
7146.25,0.00556995,-0.00301395
7146.5,0.005102415,-0.002542155
7146.75,0.005130105,-0.00210444
7147,0.00614505,-0.002550675
7147.25,0.00715041,-0.003102345
7147.5,0.008080155,-0.002829705
7147.75,0.00807057,-0.0030672
7148,0.00860307,-0.00329298
7148.25,0.008090805,-0.00325251
7148.5,0.008672295,-0.003990555
7148.75,0.00757854,-0.00471369
7149,0.00727821,-0.00544002
7149.25,0.007760655,-0.005087505
7149.5,0.00834321,-0.004493235
7149.75,0.00810252,-0.00395754
7150,0.0087756,-0.00293727
7150.25,0.008095065,-0.00258156
7150.5,0.00836025,-0.00236856
7150.75,0.008127015,-0.002241825
7151,0.008105715,-0.002341935
7151.25,0.00820263,-0.003191805
7151.5,0.00803223,-0.0046221
7151.75,0.00779793,-0.004486845
7152,0.007155735,-0.00309915
7152.25,0.007515705,-0.00303951
7152.5,0.00691398,-0.00279243
7152.75,0.006953385,-0.00233661
7153,0.00723561,-0.00329724
7153.25,0.007104615,-0.00246228
7153.5,0.007658415,-0.002148105
7153.75,0.008499765,-0.00232809
7154,0.00731229,-0.003607155
7154.25,0.00807696,-0.00372963
7154.5,0.0073698,-0.00382122
7154.75,0.00763392,-0.003901095
7155,0.007279275,-0.004201425
7155.25,0.00813234,-0.003406935
7155.5,0.008331495,-0.00272853
7155.75,0.008420955,-0.00258156
7156,0.00712059,-0.00260925
7156.25,0.007969395,-0.002712555
7156.5,0.006966165,-0.003181155
7156.75,0.00628137,-0.005302635
7157,0.006587025,-0.00468813
7157.25,0.006978945,-0.004090665
7157.5,0.0073911,-0.00429834
7157.75,0.00698001,-0.00324825
7158,0.007554045,-0.002629485
7158.25,0.006350595,-0.00209379
7158.5,0.006050265,-0.00205971
7158.75,0.00567645,-0.001834995
7159,0.00562959,-0.001777485
7159.25,0.005215305,-0.002437785
7159.5,0.00519081,-0.00286698
7159.75,0.00486066,-0.00309702
7160,0.00290319,-0.003264225
7160.25,0.00345912,-0.003164115
7160.5,0.004088535,-0.002974545
7160.75,0.004855335,-0.00179772
7161,0.005004435,-0.00191487
7161.25,0.00584046,-0.001973445
7161.5,0.006527385,-0.002075685
7161.75,0.007496535,-0.002077815
7162,0.006676485,-0.002414355
7162.25,0.005852175,-0.00324825
7162.5,0.004124745,-0.00263694
7162.75,0.004135395,-0.002586885
7163,0.00539103,-0.00310767
7163.25,0.006037485,-0.002927685
7163.5,0.00647307,-0.00185097
7163.75,0.00711846,-0.001800915
7164,0.006557205,-0.001692285
7164.25,0.00717597,-0.001560225
7164.5,0.00648585,-0.00179133
7164.75,0.006154635,-0.001756185
7165,0.004638075,-0.00231744
7165.25,0.004295145,-0.002563455
7165.5,0.00578295,-0.00277965
7165.75,0.006154635,-0.00300756
7166,0.005517765,-0.002887215
7166.25,0.00666051,-0.002094855
7166.5,0.00713763,-0.00172743
7166.75,0.007456065,-0.00165501
7167,0.00631545,-0.001498455
7167.25,0.00675423,-0.00175299
7167.5,0.00578082,-0.00158472
7167.75,0.00505449,-0.001875465
7168,0.005115195,-0.002486775
7168.25,0.00518442,-0.002454825
7168.5,0.005098155,-0.00213
7168.75,0.00496929,-0.001860555
7169,0.005466645,-0.00171678
7169.25,0.005707335,-0.001164045
7169.5,0.00692889,-0.001268415
7169.75,0.00644751,-0.00133977
7170,0.006007665,-0.00122049
7170.25,0.00575739,-0.001127835
7170.5,0.00578508,-0.00107991
7170.75,0.005262165,-0.001504845
7171,0.006097125,-0.002563455
7171.25,0.008714895,-0.00252831
7171.5,0.008512545,-0.003102345
7171.75,0.008983275,-0.00331002
7172,0.00926976,-0.0030459
7172.25,0.009223965,-0.00325038
7172.5,0.009338985,-0.002616705
7172.75,0.009466785,-0.00257943
7173,0.01004721,-0.002925555
7173.25,0.0087969,-0.004209945
7173.5,0.009641445,-0.004844685
7173.75,0.00949554,-0.005432565
7174,0.009611625,-0.00456459
7174.25,0.00938052,-0.003749865
7174.5,0.008497635,-0.002921295
7174.75,0.008846955,-0.00267315
7175,0.00910575,-0.0027264
7175.25,0.009136635,-0.0028542
7175.5,0.00841137,-0.003945825
7175.75,0.00832404,-0.004723275
7176,0.00777663,-0.00529944
7176.25,0.00850296,-0.0049416
7176.5,0.00757854,-0.004316445
7176.75,0.00785331,-0.00425574
7177,0.008161095,-0.00450069
7177.25,0.008261205,-0.00274557
7177.5,0.009206925,-0.002769
7177.75,0.00891192,-0.00269232
7178,0.00862224,-0.002580495
7178.25,0.00885654,-0.002567715
7178.5,0.00831339,-0.00444318
7178.75,0.008459295,-0.005571015
7179,0.007705275,-0.005121585
7179.25,0.00808761,-0.004244025
7179.5,0.00802797,-0.00426852
7179.75,0.008497635,-0.00390855
7180,0.00928254,-0.002978805
7180.25,0.008923635,-0.002825445
7180.5,0.008205825,-0.002546415
7180.75,0.00790869,-0.00260073
7181,0.007818165,-0.00355071
7181.25,0.006968295,-0.00486705
7181.5,0.00819624,-0.00449643
7181.75,0.007202595,-0.00329298
7182,0.006861795,-0.003315345
7182.25,0.00639426,-0.00271788
7182.5,0.007617945,-0.00230466
7182.75,0.00662004,-0.001602825
7183,0.006273915,-0.00126522
7183.25,0.00642408,-0.00132699
7183.5,0.00635805,-0.001854165
7183.75,0.02476125,-0.003259965
7184,0.019292475,-0.00441336
7184.25,0.015916425,-0.003198195
7184.5,0.012646875,-0.00307146
7184.75,0.01951719,-0.00320352
7185,0.025296945,-0.00382122
7185.25,0.02972841,-0.00265611
7185.5,0.0290958,-0.003042705
7185.75,0.02832474,-0.004425075
7186,0.02113386,-0.004814865
7186.25,0.026664405,-0.004533705
7186.5,0.019869705,-0.00484362
7186.75,0.01967055,-0.005948025
7187,0.025731465,-0.003494265
7187.25,0.0215982,-0.0031098
7187.5,0.034091715,-0.00446448
7187.75,0.039685095,-0.004410165
7188,0.037433685,-0.003396285
7188.25,0.03587559,-0.003251445
7188.5,0.033983085,-0.002456955
7188.75,0.03326421,-0.002853135
7189,0.028977585,-0.002727465
7189.25,0.026453535,-0.00235152
7189.5,0.0309063,-0.00307572
7189.75,0.034081065,-0.003621
7190,0.034598655,-0.0034506
7190.25,0.034556055,-0.00346977
7190.5,0.033687015,-0.003034185
7190.75,0.03913023,-0.002367495
7191,0.036694575,-0.003306825
7191.25,0.03593523,-0.00335475
7191.5,0.022304295,-0.0035358
7191.75,0.024121185,-0.003242925
7192,0.034087455,-0.0025773
7192.25,0.0439632,-0.003609285
7192.5,0.04302174,-0.004054455
7192.75,0.04106427,-0.003330255
7193,0.044343405,-0.003502785
7193.25,0.036110955,-0.004001205
7193.5,0.026898705,-0.00334197
7193.75,0.0134403,-0.0030672
7194,0.0094785,-0.003317475
7194.25,0.00707586,-0.00244098
7194.5,0.00674571,-0.002150235
7194.75,0.0071994,-0.00180198
7195,0.00795768,-0.00236856
7195.25,0.00803436,-0.00324186
7195.5,0.008472075,-0.003196065
7195.75,0.008514675,-0.00309702
7196,0.00898221,-0.003202455
7196.25,0.008757495,-0.003253575
7196.5,0.00909297,-0.00211509
7196.75,0.008938545,-0.00214917
7197,0.009083385,-0.00231531
7197.25,0.00967233,-0.00336753
7197.5,0.00986616,-0.00354006
7197.75,0.00918669,-0.005268555
7198,0.008702115,-0.00498207
7198.25,0.00862437,-0.00496503
7198.5,0.008011995,-0.00388725
7198.75,0.008780925,-0.003313215
7199,0.00908019,-0.002314245
7199.25,0.009140895,-0.002120415
7199.5,0.0082857,-0.003257835
7199.75,0.00886506,-0.00301182
7200,0.00840711,-0.002356845
7200.25,0.00837942,-0.002540025
7200.5,0.00716532,-0.00233448
7200.75,0.00709503,-0.002550675
7201,0.007828815,-0.00274983
7201.25,0.00700344,-0.003215235
7201.5,0.007984305,-0.003536865
7201.75,0.00839433,-0.002934075
7202,0.00795342,-0.002674215
7202.25,0.008985405,-0.002437785
7202.5,0.009140895,-0.00247506
7202.75,0.008983275,-0.00305655
7203,0.007852245,-0.00313323
7203.25,0.00706734,-0.00386595
7203.5,0.007260105,-0.003877665
7203.75,0.007204725,-0.00393624
7204,0.00769995,-0.00347403
7204.25,0.008148315,-0.00213639
7204.5,0.00803223,-0.00184671
7204.75,0.008203695,-0.00175086
7205,0.00793212,-0.00210018
7205.25,0.007969395,-0.00267528
7205.5,0.00688416,-0.003769035
7205.75,0.00623025,-0.003581595
7206,0.005815965,-0.003029925
7206.25,0.00604281,-0.002420745
7206.5,0.006233445,-0.002150235
7206.75,0.006058785,-0.00162519
7207,0.006163155,-0.001509105
7207.25,0.013707615,-0.002435655
7207.5,0.02804571,-0.00188292
7207.75,0.031126755,-0.001905285
7208,0.025840095,-0.00145266
7208.25,0.03015015,-0.00152934
7208.5,0.03451665,-0.002026695
7208.75,0.031384485,-0.002550675
7209,0.033687015,-0.00322269
7209.25,0.03604386,-0.00291597
7209.5,0.03928146,-0.003168375
7209.75,0.042443445,-0.00365508
7210,0.039821415,-0.003372855
7210.25,0.03696615,-0.003430365
7210.5,0.02985834,-0.003323865
7210.75,0.03105753,-0.003634845
7211,0.030419595,-0.003600765
7211.25,0.033133215,-0.002540025
7211.5,0.040692585,-0.003581595
7211.75,0.03918348,-0.00319287
7212,0.018515025,-0.003485745
7212.25,0.01117824,-0.0039192
7212.5,0.00774681,-0.002870175
7212.75,0.007724445,-0.002137455
7213,0.006107775,-0.00153786
7213.25,0.007790475,-0.00143136
7213.5,0.014889765,-0.00146757
7213.75,0.010412505,-0.00300756
7214,0.01006425,-0.003134295
7214.25,0.01151478,-0.0035997
7214.5,0.0113742,-0.003577335
7214.75,0.0109482,-0.002401575
7215,0.01080336,-0.00222372
7215.25,0.0104583,-0.002606055
7215.5,0.008693595,-0.002674215
7215.75,0.00942525,-0.003204585
7216,0.010103655,-0.003151335
7216.25,0.00989598,-0.00248571
7216.5,0.01027086,-0.00200433
7216.75,0.00556569,-0.002569845
7217,0.00952536,-0.00343782
7217.25,0.005311155,-0.00422166
7217.5,0.00594057,-0.00436437
7217.75,0.005632785,-0.004275975
7218,0.006955515,-0.00155703
7218.25,0.00651567,-0.000787035
7218.5,0.00719727,-0.00132912
7218.75,0.00810891,-0.001958535
7219,0.007581735,-0.00222798
7219.25,0.007634985,-0.002141715
7219.5,0.00810465,-0.002412225
7219.75,0.00926337,-0.002373885
7220,0.009560505,-0.002344065
7220.25,0.009217575,-0.00215982
7220.5,0.00887145,-0.00234513
7220.75,0.0086691,-0.00254109
7221,0.008397525,-0.002629485
7221.25,0.008009865,-0.00333558
7221.5,0.00872235,-0.00387234
7221.75,0.007997085,-0.003449535
7222,0.007628595,-0.00372324
7222.25,0.006961905,-0.00450708
7222.5,0.00656253,-0.00424296
7222.75,0.007102485,-0.003012885
7223,0.00768291,-0.00303951
7223.25,0.007468845,-0.002350455
7223.5,0.00873939,-0.00277965
7223.75,0.00868401,-0.00451773
7224,0.006746775,-0.0055167
7224.25,0.00605772,-0.00487344
7224.5,0.00600447,-0.004712625
7224.75,0.007788345,-0.00537399
7225,0.00924207,-0.003954345
7225.25,0.009818235,-0.00321843
7225.5,0.0092655,-0.00352302
7225.75,0.01000887,-0.004354785
7226,0.00905037,-0.003843585
7226.25,0.00885441,-0.00400653
7226.5,0.00869892,-0.00508644
7226.75,0.0098406,-0.00421953
7227,0.00813447,-0.00369129
7227.25,0.00757428,-0.00456246
7227.5,0.007622205,-0.00520785
7227.75,0.00786183,-0.00498846
7228,0.007945965,-0.003777555
7228.25,0.00867975,-0.00240903
7228.5,0.00835599,-0.002273775
7228.75,0.0081579,-0.00219816
7229,0.00778089,-0.003485745
7229.25,0.00680748,-0.00390216
7229.5,0.0071568,-0.004531575
7229.75,0.00669885,-0.00442614
7230,0.0064539,-0.004099185
7230.25,0.00637296,-0.00338031
7230.5,0.00636231,-0.002821185
7230.75,0.006638145,-0.0017892
7231,0.00580851,-0.00130569
7231.25,0.0068799,-0.00220455
7231.5,0.01113777,-0.002874435
7231.75,0.006584895,-0.002840355
7232,0.00928254,-0.004917105
7232.25,0.018233865,-0.004480455
7232.5,0.014730015,-0.00477546
7232.75,0.016304085,-0.00300543
7233,0.022101945,-9.2655e-05
7233.25,0.027254415,0.00032589
7233.5,0.03592671,0.00069438
7233.75,0.042168675,0.00072633
7234,0.038888475,-0.00433668
7234.25,0.035516685,-0.004591215
7234.5,0.03037593,-0.004544355
7234.75,0.0292023,-0.00438141
7235,0.036958695,-0.00441975
7235.25,0.038845875,-0.00454755
7235.5,0.04085127,-0.0056232
7235.75,0.056980695,-0.001223685
7236,0.04736055,0.00067734
7236.25,0.05130318,0.00093294
7236.5,0.047293455,0.000782775
7236.75,0.048409575,0.00068373
7237,0.039024795,0.000461145
7237.25,0.04341153,0.000350385
7237.5,0.04185024,-0.00011289
7237.75,0.037849035,-0.004691325
7238,0.03548367,-0.004410165
7238.25,0.03489366,-0.004452765
7238.5,0.035322855,-0.00358905
7238.75,0.034206735,-0.00497994
7239,0.03102345,-0.00422379
7239.25,0.032115075,-0.00404061
7239.5,0.02072277,-0.003404805
7239.75,0.02785188,-0.003136425
7240,0.02899782,-0.00323547
7240.25,0.01814334,-0.003751995
7240.5,0.015445695,-0.00426639
7240.75,0.010536045,-0.002923425
7241,0.010653195,-0.002804145
7241.25,0.00977457,-0.002096985
7241.5,0.009877875,-0.00135681
7241.75,0.010359255,-0.00120984
7242,0.00970854,-0.00113103
7242.25,0.009123855,-0.00144627
7242.5,0.007858635,-0.00261564
7242.75,0.00807909,-0.00352728
7243,0.01182576,-0.00374667
7243.25,0.01214313,-0.003055485
7243.5,0.0116511,-0.003217365
7243.75,0.01113564,-0.00359544
7244,0.00985551,-0.00432177
7244.25,0.010921575,-0.0056019
7244.5,0.010996125,-0.00539742
7244.75,0.01082679,-0.005047035
7245,0.01123575,-0.00364869
7245.25,0.01067556,-0.002173665
7245.5,0.00991515,-0.002020305
7245.75,0.00866697,-0.002914905
7246,0.00718449,-0.00387447
7246.25,0.008222865,-0.004261065
7246.5,0.00693741,-0.00433668
7246.75,0.00835599,-0.004224855
7247,0.00803436,-0.00347403
7247.25,0.007822425,-0.002755155
7247.5,0.008940675,-0.002855265
7247.75,0.00821328,-0.002957505
7248,0.00748908,-0.00231105
7248.25,0.00901203,-0.002390925
7248.5,0.00717384,-0.002013915
7248.75,0.00798963,-0.00232596
7249,0.007319745,-0.00235365
7249.25,0.007428375,-0.00229188
7249.5,0.0089247,-0.00198729
7249.75,0.00690972,-0.002484645
7250,0.00806631,-0.00260925
7250.25,0.00817707,-0.002680605
7250.5,0.00816429,-0.001905285
7250.75,0.008944935,-0.00156129
7251,0.007948095,-0.00100323
7251.25,0.008207955,-0.00110121
7251.5,0.008269725,-0.001426035
7251.75,0.00739962,-0.002439915
7252,0.007662675,-0.00219603
7252.25,0.00673293,-0.001656075
7252.5,0.00676488,-0.001590045
7252.75,0.00697788,-0.001464375
7253,0.00706308,-0.00146544
7253.25,0.00824097,-0.001072455
7253.5,0.007707405,-0.00129078
7253.75,0.006143985,-0.001583655
7254,0.00710568,-0.00146757
7254.25,0.006314385,-0.00151869
7254.5,0.0053037,-0.00167418
7254.75,0.00676275,-0.001475025
7255,0.0056019,-0.001296105
7255.25,0.0074124,-0.00128439
7255.5,0.010964175,-0.00221307
7255.75,0.01075863,-0.002672085
7256,0.008589225,-0.002079945
7256.25,0.010201635,-0.002661435
7256.5,0.01388547,-0.002069295
7256.75,0.014891895,-0.00205758
7257,0.01932123,-0.00272853
7257.25,0.01564698,-0.003675315
7257.5,0.01578969,-0.005257905
7257.75,0.01750434,-0.005238735
7258,0.01925307,-0.005643435
7258.25,0.01952358,-0.005813835
7258.5,0.017292405,-0.0050481
7258.75,0.017100705,-0.00431751
7259,0.02087187,-0.004167345
7259.25,0.01973445,-0.004540095
7259.5,0.019347855,-0.00530583
7259.75,0.02105931,-0.00596613
7260,0.022679175,-0.004763745
7260.25,0.0199368,-0.004687065
7260.5,0.01703787,-0.00454329
7260.75,0.017426595,-0.004231245
7261,0.016994205,-0.00391494
7261.25,0.018738675,-0.003982035
7261.5,0.01758315,-0.005313285
7261.75,0.02216052,-0.00420888
7262,0.0234087,-0.0042174
7262.25,0.024468375,-0.00384252
7262.5,0.020466105,-0.003383505
7262.75,0.01795164,-0.00362952
7263,0.015618225,-0.00305229
7263.25,0.018103935,-0.004367565
7263.5,0.01531896,-0.00426213
7263.75,0.01891653,-0.004601865
7264,0.02008377,-0.00496716
7264.25,0.020649285,-0.00477333
7264.5,0.01978983,-0.004094925
7264.75,0.021298935,-0.004512405
7265,0.01888884,-0.003313215
7265.25,0.018385095,-0.00258369
7265.5,0.01624338,-0.002267385
7265.75,0.015901515,-0.00226632
7266,0.013094175,-0.002733855
7266.25,0.012753375,-0.002358975
7266.5,0.010953525,-0.00299265
7266.75,0.009777765,-0.002874435
7267,0.00963186,-0.00258582
7267.25,0.011596785,-0.00302886
7267.5,0.00938478,-0.00243672
7267.75,0.009790545,-0.00226419
7268,0.00974049,-0.0026838
7268.25,0.00971067,-0.00272214
7268.5,0.007336785,-0.00138237
7268.75,0.006278175,-0.00218112
7269,0.00749334,-0.00263268
7269.25,0.006414495,-0.003132165
7269.5,0.006527385,-0.00361461
7269.75,0.006729735,-0.003566685
7270,0.00698214,-0.00342078
7270.25,0.00880542,-0.00183606
7270.5,0.006435795,-0.001688025
7270.75,0.00818772,-0.00155064
7271,0.0075828,-0.002188575
7271.25,0.00720579,-0.00282225
7271.5,0.007166385,-0.00406191
7271.75,0.00646455,-0.00371898
7272,0.007145085,-0.00269019
7272.25,0.007100355,-0.0027477
7272.5,0.0060918,-0.00293514
7272.75,0.00705882,-0.00345273
7273,0.005798925,-0.003015015
7273.25,0.00752955,-0.00243672
7273.5,0.007004505,-0.00213426
7273.75,0.006280305,-0.002482515
7274,0.00797259,-0.00243033
7274.25,0.007417725,-0.003245055
7274.5,0.007292055,-0.003438885
7274.75,0.007202595,-0.00372537
7275,0.006161025,-0.004075755
7275.25,0.00633462,-0.00422592
7275.5,0.00612375,-0.003270615
7275.75,0.006501825,-0.00229188
7276,0.00733146,-0.001585785
7276.25,0.00701409,-0.00112251
7276.5,0.00737406,-0.00098619
7276.75,0.00670098,-0.00122688
7277,0.00605559,-0.00213852
7277.25,0.006966165,-0.00209592
7277.5,0.00546345,-0.0020448
7277.75,0.00472008,-0.001685895
7278,0.005967195,-0.001385565
7278.25,0.00564663,-0.001408995
7278.5,0.006256875,-0.00114807
7278.75,0.005741415,-0.000902055
7279,0.00910362,-0.00120345
7279.25,0.02656749,-0.00186375
7279.5,0.02694663,-0.00306081
7279.75,0.0256239,-0.003336645
7280,0.022300035,-0.002616705
7280.25,0.01969824,-0.00271788
7280.5,0.02532783,-0.004082145
7280.75,0.02644182,-0.005504985
7281,0.02891901,-0.00536121
7281.25,0.031978755,-0.004899
7281.5,0.02782419,-0.00416841
7281.75,0.02998401,-0.00429834
7282,0.030956355,-0.00469452
7282.25,0.032157675,-0.00466683
7282.5,0.026449275,-0.004682805
7282.75,0.029141595,-0.00590862
7283,0.03183498,-0.006793635
7283.25,0.035697735,-0.007475235
7283.5,0.03626538,-0.008169615
7283.75,0.034675335,-0.00595548
7284,0.042130335,-0.006442185
7284.25,0.03398415,-0.00426852
7284.5,0.03334728,-0.003355815
7284.75,0.031124625,-0.00313749
7285,0.026108475,-0.003945825
7285.25,0.025669695,-0.003409065
7285.5,0.027782655,-0.00430047
7285.75,0.03689586,-0.00579786
7286,0.03743688,-0.005922465
7286.25,0.04492809,-0.00692676
7286.5,0.05277075,-0.005952285
7286.75,0.052096605,-0.006369765
7287,0.05287938,-0.00695019
7287.25,0.05573571,-0.006782985
7287.5,0.031934025,-0.004927755
7287.75,0.02279526,-0.00588945
7288,0.023714355,-0.005353755
7288.25,0.02555574,-0.004870245
7288.5,0.02176434,-0.00698001
7288.75,0.0210231,-0.007096095
7289,0.018127365,-0.00668181
7289.25,0.01659696,-0.0069864
7289.5,0.01357236,-0.00641769
7289.75,0.01259895,-0.00593205
7290,0.00806631,-0.002672085
7290.25,0.0063261,-0.001636905
7290.5,0.006063045,-0.001413255
7290.75,0.00630267,-0.00136533
7291,0.00623238,-0.00225141
7291.25,0.00790017,-0.00505662
7291.5,0.00993858,-0.00392985
7291.75,0.006207885,-0.003417585
7292,0.008116365,-0.00307572
7292.25,0.009311295,-0.00350385
7292.5,0.007626465,-0.002750895
7292.75,0.009245265,-0.00309915
7293,0.00821541,-0.00325464
7293.25,0.007590255,-0.003532605
7293.5,0.008983275,-0.00354858
7293.75,0.00856047,-0.002346195
7294,0.00775959,-0.003404805
7294.25,0.00852852,-0.00309276
7294.5,0.00756363,-0.00352941
7294.75,0.006733995,-0.003841455
7295,0.008489115,-0.004186515
7295.25,0.007104615,-0.00384465
7295.5,0.00787461,-0.003313215
7295.75,0.009196275,-0.002586885
7296,0.00825162,-0.002165145
7296.25,0.008374095,-0.00273066
7296.5,0.008094,-0.003894705
7296.75,0.006320775,-0.00449004
7297,0.00819624,-0.00481167
7297.25,0.007771305,-0.003843585
7297.5,0.007428375,-0.0032802
7297.75,0.00954879,-0.00362313
7298,0.00780006,-0.002989455
7298.25,0.007822425,-0.002887215
7298.5,0.010069575,-0.002982
7298.75,0.00764883,-0.00297774
7299,0.007102485,-0.002816925
7299.25,0.009473175,-0.00344208
7299.5,0.007042845,-0.003400545
7299.75,0.00872874,-0.00354432
7300,0.007334655,-0.004005465
7300.25,0.00604707,-0.004050195
7300.5,0.00713976,-0.003743475
7300.75,0.006659445,-0.00251766
7301,0.00716106,-0.002563455
7301.25,0.00896943,-0.00183819
7301.5,0.007982175,-0.001932975
7301.75,0.00614079,-0.00224715
7302,0.006597675,-0.00366786
7302.25,0.004271715,-0.00342504
7302.5,0.004991655,-0.003466575
7302.75,0.00689268,-0.00260925
7303,0.005006565,-0.00225993
7303.25,0.00563811,-0.00184245
7303.5,0.00553374,-0.001413255
7303.75,0.005383575,-0.001340835
7304,0.00361461,-0.000942525
7304.25,0.003319605,-0.000995775
7304.5,0.002976675,-0.00099471
7304.75,0.004171605,-0.00111186
7305,0.003737085,-0.001025595
7305.25,0.003809505,-0.000989385
7305.5,0.007564695,-0.00209805
7305.75,0.008182395,-0.00197664
7306,0.006612585,-0.00208527
7306.25,0.00807909,-0.00194043
7306.5,0.003775425,-0.001607085
7306.75,0.00476268,-0.001440945
7307,0.005720115,-0.0014697
7307.25,0.00533778,-0.001536795
7307.5,0.006753165,-0.002058645
7307.75,0.00669885,-0.003236535
7308,0.005321805,-0.00297987
7308.25,0.006218535,-0.0027051
7308.5,0.0067521,-0.002088465
7308.75,0.005281335,-0.0019596
7309,0.004729665,-0.00151869
7309.25,0.009882135,-0.00111186
7309.5,0.014333835,-0.00150165
7309.75,0.017271105,-0.00163797
7310,0.01460115,-0.001453725
7310.25,0.017181645,-0.00114168
7310.5,0.01584081,-0.00152082
7310.75,0.018110325,-0.002141715
7311,0.020184945,-0.002627355
7311.25,0.01542759,-0.001962795
7311.5,0.010817205,-0.00228123
7311.75,0.011388045,-0.00210444
7312,0.0135042,-0.001709325
7312.25,0.014629905,-0.001568745
7312.5,0.014450985,-0.00113742
7312.75,0.016299825,-0.00119493
7313,0.017170995,-0.001419645
7313.25,0.017829165,-0.001481415
7313.5,0.018879255,-0.00280947
7313.75,0.010099395,-0.003464445
7314,0.00478185,-0.002927685
7314.25,0.005447475,-0.002148105
7314.5,0.005366535,-0.001694415
7314.75,0.00601299,-0.001021335
7315,0.00729099,-0.00139941
7315.25,0.00757428,-0.002030955
7315.5,0.00735063,-0.002335545
7315.75,0.008284635,-0.00233874
7316,0.0083496,-0.00231957
7316.25,0.008855475,-0.00378501
7316.5,0.00766161,-0.00400014
7316.75,0.00817494,-0.004324965
7317,0.00945294,-0.004555005
7317.25,0.007798995,-0.004427205
7317.5,0.007615815,-0.003166245
7317.75,0.00967446,-0.00286698
7318,0.008293155,-0.002137455
7318.25,0.00834108,-0.0026199
7318.5,0.00981291,-0.00201285
7318.75,0.007149345,-0.00209805
7319,0.007879935,-0.003049095
7319.25,0.008834175,-0.00391494
7319.5,0.006955515,-0.004094925
7319.75,0.007360215,-0.004056585
7320,0.00758493,-0.00335475
7320.25,0.008020515,-0.002056515
7320.5,0.007409205,-0.0020022
7320.75,0.00804714,-0.00203841
7321,0.007330395,-0.002163015
7321.25,0.009737295,-0.00238986
7321.5,0.00909084,-0.00442188
7321.75,0.00754872,-0.00527175
7322,0.00925911,-0.00539742
7322.25,0.0086265,-0.004199295
7322.5,0.00683517,-0.0042387
7322.75,0.00909936,-0.003562425
7323,0.006844755,-0.00200646
7323.25,0.006659445,-0.001760445
7323.5,0.007449675,-0.00158046
7323.75,0.00670737,-0.001500585
7324,0.006599805,-0.00137598
7324.25,0.007407075,-0.0015549
7324.5,0.006011925,-0.00145905
7324.75,0.006478395,-0.001673115
7325,0.007626465,-0.001630515
7325.25,0.006241965,-0.00166779
7325.5,0.007918275,-0.001860555
7325.75,0.0057723,-0.001485675
7326,0.004785045,-0.001656075
7326.25,0.006578505,-0.0011289
7326.5,0.006359115,-0.00102879
7326.75,0.005085375,-0.00146544
7327,0.006237705,-0.001871205
7327.25,0.005174835,-0.00184671
7327.5,0.004616775,-0.00247293
7327.75,0.005790405,-0.00248145
7328,0.00324399,-0.001937235
7328.25,0.00355071,-0.001206645
7328.5,0.005115195,-0.00085626
7328.75,0.00507579,-0.00092655
7329,0.005528415,-0.00112251
7329.25,0.00634527,-0.001159785
7329.5,0.00521424,-0.00171678
7329.75,0.005647695,-0.002431395
7330,0.00584472,-0.00255174
7330.25,0.00472221,-0.00249636
7330.5,0.00593631,-0.001866945
7330.75,0.01412403,-0.0008733
7331,0.016318995,-0.000795555
7331.25,0.018080505,-0.00039831
7331.5,0.02145336,-0.000390855
7331.75,0.01878447,-0.00075402
7332,0.01891014,-0.00084774
7332.25,0.02030955,-0.00114807
7332.5,0.015081465,-0.001898895
7332.75,0.01276509,-0.002599665
7333,0.008310195,-0.002160885
7333.25,0.00885228,-0.002693385
7333.5,0.01126557,-0.00272001
7333.75,0.01086513,-0.00185523
7334,0.01089495,-0.001779615
7334.25,0.012282645,-0.001862685
7334.5,0.010461495,-0.002388795
7334.75,0.01842663,-0.00131208
7335,0.0202137,-0.00136533
7335.25,0.01847988,-0.00147822
7335.5,0.016001625,-0.00162306
7335.75,0.01545315,-0.00180837
7336,0.01515708,-0.001688025
7336.25,0.0171891,-0.001692285
7336.5,0.017467065,-0.00170613
7336.75,0.018804705,-0.001000035
7337,0.01977066,-0.001274805
7337.25,0.020372385,-0.001340835
7337.5,0.019428795,-0.001453725
7337.75,0.02080158,-0.00166353
7338,0.02254392,-0.00109695
7338.25,0.020463975,-0.001136355
7338.5,0.019793025,-0.001947885
7338.75,0.01903581,-0.001971315
7339,0.0157407,-0.00259008
7339.25,0.021671685,-0.00289254
7339.5,0.02396037,-0.00312897
7339.75,0.01941708,-0.002776455
7340,0.02246298,-0.00313749
7340.25,0.02142141,-0.003000105
7340.5,0.02339805,-0.00226206
7340.75,0.02006673,-0.002755155
7341,0.01359579,-0.00243459
7341.25,0.00818133,-0.00394263
7341.5,0.00955092,-0.00491604
7341.75,0.00748482,-0.005017215
7342,0.00789591,-0.004774395
7342.25,0.0098619,-0.00489048
7342.5,0.0090312,-0.002680605
7342.75,0.00833043,-0.00278604
7343,0.01018353,-0.002821185
7343.25,0.00868401,-0.00205758
7343.5,0.00925698,-0.003070395
7343.75,0.009381585,-0.00396393
7344,0.007411335,-0.004710495
7344.25,0.00787035,-0.004467675
7344.5,0.00829422,-0.00368916
7344.75,0.007226025,-0.00386169
7345,0.009551985,-0.00351237
7345.25,0.00845823,-0.00295005
7345.5,0.00835173,-0.00417267
7345.75,0.00949341,-0.00423444
7346,0.008486985,-0.00401718
7346.25,0.008382615,-0.003242925
7346.5,0.009174975,-0.004263195
7346.75,0.008567925,-0.00378075
7347,0.007436895,-0.003720045
7347.25,0.009432705,-0.00382548
7347.5,0.008043945,-0.00381057
7347.75,0.00767013,-0.00300969
7348,0.00780645,-0.003023535
7348.25,0.007905495,-0.003232275
7348.5,0.00830274,-0.00295644
7348.75,0.007432635,-0.00247506
7349,0.007428375,-0.00292236
7349.25,0.008550885,-0.003130035
7349.5,0.007426245,-0.003161985
7349.75,0.005530545,-0.003130035
7350,0.007396425,-0.00367851
7350.25,0.006210015,-0.00328659
7350.5,0.00625368,-0.002280165
7350.75,0.0077319,-0.0019596
7351,0.01081614,-0.001826475
7351.25,0.016123035,-0.001869075
7351.5,0.03916857,-0.00256878
7351.75,0.036085395,-0.004335615
7352,0.028875345,-0.0041748
7352.25,0.033548565,-0.00540381
7352.5,0.03351342,-0.00703965
7352.75,0.04078098,-0.004842555
7353,0.048164625,-0.00238134
7353.25,0.046959045,-0.002750895
7353.5,0.05797008,-0.00300969
7353.75,0.065081085,-0.00505449
7354,0.063918105,-0.005008695
7354.25,0.0649437,-0.00605133
7354.5,0.06208524,-0.006054525
7354.75,0.068229225,-0.00522489
7355,0.07148706,-0.005040645
7355.25,0.074595795,-0.003364335
7355.5,0.08209446,-0.002765805
7355.75,0.08601792,-0.002501685
7356,0.078193365,-0.00221094
7356.25,0.061905255,-0.00235365
7356.5,0.069556215,-0.00331641
7356.75,0.069285705,-0.004359045
7357,0.06893745,-0.005534805
7357.25,0.0738684,-0.00470517
7357.5,0.074953635,-0.00611523
7357.75,0.08042028,-0.00608115
7358,0.08201565,-0.00625581
7358.25,0.08831406,-0.00678405
7358.5,0.08623305,-0.00720579
7358.75,0.084672825,-0.007377255
7359,0.08226912,-0.007583865
7359.25,0.07571724,-0.00592566
7359.5,0.06456882,-0.006546555
7359.75,0.065728605,-0.00733359
7360,0.068333595,-0.007468845
7360.25,0.05888811,-0.004670025
7360.5,0.057447165,-0.00373389
7360.75,0.061594275,-0.003353685
7361,0.057187305,-0.00495012
7361.25,0.04648086,-0.00909936
7361.5,0.03866589,-0.0082218
7361.75,0.03787992,-0.006276045
7362,0.02791365,-0.00487983
7362.25,0.02313819,-0.005477295
7362.5,0.012834315,-0.004991655
7362.75,0.008944935,-0.00433668
7363,0.007113135,-0.003792465
7363.25,0.00850722,-0.00387021
7363.5,0.010367775,-0.00297561
7363.75,0.011588265,-0.00206397
7364,0.010744785,-0.002158755
7364.25,0.00966594,-0.00204693
7364.5,0.01057119,-0.00264546
7364.75,0.010161165,-0.003664665
7365,0.01012815,-0.004987395
7365.25,0.010061055,-0.00497994
7365.5,0.0106713,-0.00428982
7365.75,0.011226165,-0.00410877
7366,0.01092477,-0.004410165
7366.25,0.011952495,-0.00339948
7366.5,0.01070751,-0.00269658
7366.75,0.01101849,-0.00281586
7367,0.010195245,-0.00311406
7367.25,0.010318785,-0.00341226
7367.5,0.011513715,-0.003751995
7367.75,0.01049025,-0.00437289
7368,0.01045191,-0.00408108
7368.25,0.009852315,-0.00423018
7368.5,0.009390105,-0.003515565
7368.75,0.008704245,-0.003487875
7369,0.009833145,-0.002701905
7369.25,0.009613755,-0.002889345
7369.5,0.01002378,-0.00287337
7369.75,0.01057119,-0.00273705
7370,0.010685145,-0.00228336
7370.25,0.00965742,-0.003377115
7370.5,0.0104583,-0.003818025
7370.75,0.00993432,-0.00438354
7371,0.009068475,-0.00462423
7371.25,0.00980439,-0.00469665
7371.5,0.010107915,-0.004007595
7371.75,0.01050942,-0.003127905
7372,0.00990237,-0.002525115
7372.25,0.01067556,-0.00254961
7372.5,0.00969576,-0.00230892
7372.75,0.0090951,-0.003685965
7373,0.008938545,-0.004729665
7373.25,0.008591355,-0.004618905
7373.5,0.00833682,-0.004680675
7373.75,0.007240935,-0.00446235
7374,0.00869892,-0.003843585
7374.25,0.009890655,-0.00167205
7374.5,0.00897582,-0.001656075
7374.75,0.01114203,-0.00169761
7375,0.012602145,-0.003125775
7375.25,0.028805055,-0.0037062
7375.5,0.03209058,-0.00444957
7375.75,0.030155475,-0.00433455
7376,0.02328516,-0.00403209
7376.25,0.043597905,-0.005362275
7376.5,0.04596966,-0.006895875
7376.75,0.06035781,-0.006861795
7377,0.05875179,-0.010197375
7377.25,0.066712665,-0.009436965
7377.5,0.063747705,-0.010461495
7377.75,0.05950368,-0.01099932
7378,0.05336928,-0.01085448
7378.25,0.06205755,-0.01139976
7378.5,0.05502429,-0.01249884
7378.75,0.05552058,-0.010836375
7379,0.06444315,-0.012440265
7379.25,0.060113925,-0.01202598
7379.5,0.064058685,-0.01002378
7379.75,0.06821325,-0.00994071
7380,0.07507611,-0.00552948
7380.25,0.087088245,-0.004591215
7380.5,0.08031591,-0.004090665
7380.75,0.080336145,-0.004020375
7381,0.07431144,-0.00323121
7381.25,0.08292729,-0.004401645
7381.5,0.08584752,-0.005745675
7381.75,0.085654755,-0.006178065
7382,0.08255667,-0.00626646
7382.25,0.089075535,-0.006906525
7382.5,0.08367492,-0.00670311
7382.75,0.092189595,-0.004733925
7383,0.09137274,-0.005100285
7383.25,0.09249951,-0.004516665
7383.5,0.08432883,-0.00451773
7383.75,0.08989665,-0.00554013
7384,0.081594975,-0.007025805
7384.25,0.070252725,-0.00910788
7384.5,0.067283505,-0.009502995
7384.75,0.066363345,-0.00851787
7385,0.06589155,-0.006795765
7385.25,0.05029782,-0.00635592
7385.5,0.034783965,-0.00765522
7385.75,0.020679105,-0.006472005
7386,0.019332945,-0.00604707
7386.25,0.020568345,-0.0058788
7386.5,0.018762105,-0.00524619
7386.75,0.01905924,-0.005121585
7387,0.018536325,-0.005564625
7387.25,0.009008835,-0.00222585
7387.5,0.00962334,-0.002552805
7387.75,0.00928893,-0.00347403
7388,0.00955092,-0.004448505
7388.25,0.00950619,-0.004163085
7388.5,0.00974901,-0.004797825
7388.75,0.00933792,-0.005019345
7389,0.01012602,-0.00399588
7389.25,0.01059462,-0.003434625
7389.5,0.009971595,-0.003709395
7389.75,0.01034541,-0.004154565
7390,0.010555215,-0.002870175
7390.25,0.010235715,-0.003023535
7390.5,0.010167555,-0.003494265
7390.75,0.010152645,-0.00425787
7391,0.00988959,-0.00526962
7391.25,0.009592455,-0.00483084
7391.5,0.010329435,-0.004122615
7391.75,0.00974475,-0.004241895
7392,0.011087715,-0.002812665
7392.25,0.009799065,-0.002638005
7392.5,0.009398625,-0.002322765
7392.75,0.009592455,-0.00238986
7393,0.009502995,-0.00244737
7393.25,0.009798,-0.00280308
7393.5,0.009801195,-0.00406191
7393.75,0.009117465,-0.004293015
7394,0.009564765,-0.004452765
7394.25,0.008921505,-0.004691325
7394.5,0.009113205,-0.004799955
7394.75,0.01075437,-0.00356136
7395,0.009848055,-0.00301608
7395.25,0.009711735,-0.003277005
7395.5,0.009958815,-0.00350598
7395.75,0.009266565,-0.003656145
7396,0.00929532,-0.003786075
7396.25,0.00873726,-0.004936275
7396.5,0.008674425,-0.0049629
7396.75,0.00849657,-0.003907485
7397,0.008706375,-0.003771165
7397.25,0.00898008,-0.003083175
7397.5,0.0092016,-0.00229614
7397.75,0.00822819,-0.002620965
7398,0.008118495,-0.00292875
7398.25,0.008985405,-0.002610315
7398.5,0.009021615,-0.00230253
7398.75,0.00759345,-0.00356988
7399,0.005743545,-0.00371259
7399.25,0.012676695,-0.004704105
7399.5,0.012659655,-0.0052185
7399.75,0.00905037,-0.004382475
7400,0.009049305,-0.00307785
7400.25,0.01399836,-0.00371472
7400.5,0.024495,-0.00477546
7400.75,0.035844705,-0.005673255
7401,0.037710585,-0.006316515
7401.25,0.033056535,-0.008303805
7401.5,0.03705987,-0.01005786
7401.75,0.035171625,-0.009098295
7402,0.04000353,-0.00847953
7402.25,0.043455195,-0.00956583
7402.5,0.03437181,-0.01097376
7402.75,0.04587168,-0.007801125
7403,0.04396107,-0.00885015
7403.25,0.04665339,-0.008173875
7403.5,0.050701455,-0.008578575
7403.75,0.051913425,-0.009145155
7404,0.048507555,-0.008231385
7404.25,0.048925035,-0.00808122
7404.5,0.056030715,-0.004310055
7404.75,0.05736942,-0.004859595
7405,0.055078605,-0.006135465
7405.25,0.05546733,-0.00764883
7405.5,0.066606165,-0.007145085
7405.75,0.070435905,-0.006495435
7406,0.06413004,-0.00639639
7406.25,0.07471401,-0.006339945
7406.5,0.07537644,-0.003871275
7406.75,0.0763179,-0.00507153
7407,0.076340265,-0.00554226
7407.25,0.076517055,-0.005918205
7407.5,0.07146789,-0.00728673
7407.75,0.077865345,-0.006716955
7408,0.070976925,-0.006868185
7408.25,0.070697895,-0.00454755
7408.5,0.06599166,-0.004471935
7408.75,0.06144837,-0.0054315
7409,0.064951155,-0.00426213
7409.25,0.060735885,-0.00353793
7409.5,0.04852353,-0.007170645
7409.75,0.03526428,-0.00782562
7410,0.031203435,-0.00862011
7410.25,0.03006282,-0.0056658
7410.5,0.01423692,-0.003954345
7410.75,0.012587235,-0.00365934
7411,0.01476303,-0.003494265
7411.25,0.012065385,-0.003875535
7411.5,0.012125025,-0.00230253
7411.75,0.011077065,-0.003110865
7412,0.010665975,-0.003191805
7412.25,0.01044339,-0.00472647
7412.5,0.008800095,-0.00520572
7412.75,0.010872585,-0.00419184
7413,0.010834245,-0.003728565
7413.25,0.008580705,-0.003349425
7413.5,0.01287798,-0.00263481
7413.75,0.010252755,-0.001719975
7414,0.012163365,-0.00234939
7414.25,0.011875815,-0.001685895
7414.5,0.009100425,-0.00256239
7414.75,0.01290567,-0.002597535
7415,0.008176005,-0.00314388
7415.25,0.011888595,-0.00337392
7415.5,0.01190031,-0.00361887
7415.75,0.01063935,-0.004318575
7416,0.012655395,-0.002248215
7416.25,0.008985405,-0.002968155
7416.5,0.01322304,-0.002182185
7416.75,0.00983634,-0.003066135
7417,0.01152543,-0.002510205
7417.25,0.011594655,-0.00374667
7417.5,0.009554115,-0.003660405
7417.75,0.012152715,-0.003830805
7418,0.009664875,-0.004073625
7418.25,0.011273025,-0.004197165
7418.5,0.0111186,-0.004005465
7418.75,0.010452975,-0.0024921
7419,0.012165495,-0.003272745
7419.25,0.009577545,-0.00285207
7419.5,0.011311365,-0.00280947
7419.75,0.01030281,-0.004493235
7420,0.00951258,-0.004482585
7420.25,0.01080975,-0.005113065
7420.5,0.008331495,-0.00405978
7420.75,0.01040505,-0.00427491
7421,0.008699985,-0.00208953
7421.25,0.01054137,-0.001524015
7421.5,0.010470015,-0.001270545
7421.75,0.0067734,-0.001351485
7422,0.00979587,-0.00130995
7422.25,0.008210085,-0.001549575
7422.5,0.00980013,-0.001615605
7422.75,0.00969363,-0.00164436
7423,0.016966515,-0.001992615
7423.25,0.015294465,-0.003732825
7423.5,0.01473108,-0.00318648
7423.75,0.02856543,-0.003321735
7424,0.025456695,-0.003790335
7424.25,0.022510905,-0.00382761
7424.5,0.017053845,-0.003530475
7424.75,0.019575765,-0.003519825
7425,0.019820715,-0.00531861
7425.25,0.01785579,-0.005202525
7425.5,0.01756611,-0.00581916
7425.75,0.016389285,-0.00522489
7426,0.019079475,-0.005113065
7426.25,0.019117815,-0.00474777
7426.5,0.017232765,-0.00305868
7426.75,0.017296665,-0.003668925
7427,0.01952571,-0.00383826
7427.25,0.017603385,-0.00354645
7427.5,0.020091225,-0.00412155
7427.75,0.02581773,-0.005027865
7428,0.02692533,-0.00511839
7428.25,0.02175795,-0.004491105
7428.5,0.040341135,-0.003464445
7428.75,0.04707726,-0.001930845
7429,0.050124225,-0.002872305
7429.25,0.04867476,-0.002478255
7429.5,0.04539243,-0.00304803
7429.75,0.055227705,-0.0026199
7430,0.0567219,-0.001922325
7430.25,0.06523125,-0.00350385
7430.5,0.065530515,-0.00429621
7430.75,0.066201465,-0.004574175
7431,0.06539952,-0.00433668
7431.25,0.066035325,-0.00525684
7431.5,0.06575097,-0.002782845
7431.75,0.06725688,-0.00346125
7432,0.067204695,-0.002503815
7432.25,0.068442225,-0.003015015
7432.5,0.04130709,-0.004961835
7432.75,0.04049556,-0.00526323
7433,0.03456138,-0.005690295
7433.25,0.027194775,-0.00560403
7433.5,0.016527735,-0.00587028
7433.75,0.01384713,-0.00495225
7434,0.01416663,-0.00567006
7434.25,0.014802435,-0.006267525
7434.5,0.01489296,-0.00389151
7434.75,0.01448187,-0.00345699
7435,0.01087365,-0.00274557
7435.25,0.014474415,-0.00282012
7435.5,0.014574525,-0.004672155
7435.75,0.01280982,-0.004655115
7436,0.013324215,-0.00632397
7436.25,0.01395789,-0.005313285
7436.5,0.013334865,-0.005841525
7436.75,0.01299513,-0.00685221
7437,0.01441371,-0.005620005
7437.25,0.01434768,-0.00593631
7437.5,0.013162335,-0.00413007
7437.75,0.01346799,-0.004891545
7438,0.01463097,-0.005464515
7438.25,0.01250523,-0.003296175
7438.5,0.00631758,-0.0035358
7438.75,0.007999215,-0.0026838
7439,0.00904824,-0.0044304
7439.25,0.00725691,-0.004761615
7439.5,0.00886719,-0.00450495
7439.75,0.010876845,-0.00333345
7440,0.007867155,-0.002982
7440.25,0.008318715,-0.002226915
7440.5,0.007654155,-0.002699775
7440.75,0.00822393,-0.002968155
7441,0.00787248,-0.003530475
7441.25,0.00719088,-0.004516665
7441.5,0.007726575,-0.00414285
7441.75,0.008857605,-0.00494373
7442,0.007626465,-0.00520359
7442.25,0.00864567,-0.00325464
7442.5,0.00937413,-0.0037701
7442.75,0.00784053,-0.003436755
7443,0.008291025,-0.00323547
7443.25,0.009630795,-0.00367425
7443.5,0.0078171,-0.00362739
7443.75,0.00729951,-0.004007595
7444,0.00805779,-0.00288615
7444.25,0.007038585,-0.003920265
7444.5,0.00707373,-0.003783945
7444.75,0.008101455,-0.002343
7445,0.00724413,-0.002699775
7445.25,0.00804501,-0.0027477
7445.5,0.00870105,-0.00233448
7445.75,0.007490145,-0.002625225
7446,0.007321875,-0.00277965
7446.25,0.006989595,-0.002623095
7446.5,0.005377185,-0.00303951
7446.75,0.006712695,-0.00248784
7447,0.01465227,-0.00235152
7447.25,0.03233553,-0.00296496
7447.5,0.03298305,-0.00142284
7447.75,0.03426744,-0.002116155
7448,0.026261835,-0.001973445
7448.25,0.03526854,-0.00217686
7448.5,0.032313165,-0.00292236
7448.75,0.035501775,-0.00325464
7449,0.043747005,-0.003935175
7449.25,0.033003285,-0.003988425
7449.5,0.04335828,-0.00576804
7449.75,0.043099485,-0.005208915
7450,0.04189071,-0.00476907
7450.25,0.04177569,-0.00544854
7450.5,0.03733677,-0.004209945
7450.75,0.038943855,-0.00367851
7451,0.037197255,-0.005285595
7451.25,0.038294205,-0.004768005
7451.5,0.041923725,-0.00417693
7451.75,0.04100463,-0.006533775
7452,0.038720205,-0.00495225
7452.25,0.039772425,-0.005556105
7452.5,0.03787353,-0.005194005
7452.75,0.035284515,-0.00459228
7453,0.02892327,-0.004229115
7453.25,0.03127266,-0.00418758
7453.5,0.033205635,-0.004405905
7453.75,0.0344634,-0.004625295
7454,0.03361992,-0.005132235
7454.25,0.03680427,-0.006552945
7454.5,0.03402462,-0.005739285
7454.75,0.034181175,-0.004827645
7455,0.03491709,-0.00479463
7455.25,0.01679931,-0.004672155
7455.5,0.012090945,-0.00304803
7455.75,0.01261173,-0.002075685
7456,0.01007277,-0.00282012
7456.25,0.010634025,-0.003756255
7456.5,0.009498735,-0.004397385
7456.75,0.00916539,-0.00418119
7457,0.007355955,-0.003756255
7457.25,0.006895875,-0.002638005
7457.5,0.00666903,-0.00351876
7457.75,0.00467322,-0.00312897
7458,0.00618339,-0.00222585
7458.25,0.006484785,-0.002499555
7458.5,0.006069435,-0.00181263
7458.75,0.00697788,-0.00171252
7459,0.007694625,-0.00240477
7459.25,0.00808974,-0.003311085
7459.5,0.008874645,-0.002759415
7459.75,0.00782136,-0.003134295
7460,0.00781284,-0.003396285
7460.25,0.00838368,-0.00320991
7460.5,0.009085515,-0.00353154
7460.75,0.0084348,-0.00364443
7461,0.00905676,-0.00317157
7461.25,0.00959991,-0.002614575
7461.5,0.00960417,-0.003323865
7461.75,0.00997053,-0.002904255
7462,0.00995775,-0.004205685
7462.25,0.00961695,-0.00528453
7462.5,0.008674425,-0.004491105
7462.75,0.009232485,-0.00395541
7463,0.008834175,-0.004857465
7463.25,0.008932155,-0.00509496
7463.5,0.009762855,-0.00402144
7463.75,0.010026975,-0.004297275
7464,0.009034395,-0.00268167
7464.25,0.00947424,-0.002173665
7464.5,0.008636085,-0.002135325
7464.75,0.00780432,-0.00322269
7465,0.008429475,-0.002912775
7465.25,0.008029035,-0.00348468
7465.5,0.007732965,-0.0038553
7465.75,0.008188785,-0.003598635
7466,0.00746139,-0.003864885
7466.25,0.00691398,-0.003992685
7466.5,0.007698885,-0.00284994
7466.75,0.007963005,-0.002322765
7467,0.00703752,-0.002610315
7467.25,0.007230285,-0.002684865
7467.5,0.007292055,-0.00316305
7467.75,0.00675423,-0.004335615
7468,0.006286695,-0.003751995
7468.25,0.0070929,-0.003066135
7468.5,0.006014055,-0.00353367
7468.75,0.006080085,-0.003890445
7469,0.006631755,-0.003724305
7469.25,0.007447545,-0.00248145
7469.5,0.00700344,-0.00281799
7469.75,0.005967195,-0.002297205
7470,0.006131205,-0.002135325
7470.25,0.00535482,-0.003421845
7470.5,0.00518016,-0.003996945
7470.75,0.00533565,-0.003549645
7471,0.004961835,-0.003072525
7471.25,0.00480954,-0.003102345
7471.5,0.005038515,-0.003091695
7471.75,0.005108805,-0.00268167
7472,0.003106605,-0.002084205
7472.25,0.00309702,-0.00168696
7472.5,0.00422379,-0.00124818
7472.75,0.00432603,-0.001841385
7473,0.00448791,-0.002767935
7473.25,0.008280375,-0.00360396
7473.5,0.007571085,-0.00301395
7473.75,0.00743583,-0.003841455
7474,0.009155805,-0.003871275
7474.25,0.00738258,-0.002844615
7474.5,0.00456459,-0.00264333
7474.75,0.00647946,-0.002825445
7475,0.00652632,-0.00194043
7475.25,0.004768005,-0.00258156
7475.5,0.005044905,-0.00333132
7475.75,0.0056871,-0.002684865
7476,0.0049203,-0.00244311
7476.25,0.00481806,-0.00400227
7476.5,0.004307925,-0.00329085
7476.75,0.004469805,-0.00302673
7477,0.00487344,-0.00413646
7477.25,0.006150375,-0.00268593
7477.5,0.005962935,-0.00313962
7477.75,0.00654123,-0.002569845
7478,0.00702048,-0.002126805
7478.25,0.006627495,-0.002776455
7478.5,0.006465615,-0.00247506
7478.75,0.00653697,-0.002514465
7479,0.005643435,-0.004013985
7479.25,0.006058785,-0.003423975
7479.5,0.00464979,-0.00413007
7479.75,0.0049629,-0.00346977
7480,0.00535056,-0.003298305
7480.25,0.005784015,-0.003943695
7480.5,0.00438141,-0.00181689
7480.75,0.004107705,-0.001892505
7481,0.00413007,-0.00159111
7481.25,0.00510774,-0.001302495
7481.5,0.00535908,-0.00262203
7481.75,0.00457098,-0.002620965
7482,0.005019345,-0.002254605
7482.25,0.004704105,-0.00272001
7482.5,0.012955725,-0.00221946
7482.75,0.01095459,-0.00304377
7483,0.009104685,-0.002874435
7483.25,0.009294255,-0.0017679
7483.5,0.0077958,-0.00255813
7483.75,0.008467815,-0.002350455
7484,0.00817494,-0.002224785
7484.25,0.00772551,-0.003634845
7484.5,0.00759132,-0.00366573
7484.75,0.007383645,-0.00358479
7485,0.007451805,-0.004648725
7485.25,0.007739355,-0.00441336
7485.5,0.008116365,-0.00390429
7485.75,0.00878199,-0.004574175
7486,0.00818772,-0.00306081
7486.25,0.0090951,-0.00326955
7486.5,0.00745713,-0.003758385
7486.75,0.00756576,-0.00358905
7487,0.007149345,-0.00388725
7487.25,0.00728247,-0.005032125
7487.5,0.00740175,-0.005496465
7487.75,0.008158965,-0.003685965
7488,0.006376155,-0.003191805
7488.25,0.006354855,-0.00326742
7488.5,0.00683517,-0.002478255
7488.75,0.00663708,-0.002182185
7489,0.006574245,-0.002571975
7489.25,0.00705243,-0.002343
7489.5,0.007468845,-0.00292236
7489.75,0.00663921,-0.004173735
7490,0.00702261,-0.004401645
7490.25,0.00752742,-0.003762645
7490.5,0.00682452,-0.00454755
7490.75,0.0071781,-0.004469805
7491,0.00656892,-0.00322908
7491.25,0.006310125,-0.001892505
7491.5,0.00720792,-0.0016188
7491.75,0.007296315,-0.001217295
7492,0.006546555,-0.00114594
7492.25,0.006510345,-0.001728495
7492.5,0.005605095,-0.0015975
7492.75,0.006425145,-0.0013206
7493,0.00629415,-0.002005395
7493.25,0.00609393,-0.00203415
7493.5,0.005517765,-0.00228336
7493.75,0.004906455,-0.001619865
7494,0.00549753,-0.001820085
7494.25,0.00541659,-0.001924455
7494.5,0.005664735,-0.001483545
7494.75,0.005519895,-0.00164436
7495,0.004838295,-0.002105505
7495.25,0.00557847,-0.00225993
7495.5,0.006708435,-0.00299904
7495.75,0.005773365,-0.00299052
7496,0.00314601,-0.001875465
7496.25,0.00303525,-0.00197877
7496.5,0.003609285,-0.001924455
7496.75,0.00415989,-0.00125883
7497,0.005283465,-0.00156129
7497.25,0.00510774,-0.00177003
7497.5,0.005700945,-0.00151443
7497.75,0.00557634,-0.00145053
7498,0.005155665,-0.002510205
7498.25,0.005624265,-0.002525115
7498.5,0.00305442,-0.002450565
7498.75,0.0030246,-0.00203202
7499,0.00434094,-0.00186375
7499.25,0.004710495,-0.00247719
7499.5,0.006254745,-0.00175299
7499.75,0.00587241,-0.001728495
7500,0.00485001,-0.001822215
7500.25,0.00615144,-0.00168057
7500.5,0.004991655,-0.00171252
7500.75,0.00523128,-0.00170613
7501,0.003973515,-0.001922325
7501.25,0.003703005,-0.002625225
7501.5,0.004904325,-0.00248358
7501.75,0.005036385,-0.00274344
7502,0.00464127,-0.002614575
7502.25,0.006178065,-0.00175938
7502.5,0.005873475,-0.001596435
7502.75,0.005368665,-0.00181263
7503,0.00540594,-0.00125244
7503.25,0.00490539,-0.001445205
7503.5,0.00495012,-0.00132273
7503.75,0.004454895,-0.001969185
7504,0.003745605,-0.00195321
7504.25,0.00512691,-0.00201498
7504.5,0.00448365,-0.00156129
7504.75,0.004467675,-0.001639035
7505,0.00535695,-0.001270545
7505.25,0.00558486,-0.001709325
7505.5,0.005818095,-0.001877595
7505.75,0.006267525,-0.001462245
7506,0.005835135,-0.00163797
7506.25,0.017565045,-0.00128865
7506.5,0.017567175,-0.003132165
7506.75,0.015398835,-0.00334623
7507,0.01000035,-0.003112995
7507.25,0.01689516,-0.00360609
7507.5,0.01322091,-0.00403635
7507.75,0.01747878,-0.00204054
7508,0.017499015,-0.00276474
7508.25,0.01008768,-0.002233305
7508.5,0.008723415,-0.00260712
7508.75,0.00824949,-0.002482515
7509,0.00787248,-0.003208845
7509.25,0.00743157,-0.00402996
7509.5,0.007767045,-0.004241895
7509.75,0.00724839,-0.00379779
7510,0.00756576,-0.003696615
7510.25,0.00740388,-0.003967125
7510.5,0.007973655,-0.002652915
7510.75,0.008346405,-0.002182185
7511,0.00760197,-0.00309489
7511.25,0.00785544,-0.003195
7511.5,0.00806418,-0.003566685
7511.75,0.00787035,-0.00439632
7512,0.007085445,-0.00458802
7512.25,0.007500795,-0.00438354
7512.5,0.007228155,-0.003760515
7512.75,0.00643047,-0.004369695
7513,0.007926795,-0.00398736
7513.25,0.00810465,-0.002985195
7513.5,0.008184525,-0.004045935
7513.75,0.00755511,-0.00444105
7514,0.007879935,-0.004158825
7514.25,0.007428375,-0.00397032
7514.5,0.007093965,-0.0050481
7514.75,0.00725478,-0.005238735
7515,0.007253715,-0.00433881
7515.25,0.00695871,-0.00415776
7515.5,0.006503955,-0.00505023
7515.75,0.00711207,-0.00394689
7516,0.007368735,-0.00302247
7516.25,0.00712698,-0.00376584
7516.5,0.006642405,-0.00351876
7516.75,0.007155735,-0.002887215
7517,0.006589155,-0.004322835
7517.25,0.006265395,-0.004444245
7517.5,0.00560403,-0.003709395
7517.75,0.005108805,-0.003419715
7518,0.00513117,-0.00400014
7518.25,0.005483685,-0.00382761
7518.5,0.00612375,-0.00260073
7518.75,0.005854305,-0.002165145
7519,0.005328195,-0.00243672
7519.25,0.00730164,-0.00284994
7519.5,0.02929176,-0.002567715
7519.75,0.02814369,-0.003967125
7520,0.024579135,-0.00443679
7520.25,0.029365245,-0.004991655
7520.5,0.031738065,-0.004171605
7520.75,0.03304269,-0.00588732
7521,0.03946038,-0.00638148
7521.25,0.039885315,-0.00514182
7521.5,0.045133635,-0.007867155
7521.75,0.04359045,-0.007660545
7522,0.042522255,-0.004868115
7522.25,0.048507555,-0.005396355
7522.5,0.036671145,-0.006137595
7522.75,0.036609375,-0.005551845
7523,0.03936879,-0.00524406
7523.25,0.04215909,-0.005867085
7523.5,0.044362575,-0.006203625
7523.75,0.046207155,-0.007466715
7524,0.039668055,-0.00620043
7524.25,0.030370605,-0.00519507
7524.5,0.03377754,-0.005971455
7524.75,0.043350825,-0.002706165
7525,0.041755455,-0.004657245
7525.25,0.043233675,-0.005411265
7525.5,0.05244486,-0.006195105
7525.75,0.057266115,-0.007624335
7526,0.05764419,-0.006727605
7526.25,0.05766123,-0.006883095
7526.5,0.053679195,-0.00684156
7526.75,0.051751545,-0.00705243
7527,0.046910055,-0.005890515
7527.25,0.045517035,-0.00506514
7527.5,0.04440198,-0.005788275
7527.75,0.042618105,-0.006005535
7528,0.04311546,-0.00574887
7528.25,0.044307195,-0.00605346
7528.5,0.03833361,-0.007513575
7528.75,0.027961575,-0.00798537
7529,0.027684675,-0.007417725
7529.25,0.024323535,-0.00759771
7529.5,0.02134686,-0.006618975
7529.75,0.019903785,-0.00780858
7530,0.01714011,-0.00680961
7530.25,0.012757635,-0.004214205
7530.5,0.010003545,-0.00233874
7530.75,0.005735025,-0.002757285
7531,0.00479889,-0.00242394
7531.25,0.00470091,-0.00290745
7531.5,0.006697785,-0.0028755
7531.75,0.007351695,-0.00246867
7532,0.006007665,-0.00285207
7532.25,0.00778728,-0.00207675
7532.5,0.008207955,-0.002199225
7532.75,0.006655185,-0.00267315
7533,0.00801093,-0.0023643
7533.25,0.007189815,-0.002663565
7533.5,0.006501825,-0.004804215
7533.75,0.00755937,-0.004011855
7534,0.00678618,-0.004985265
7534.25,0.006593415,-0.004953315
7534.5,0.00671589,-0.004139655
7534.75,0.006680745,-0.003858495
7535,0.008506155,-0.00346125
7535.25,0.00729099,-0.002561325
7535.5,0.007965135,-0.00354858
7535.75,0.00772338,-0.002603925
7536,0.00671163,-0.00228336
7536.25,0.00678618,-0.002763675
7536.5,0.006382545,-0.002520855
7536.75,0.00649011,-0.002405835
7537,0.006529515,-0.003413325
7537.25,0.00597039,-0.002678475
7537.5,0.00734211,-0.00220668
7537.75,0.00789378,-0.002695515
7538,0.00695232,-0.003017145
7538.25,0.007004505,-0.00295218
7538.5,0.00707799,-0.00348255
7538.75,0.00605346,-0.00471795
7539,0.006740385,-0.00483936
7539.25,0.006555075,-0.00414924
7539.5,0.0063474,-0.00465618
7539.75,0.00688842,-0.00489474
7540,0.006548685,-0.0030885
7540.25,0.006785115,-0.00256665
7540.5,0.005973585,-0.003191805
7540.75,0.006148245,-0.0033015
7541,0.008114235,-0.003355815
7541.25,0.00544428,-0.00427278
7541.5,0.005517765,-0.00433668
7541.75,0.005338845,-0.00292023
7542,0.004638075,-0.003055485
7542.25,0.005083245,-0.002868045
7542.5,0.005034255,-0.00245376
7542.75,0.005666865,-0.001172565
7543,0.008625435,-0.00198729
7543.25,0.008557275,-0.002175795
7543.5,0.015599055,-0.001981965
7543.75,0.01808157,-0.004627425
7544,0.01862046,-0.004175865
7544.25,0.02248215,-0.00375732
7544.5,0.014357265,-0.004488975
7544.75,0.014676765,-0.0042387
7545,0.0245802,-0.00542511
7545.25,0.02725548,-0.00520146
7545.5,0.02885937,-0.00672867
7545.75,0.029816805,-0.00726969
7546,0.031814745,-0.007511445
7546.25,0.041173965,-0.00679044
7546.5,0.032671005,-0.004463415
7546.75,0.03710034,-0.0062622
7547,0.045751335,-0.00680961
7547.25,0.036451755,-0.00754659
7547.5,0.03796299,-0.00769356
7547.75,0.04322835,-0.00720366
7548,0.046202895,-0.00773616
7548.25,0.052901745,-0.00716319
7548.5,0.04447866,-0.005722245
7548.75,0.037337835,-0.006953385
7549,0.034262115,-0.006885225
7549.25,0.035043825,-0.0064113
7549.5,0.037186605,-0.00813234
7549.75,0.037576395,-0.007164255
7550,0.038952375,-0.00589797
7550.25,0.045161325,-0.006902265
7550.5,0.041563755,-0.00706734
7550.75,0.050296755,-0.00333132
7551,0.053355435,-0.0028329
7551.25,0.058145805,-0.00425574
7551.5,0.05029995,-0.00303738
7551.75,0.051006045,-0.00245589
7552,0.054650475,-0.00417267
7552.25,0.046428675,-0.005353755
7552.5,0.03583299,-0.006250485
7552.75,0.0239199,-0.007726575
7553,0.018862215,-0.006103515
7553.25,0.02751747,-0.00389151
7553.5,0.01494195,-0.00448365
7553.75,0.014312535,-0.0034506
7554,0.01345308,-0.003585855
7554.25,0.00926763,-0.00263055
7554.5,0.00782775,-0.001958535
7554.75,0.00673293,-0.002770065
7555,0.0074337,-0.003423975
7555.25,0.00998757,-0.00277539
7555.5,0.01227306,-0.00330789
7555.75,0.010312395,-0.00278817
7556,0.01206219,-0.002697645
7556.25,0.01117611,-0.002314245
7556.5,0.011505195,-0.003006495
7556.75,0.011937585,-0.002870175
7557,0.01200255,-0.00303738
7557.25,0.0079875,-0.004989525
7557.5,0.0085413,-0.005125845
7557.75,0.00864354,-0.004644465
7558,0.008210085,-0.005230215
7558.25,0.00964251,-0.0033867
7558.5,0.00904611,-0.00258582
7558.75,0.00874152,-0.00369768
7559,0.00972984,-0.002652915
7559.25,0.0096915,-0.003277005
7559.5,0.01003017,-0.004457025
7559.75,0.00903972,-0.003724305
7560,0.007980045,-0.003202455
7560.25,0.008627565,-0.00377223
7560.5,0.00806631,-0.0038766
7560.75,0.007424115,-0.00296496
7561,0.00852213,-0.002582625
7561.25,0.008925765,-0.002531505
7561.5,0.008736195,-0.002991585
7561.75,0.00910788,-0.003385635
7562,0.00980652,-0.00316518
7562.25,0.00802584,-0.004834035
7562.5,0.008307,-0.00615996
7562.75,0.0092016,-0.00437289
7563,0.00801945,-0.00526962
7563.25,0.007690365,-0.005875605
7563.5,0.009019485,-0.00348468
7563.75,0.008035425,-0.00446022
7564,0.00846249,-0.00419823
7564.25,0.00951897,-0.00290532
7564.5,0.007694625,-0.004026765
7564.75,0.00756576,-0.004229115
7565,0.00847314,-0.004129005
7565.25,0.00712059,-0.005010825
7565.5,0.00660087,-0.00364656
7565.75,0.00655188,-0.00282651
7566,0.00557634,-0.00308211
7566.25,0.006733995,-0.001879725
7566.5,0.007803255,-0.00113955
7566.75,0.00684156,-0.00150804
7567,0.00624516,-0.00227484
7567.25,0.01015371,-0.00152295
7567.5,0.024346965,-0.00278178
7567.75,0.02566011,-0.002989455
7568,0.027812475,-0.003504915
7568.25,0.037425165,-0.00757854
7568.5,0.035695605,-0.00758919
7568.75,0.056115915,-0.001164045
7569,0.067462425,-5.751e-05
7569.25,0.07973442,-0.00222585
7569.5,0.082506615,-0.00097128
7569.75,0.0904824,-0.001909545
7570,0.09523656,-0.003596505
7570.25,0.08706588,-0.002614575
7570.5,0.087584535,-0.003875535
7570.75,0.08553015,-0.003345165
7571,0.093697635,-0.00293301
7571.25,0.10340298,-0.00247719
7571.5,0.106965405,-0.002529375
7571.75,0.115253235,-0.001756185
7572,0.103029165,-0.001913805
7572.25,0.1100358,-0.002114025
7572.5,0.115129695,-0.00180198
7572.75,0.11931195,-0.00573822
7573,0.108115605,-0.00525897
7573.25,0.11021685,-0.00430473
7573.5,0.109825995,-0.005140755
7573.75,0.106969665,-0.00329937
7574,0.10720716,-0.002218395
7574.25,0.10513893,-0.00245163
7574.5,0.108984645,-0.003336645
7574.75,0.10637007,-0.00259008
7575,0.110496945,-0.00255813
7575.25,0.104332725,-0.00217047
7575.5,0.092841375,-0.002429265
7575.75,0.084732465,-0.003573075
7576,0.089855115,-0.00494799
7576.25,0.065705175,-0.009426315
7576.5,0.058009485,-0.01023678
7576.75,0.06054738,-0.009511515
7577,0.062348295,-0.00725904
7577.25,0.05874966,-0.00856473
7577.5,0.059824245,-0.009004575
7577.75,0.046309395,-0.006126945
7578,0.036015105,-0.003536865
7578.25,0.038630745,-0.00409386
7578.5,0.03291702,-0.00395967
7578.75,0.022391625,-0.00687138
7579,0.02669742,-0.009488085
7579.25,0.0313749,-0.00906528
7579.5,0.03481272,-0.007911885
7579.75,0.031456905,-0.00923355
7580,0.027286365,-0.00859881
7580.25,0.0280308,-0.00713976
7580.5,0.02833965,-0.008840565
7580.75,0.013507395,-0.00446874
7581,0.011089845,-0.003805245
7581.25,0.009326205,-0.006337815
7581.5,0.00953388,-0.00637935
7581.75,0.00943803,-0.004403775
7582,0.008239905,-0.00394476
7582.25,0.00981504,-0.0032376
7582.5,0.00884376,-0.00224928
7582.75,0.00931449,-0.002343
7583,0.009417795,-0.0029181
7583.25,0.00847314,-0.00277539
7583.5,0.010122825,-0.00283077
7583.75,0.00838581,-0.005274945
7584,0.008934285,-0.005867085
7584.25,0.010595685,-0.004150305
7584.5,0.00768078,-0.004301535
7584.75,0.0082431,-0.004459155
7585,0.009984375,-0.00279456
7585.25,0.00842202,-0.00351024
7585.5,0.010024845,-0.00364656
7585.75,0.00986403,-0.00357627
7586,0.008787315,-0.00485214
7586.25,0.00994497,-0.004795695
7586.5,0.008227125,-0.00436224
7586.75,0.00862863,-0.00558486
7587,0.0082431,-0.00561255
7587.25,0.007980045,-0.00469665
7587.5,0.00971919,-0.003568815
7587.75,0.007801125,-0.00390855
7588,0.00795555,-0.0040683
7588.25,0.009696825,-0.00286272
7588.5,0.007669065,-0.00358479
7588.75,0.007334655,-0.004388865
7589,0.008793705,-0.004829775
7589.25,0.008094,-0.004454895
7589.5,0.00716958,-0.00520785
7589.75,0.006625365,-0.004810605
7590,0.006785115,-0.003340905
7590.25,0.00872448,-0.003304695
7590.5,0.007070535,-0.0035784
7590.75,0.007062015,-0.002452695
7591,0.008073765,-0.002316375
7591.25,0.01031985,-0.00161241
7591.5,0.0304377,0.00370833
7591.75,0.02951115,0.003234405
7592,0.02933862,0.002735985
7592.25,0.044931285,0.00082644
7592.5,0.043872675,0.000197025
7592.75,0.06009369,-0.00043026
7593,0.063596475,-0.00123327
7593.25,0.06666687,-0.001526145
7593.5,0.056575995,-0.002399445
7593.75,0.06132696,-0.00270297
7594,0.05040858,-0.00252618
7594.25,0.054620655,-0.00373815
7594.5,0.0473499,-0.00271788
7594.75,0.05188254,-0.001962795
7595,0.06476478,-0.001181085
7595.25,0.07390461,-0.00138237
7595.5,0.06929742,-0.000535695
7595.75,0.071969505,-0.00026199
7596,0.075711915,0.000203415
7596.25,0.07588125,-0.00039192
7596.5,0.07802616,8.094e-05
7596.75,0.07894632,-0.001530405
7597,0.07145937,-0.001709325
7597.25,0.07475874,-0.00270936
7597.5,0.080958105,-0.001888245
7597.75,0.089893455,0.00262629
7598,0.09950295,0.003766905
7598.25,0.101642535,0.00480954
7598.5,0.099423075,0.0040257
7598.75,0.089546265,0.004207815
7599,0.089999955,0.005436825
7599.25,0.09136422,0.00542085
7599.5,0.078299865,0.003820155
7599.75,0.07777908,-0.00055593
7600,0.050241375,-0.00979587
7600.25,0.048737595,-0.010401855
7600.5,0.050481,-0.008870385
7600.75,0.04997619,-0.007074795
7601,0.0457524,-0.009398625
7601.25,0.044558535,-0.009899175
7601.5,0.04616136,-0.00966168
7601.75,0.03335367,-0.008761755
7602,0.027152175,-0.006241965
7602.25,0.02052042,-0.00539529
7602.5,0.01918704,-0.00591714
7602.75,0.019371285,-0.005187615
7603,0.01822215,-0.005036385
7603.25,0.019805805,-0.007805385
7603.5,0.02435868,-0.00690759
7603.75,0.022738815,-0.005600835
7604,0.02345556,-0.00595974
7604.25,0.02299335,-0.00678831
7604.5,0.022689825,-0.00735702
7604.75,0.02596257,-0.006474135
7605,0.02425431,-0.009541335
7605.25,0.022753725,-0.008970495
7605.5,0.025825185,-0.009556245
7605.75,0.022532205,-0.007539135
7606,0.02256096,-0.008844825
7606.25,0.025382145,-0.00769143
7606.5,0.0241755,-0.00624729
7606.75,0.023079615,-0.00622386
7607,0.023978475,-0.007157865
7607.25,0.02068869,-0.0064965
7607.5,0.00965742,-0.00538464
7607.75,0.00853065,-0.006105645
7608,0.008088675,-0.004757355
7608.25,0.00918243,-0.00477972
7608.5,0.00730803,-0.00495225
7608.75,0.008205825,-0.002650785
7609,0.009658485,-0.002512335
7609.25,0.008685075,-0.00280521
7609.5,0.009662745,-0.003381375
7609.75,0.009091905,-0.002972415
7610,0.00830274,-0.00445809
7610.25,0.008844825,-0.00479463
7610.5,0.00774255,-0.004271715
7610.75,0.008512545,-0.00340587
7611,0.008514675,-0.003988425
7611.25,0.00803436,-0.00321843
7611.5,0.00861585,-0.002880825
7611.75,0.009241005,-0.002704035
7612,0.007820295,-0.00333345
7612.25,0.00842628,-0.003321735
7612.5,0.007941705,-0.003626325
7612.75,0.00741879,-0.00391494
7613,0.008163225,-0.004520925
7613.25,0.006855405,-0.004395255
7613.5,0.006995985,-0.003364335
7613.75,0.00662856,-0.003010755
7614,0.005845785,-0.003149205
7614.25,0.00787461,-0.002273775
7614.5,0.007206855,-0.001824345
7614.75,0.00657744,-0.002376015
7615,0.007036455,-0.00322482
7615.25,0.009349635,-0.002295075
7615.5,0.03231636,-0.002948985
7615.75,0.032613495,-0.00326529
7616,0.03371577,-0.00337392
7616.25,0.04227837,-0.00427065
7616.5,0.0531861,-0.004275975
7616.75,0.060720975,-0.003509175
7617,0.069064185,-0.004422945
7617.25,0.06454965,-0.00471582
7617.5,0.07396425,-0.006154635
7617.75,0.073701195,-0.006738255
7618,0.071543505,-0.007583865
7618.25,0.07524225,-0.00752955
7618.5,0.055127595,-0.00784692
7618.75,0.05705844,-0.007200465
7619,0.0553587,-0.006582765
7619.25,0.05577405,-0.00600021
7619.5,0.053802735,-0.00650289
7619.75,0.05670273,-0.00641769
7620,0.04246794,-0.00490326
7620.25,0.04673646,-0.006014055
7620.5,0.043363605,-0.006998115
7620.75,0.05767827,-0.007272885
7621,0.058514295,-0.007004505
7621.25,0.06237492,-0.00852213
7621.5,0.05611059,-0.007488015
7621.75,0.05975715,-0.00649863
7622,0.06499269,-0.00765309
7622.25,0.046826985,-0.007076925
7622.5,0.023043405,-0.003645495
7622.75,0.050481,-0.00630054
7623,0.054426825,-0.008207955
7623.25,0.021848475,-0.003766905
7623.5,0.04655541,-0.005901165
7623.75,0.05034681,-0.008763885
7624,0.04955871,-0.007971525
7624.25,0.04362879,-0.00772551
7624.5,0.04685787,-0.00645816
7624.75,0.051898515,-0.008919375
7625,0.04347543,-0.006109905
7625.25,0.03906207,-0.004644465
7625.5,0.01856934,-0.005496465
7625.75,0.005943765,-0.002510205
7626,0.00630054,-0.002646525
7626.25,0.00466044,-0.00245376
7626.5,0.00503106,-0.00254322
7626.75,0.00574461,-0.00265611
7627,0.004069365,-0.00365934
7627.25,0.0044304,-0.004412295
7627.5,0.00554865,-0.004043805
7627.75,0.00671802,-0.003954345
7628,0.00698214,-0.00316305
7628.25,0.007400685,-0.003928785
7628.5,0.00767226,-0.00421953
7628.75,0.008320845,-0.00287337
7629,0.007935315,-0.00315879
7629.25,0.00681813,-0.004054455
7629.5,0.00579786,-0.005093895
7629.75,0.006531645,-0.00489048
7630,0.00788313,-0.005594445
7630.25,0.007718055,-0.006846885
7630.5,0.00616635,-0.005894775
7630.75,0.007845855,-0.002829705
7631,0.006868185,-0.003172635
7631.25,0.00658383,-0.003668925
7631.5,0.00780645,-0.003164115
7631.75,0.008178135,-0.002970285
7632,0.006797895,-0.004252545
7632.25,0.006808545,-0.006103515
7632.5,0.00763179,-0.005394225
7632.75,0.00708225,-0.006020445
7633,0.005994885,-0.00522063
7633.25,0.006450705,-0.00364443
7633.5,0.007100355,-0.00239199
7633.75,0.00645177,-0.00325251
7634,0.00689907,-0.00329298
7634.25,0.007809645,-0.002629485
7634.5,0.00627498,-0.00373815
7634.75,0.006103515,-0.0049629
7635,0.006927825,-0.00463275
7635.25,0.007004505,-0.004320705
7635.5,0.00610671,-0.00496716
7635.75,0.00716532,-0.003681705
7636,0.00682665,-0.002882955
7636.25,0.00686925,-0.003685965
7636.5,0.00687351,-0.00336753
7636.75,0.00686712,-0.00272001
7637,0.00673719,-0.00378927
7637.25,0.005609355,-0.004719015
7637.5,0.005786145,-0.0036423
7637.75,0.00484575,-0.00421527
7638,0.00475629,-0.005479425
7638.25,0.00499485,-0.00457098
7638.5,0.005504985,-0.00284142
7638.75,0.006133335,-0.002482515
7639,0.00566154,-0.003351555
7639.25,0.005230215,-0.00336327
7639.5,0.006014055,-0.002478255
7639.75,0.00452838,-0.004710495
7640,0.002885085,-0.00416202
7640.25,0.00384891,-0.00368703
7640.5,0.0040896,-0.00387447
7640.75,0.00398949,-0.00430686
7641,0.00526536,-0.00252618
7641.25,0.00511839,-0.00287124
7641.5,0.005803185,-0.00362739
7641.75,0.004608255,-0.00257091
7642,0.004650855,-0.00177216
7642.25,0.004721145,-0.00227271
7642.5,0.003147075,-0.002629485
7642.75,0.003308955,-0.002620965
7643,0.003766905,-0.00351876
7643.25,0.003656145,-0.00382335
7643.5,0.004090665,-0.002744505
7643.75,0.00504597,-0.001875465
7644,0.00426213,-0.00202776
7644.25,0.004150305,-0.002252475
7644.5,0.005809575,-0.00205758
7644.75,0.0043878,-0.00156342
7645,0.003051225,-0.001830735
7645.25,0.004160955,-0.00196599
7645.5,0.003811635,-0.001457985
7645.75,0.00415776,-0.002096985
7646,0.00365721,-0.00286059
7646.25,0.008393265,-0.002629485
7646.5,0.01491639,-0.00134829
7646.75,0.02489757,-0.00163371
7647,0.027957315,-0.00172104
7647.25,0.036091785,-0.00335901
7647.5,0.02223507,-0.00193191
7647.75,0.02165571,-0.002599665
7648,0.021128535,-0.003102345
7648.25,0.030083055,-0.00287976
7648.5,0.017486235,-0.00082218
7648.75,0.016936695,-0.000842415
7649,0.018734415,-0.00128652
7649.25,0.01552983,-0.001839255
7649.5,0.01708899,-0.00205971
7649.75,0.018685425,-0.00301608
7650,0.01954275,-0.003598635
7650.25,0.01564911,-0.0022152
7650.5,0.013869495,-0.001711455
7650.75,0.005845785,-0.00295218
7651,0.005843655,-0.003483615
7651.25,0.005952285,-0.002433525
7651.5,0.007111005,-0.00287337
7651.75,0.006925695,-0.0032802
7652,0.008201565,-0.003681705
7652.25,0.00887145,-0.003487875
7652.5,0.008327235,-0.004959705
7652.75,0.007837335,-0.005941635
7653,0.007032195,-0.00666051
7653.25,0.007622205,-0.005394225
7653.5,0.00844545,-0.00447087
7653.75,0.00794916,-0.005119455
7654,0.00859668,-0.004689195
7654.25,0.009769245,-0.003628455
7654.5,0.00858816,-0.003392025
7654.75,0.006946995,-0.003741345
7655,0.007281405,-0.004373955
7655.25,0.00920373,-0.00381057
7655.5,0.008427345,-0.00624729
7655.75,0.008118495,-0.00595974
7656,0.00666477,-0.00423018
7656.25,0.007145085,-0.004452765
7656.5,0.00635592,-0.00403848
7656.75,0.007362345,-0.00360396
7657,0.007424115,-0.003066135
7657.25,0.007430505,-0.00284568
7657.5,0.00746778,-0.002966025
7657.75,0.00692676,-0.00328233
7658,0.007098225,-0.003509175
7658.25,0.0071355,-0.003283395
7658.5,0.006312255,-0.004486845
7658.75,0.00671376,-0.00569988
7659,0.00701835,-0.005002305
7659.25,0.006195105,-0.00418332
7659.5,0.006663705,-0.00359331
7659.75,0.007062015,-0.003928785
7660,0.006322905,-0.00365934
7660.25,0.00678618,-0.00276048
7660.5,0.00632397,-0.003351555
7660.75,0.00661791,-0.00420675
7661,0.007059885,-0.00313749
7661.25,0.00588732,-0.0041109
7661.5,0.00517803,-0.00554013
7661.75,0.00521424,-0.00465618
7662,0.006143985,-0.004047
7662.25,0.004695585,-0.004073625
7662.5,0.005217435,-0.003468705
7662.75,0.00532926,-0.002484645
7663,0.005432565,-0.002275905
7663.25,0.005436825,-0.003315345
7663.5,0.004957575,-0.00310128
7663.75,0.005534805,-0.00255174
7664,0.004661505,-0.003198195
7664.25,0.004088535,-0.00444105
7664.5,0.004506015,-0.00394689
7664.75,0.00437715,-0.0029607
7665,0.005477295,-0.003626325
7665.25,0.00571266,-0.003168375
7665.5,0.00607689,-0.00308637
7665.75,0.00591288,-0.002071425
7666,0.005769105,-0.002365365
7666.25,0.005807445,-0.003549645
7666.5,0.003871275,-0.002380275
7666.75,0.00634101,-0.00208101
7667,0.005751,-0.00245589
7667.25,0.00481806,-0.004035285
7667.5,0.00641769,-0.00397458
7667.75,0.005355885,-0.00333345
7668,0.00509922,-0.00309489
7668.25,0.00548049,-0.003634845
7668.5,0.00680535,-0.00238134
7668.75,0.008563665,-0.001911675
7669,0.00428556,-0.001883985
7669.25,0.00510561,-0.00217899
7669.5,0.006060915,-0.00352515
7669.75,0.007047105,-0.00382335
7670,0.00690759,-0.003117255
7670.25,0.007089705,-0.003796725
7670.5,0.01015797,-0.00388299
7670.75,0.015119805,-0.00472647
7671,0.01411338,-0.003815895
7671.25,0.012580845,-0.004097055
7671.5,0.009705345,-0.003112995
7671.75,0.0132273,-0.002744505
7672,0.012436005,-0.00334836
7672.25,0.012076035,-0.00370833
7672.5,0.01165749,-0.003112995
7672.75,0.01073946,-0.003389895
7673,0.011336925,-0.003984165
7673.25,0.01249245,-0.00492243
7673.5,0.007400685,-0.003613545
7673.75,0.007181295,-0.00271575
7674,0.007134435,-0.002963895
7674.25,0.00633888,-0.003213105
7674.5,0.00686073,-0.002542155
7674.75,0.00671802,-0.00275409
7675,0.007262235,-0.00350385
7675.25,0.008150445,-0.00461358
7675.5,0.007668,-0.00277965
7675.75,0.00696936,-0.003377115
7676,0.00652632,-0.004222725
7676.25,0.0059214,-0.00423657
7676.5,0.00713763,-0.00254748
7676.75,0.007053495,-0.00211083
7677,0.007918275,-0.002638005
7677.25,0.007151475,-0.00340161
7677.5,0.00653697,-0.00300756
7677.75,0.0077958,-0.003786075
7678,0.00691824,-0.0035784
7678.25,0.007443285,-0.00512265
7678.5,0.006465615,-0.00492456
7678.75,0.007047105,-0.004348395
7679,0.00672654,-0.00297135
7679.25,0.00761475,-0.00409599
7679.5,0.00776598,-0.003136425
7679.75,0.007871415,-0.002491035
7680,0.008109975,-0.00369768
7680.25,0.00634953,-0.0037914
7680.5,0.00652419,-0.0038766
7680.75,0.006376155,-0.003281265
7681,0.00708012,-0.004578435
7681.25,0.00638787,-0.004503885
7681.5,0.007189815,-0.00475416
7681.75,0.007319745,-0.002925555
7682,0.008109975,-0.003430365
7682.25,0.006840495,-0.003666795
7682.5,0.007245195,-0.004047
7682.75,0.00859668,-0.003630585
7683,0.00613866,-0.00422379
7683.25,0.00607476,-0.004957575
7683.5,0.006116295,-0.00532926
7683.75,0.00680748,-0.00460506
7684,0.00489474,-0.004476195
7684.25,0.0067521,-0.00356988
7684.5,0.00766587,-0.003849975
7684.75,0.007809645,-0.0030885
7685,0.00689694,-0.004073625
7685.25,0.00649011,-0.004352655
7685.5,0.00524406,-0.00491604
7685.75,0.00462423,-0.004686
7686,0.005149275,-0.005538
7686.25,0.0041322,-0.00418119
7686.5,0.00494373,-0.00425787
7686.75,0.005747805,-0.002606055
7687,0.008872515,-0.003875535
7687.25,0.01363839,-0.00414285
7687.5,0.030984045,-0.00320352
7687.75,0.030687975,-0.003313215
7688,0.0280947,-0.00411942
7688.25,0.028319415,-0.003954345
7688.5,0.033376035,-0.003353685
7688.75,0.031243905,-0.00400227
7689,0.042716085,-0.00509709
7689.25,0.04367352,-0.00461571
7689.5,0.04472787,-0.004880895
7689.75,0.051253125,-0.00519507
7690,0.04662996,-0.00497994
7690.25,0.04372677,-0.005211045
7690.5,0.03720258,-0.005683905
7690.75,0.040911975,-0.00496716
7691,0.03943056,-0.00567645
7691.25,0.043915275,-0.0061557
7691.5,0.049257315,-0.00680961
7691.75,0.05692212,-0.005967195
7692,0.061097985,-0.00605559
7692.25,0.05892006,-0.00759132
7692.5,0.047197605,-0.006797895
7692.75,0.052882575,-0.008523195
7693,0.052077435,-0.00795981
7693.25,0.049010235,-0.00809187
7693.5,0.04823811,-0.00810252
7693.75,0.050522535,-0.008780925
7694,0.05114982,-0.007982175
7694.25,0.050571525,-0.007773435
7694.5,0.044034555,-0.009281475
7694.75,0.04051473,-0.00964677
7695,0.043915275,-0.010186725
7695.25,0.040498755,-0.009505125
7695.5,0.03956901,-0.009115335
7695.75,0.041150535,-0.009496605
7696,0.04343709,-0.008887425
7696.25,0.038017305,-0.008942805
7696.5,0.03578613,-0.007781955
7696.75,0.03586707,-0.008078025
7697,0.04007169,-0.008114235
7697.25,0.046541565,-0.00575313
7697.5,0.034255725,-0.005668995
7697.75,0.02893179,-0.00411303
7698,0.0229614,-0.002495295
7698.25,0.02683374,-0.00267741
7698.5,0.022234005,-0.002853135
7698.75,0.01953849,-0.005483685
7699,0.0206397,-0.00627498
7699.25,0.018868605,-0.004312185
7699.5,0.02672724,-0.00579573
7699.75,0.022059345,-0.006816
7700,0.017927145,-0.005534805
7700.25,0.01052433,-0.003805245
7700.5,0.009021615,-0.00375093
7700.75,0.010393335,-0.00306081
7701,0.009928995,-0.00331854
7701.25,0.01018779,-0.002165145
7701.5,0.009848055,-0.00293301
7701.75,0.008793705,-0.003528345
7702,0.009119595,-0.004152435
7702.25,0.0091803,-0.00405552
7702.5,0.00817281,-0.003647625
7702.75,0.00883524,-0.0047499
7703,0.009886395,-0.00414498
7703.25,0.009892785,-0.003705135
7703.5,0.012169755,-0.003066135
7703.75,0.01102488,-0.00376584
7704,0.009920475,-0.002180055
7704.25,0.008467815,-0.00397032
7704.5,0.0092442,-0.004231245
7704.75,0.009688305,-0.00363165
7705,0.008429475,-0.00437715
7705.25,0.008621175,-0.00359118
7705.5,0.009645705,-0.00415989
7705.75,0.010344345,-0.00340374
7706,0.010435935,-0.00237495
7706.25,0.00869679,-0.00378927
7706.5,0.0094998,-0.00480102
7706.75,0.008335755,-0.00511413
7707,0.009507255,-0.00397884
7707.25,0.00850083,-0.00448152
7707.5,0.0089247,-0.00329298
7707.75,0.009087645,-0.003093825
7708,0.009658485,-0.00199155
7708.25,0.008823525,-0.00161241
7708.5,0.00809187,-0.002256735
7708.75,0.007500795,-0.002303595
7709,0.00755937,-0.002695515
7709.25,0.008197305,-0.00191487
7709.5,0.008425215,-0.00177429
7709.75,0.007119525,-0.001685895
7710,0.008382615,-0.001924455
7710.25,0.00717384,-0.001485675
7710.5,0.00866484,-0.001506975
7710.75,0.007496535,-0.0025347
7711,0.00897582,-0.003509175
7711.25,0.01427952,-0.00507366
7711.5,0.016659795,-0.00316731
7711.75,0.025088205,0.001140615
7712,0.024924195,0.00173808
7712.25,0.026773035,-0.001006425
7712.5,0.02477616,-0.00105009
7712.75,0.036926745,-0.0022365
7713,0.03608433,-0.002591145
7713.25,0.04661931,-0.00301395
7713.5,0.04219104,-0.003745605
7713.75,0.045578805,-0.00359118
7714,0.05242143,-0.001994745
7714.25,0.044677815,-0.001930845
7714.5,0.04498134,-0.002569845
7714.75,0.042219795,-0.0021087
7715,0.046971825,-0.00189357
7715.25,0.047738625,-0.0023643
7715.5,0.04643187,-0.00376584
7715.75,0.045438225,-0.00361674
7716,0.05252793,-0.004851075
7716.25,0.05222121,-0.004235505
7716.5,0.05498808,-0.00494586
7716.75,0.057421605,-0.005029995
7717,0.046746045,-0.00443892
7717.25,0.05242356,-0.004486845
7717.5,0.055496085,-0.00562107
7717.75,0.069181335,-0.00543363
7718,0.074252865,-0.005428305
7718.25,0.073871595,-0.005504985
7718.5,0.074120805,-0.006380415
7718.75,0.07229646,-0.00654123
7719,0.07192371,-0.006970425
7719.25,0.079105005,-0.00695445
7719.5,0.071473215,-0.006904395
7719.75,0.077494725,-0.00760197
7720,0.07591533,-0.007624335
7720.25,0.0709503,-0.00764883
7720.5,0.063884025,-0.00627711
7720.75,0.0587454,-0.007083315
7721,0.057877425,-0.00574674
7721.25,0.05389326,-0.00308211
7721.5,0.036913965,-0.006071565
7721.75,0.034728585,-0.008197305
7722,0.02668464,-0.006097125
7722.25,0.02033724,-0.00546132
7722.5,0.018947415,-0.002993715
7722.75,0.01921686,-0.00321204
7723,0.01834569,-0.002522985
7723.25,0.010993995,-0.00214278
7723.5,0.01164045,-0.004510275
7723.75,0.012994065,-0.00485853
7724,0.014031375,-0.004742445
7724.25,0.013750215,-0.004305795
7724.5,0.013324215,-0.005445345
7724.75,0.01427526,-0.004388865
7725,0.015743895,-0.005191875
7725.25,0.014301885,-0.003777555
7725.5,0.015688515,-0.005253645
7725.75,0.01553409,-0.00602151
7726,0.014870595,-0.00716745
7726.25,0.014996265,-0.006497565
7726.5,0.014689545,-0.006887355
7726.75,0.0148035,-0.008054595
7727,0.014052675,-0.006976815
7727.25,0.01555113,-0.0051972
7727.5,0.012876915,-0.002806275
7727.75,0.01032411,-0.003247185
7728,0.009260175,-0.002750895
7728.25,0.009300645,-0.002020305
7728.5,0.008972625,-0.002550675
7728.75,0.007690365,-0.00371472
7729,0.00872235,-0.00499059
7729.25,0.008987535,-0.004150305
7729.5,0.00933153,-0.00353367
7729.75,0.009083385,-0.00467322
7730,0.009526425,-0.00356349
7730.25,0.01030068,-0.002410095
7730.5,0.010120695,-0.00265185
7730.75,0.00961908,-0.0035784
7731,0.00938265,-0.003455925
7731.25,0.00949128,-0.00375945
7731.5,0.00897795,-0.00410664
7731.75,0.008838435,-0.004399515
7732,0.008263335,-0.00439632
7732.25,0.008991795,-0.004090665
7732.5,0.008653125,-0.003579465
7732.75,0.008376225,-0.003349425
7733,0.008761755,-0.003081045
7733.25,0.00836877,-0.00258582
7733.5,0.008440125,-0.00191061
7733.75,0.007053495,-0.00260925
7734,0.006374025,-0.004333485
7734.25,0.00695232,-0.00388938
7734.5,0.007481625,-0.00275196
7734.75,0.00726543,-0.002704035
7735,0.0123966,-0.003528345
7735.25,0.027480195,-0.003264225
7735.5,0.04932441,-0.00296283
7735.75,0.04753947,-0.00285207
7736,0.03804606,-0.00392772
7736.25,0.04138377,-0.00423657
7736.5,0.0490539,-0.00446235
7736.75,0.056865675,-0.00503532
7737,0.06361671,-0.00744861
7737.25,0.072329475,-0.00741666
7737.5,0.08326809,-0.000804075
7737.75,0.10139226,0.00812169
7738,0.102573345,0.008591355
7738.25,0.098464575,0.00867975
7738.5,0.080913375,-0.00063474
7738.75,0.08460999,-0.00187014
7739,0.091654965,-0.00236643
7739.25,0.0951045,-0.00263268
7739.5,0.10283214,-0.003930915
7739.75,0.11413605,0.001008555
7740,0.117251175,0.00093507
7740.25,0.119511105,-0.001040505
7740.5,0.119939235,-0.0002769
7740.75,0.12101169,0.000427065
7741,0.11164182,0.00047073
7741.25,0.111061395,0.002983065
7741.5,0.12726537,0.01101636
7741.75,0.12718443,0.01025595
7742,0.125138565,0.008981145
7742.25,0.12753375,0.006412365
7742.5,0.107951595,-0.001673115
7742.75,0.10739034,-0.00200007
7743,0.11340972,-0.001240725
7743.25,0.118825245,-0.00227058
7743.5,0.09627174,-0.002770065
7743.75,0.081703605,-0.003713655
7744,0.08077812,-0.003389895
7744.25,0.063653985,-0.007470975
7744.5,0.048124155,-0.00873726
7744.75,0.040688325,-0.00729312
7745,0.0395754,-0.0064326
7745.25,0.037840515,-0.00590649
7745.5,0.025955115,-0.00677979
7745.75,0.007194075,-0.00450495
7746,0.00768717,-0.003287655
7746.25,0.006976815,-0.00320139
7746.5,0.005777625,-0.002989455
7746.75,0.00629628,-0.002214135
7747,0.014821605,-0.00191061
7747.25,0.00583194,-0.003055485
7747.5,0.00698853,-0.004150305
7747.75,0.007366605,-0.0035997
7748,0.00909297,-0.004729665
7748.25,0.0109056,-0.005249385
7748.5,0.008936415,-0.00539742
7748.75,0.00901842,-0.002827575
7749,0.00809613,-0.00239199
7749.25,0.008065245,-0.00304803
7749.5,0.00905889,-0.00326955
7749.75,0.00828144,-0.003017145
7750,0.008495505,-0.002812665
7750.25,0.00703326,-0.004753095
7750.5,0.007234545,-0.00472434
7750.75,0.010252755,-0.00474351
7751,0.007675455,-0.00407469
7751.25,0.00709503,-0.004761615
7751.5,0.00827505,-0.00448152
7751.75,0.008227125,-0.00401079
7752,0.01049025,-0.00302673
7752.25,0.00801732,-0.00362526
7752.5,0.007275015,-0.003909615
7752.75,0.00653484,-0.005549715
7753,0.00724413,-0.00420888
7753.25,0.008972625,-0.00440484
7753.5,0.00682239,-0.005281335
7753.75,0.007053495,-0.005196135
7754,0.00788952,-0.003698745
7754.25,0.009560505,-0.003074655
7754.5,0.008469945,-0.004007595
7754.75,0.007696755,-0.00441336
7755,0.00765522,-0.00411942
7755.25,0.00728673,-0.0053037
7755.5,0.010763955,-0.004742445
7755.75,0.00656892,-0.00632823
7756,0.006290955,-0.004674285
7756.25,0.0061557,-0.004060845
7756.5,0.006806415,-0.003127905
7756.75,0.009398625,-0.003223755
7757,0.00682878,-0.003477225
7757.25,0.00614931,-0.003208845
7757.5,0.006035355,-0.002667825
7757.75,0.0050694,-0.00186801
7758,0.006872445,-0.002625225
7758.25,0.00468813,-0.00284568
7758.5,0.004648725,-0.0030033
7758.75,0.005091765,-0.00259647
7759,0.00547197,-0.001930845
7759.25,0.007626465,-0.00195321
7759.5,0.005528415,-0.0020235
7759.75,0.005492205,-0.00217686
7760,0.004033155,-0.00127161
7760.25,0.003947955,-0.00114594
7760.5,0.00540168,-0.002207745
7760.75,0.003950085,-0.00225141
7761,0.004821255,-0.00230679
7761.25,0.005455995,-0.0020448
7761.5,0.004989525,-0.002774325
7761.75,0.007345305,-0.002284425
7762,0.005504985,-0.001994745
7762.25,0.00594696,-0.00129717
7762.5,0.004437855,-0.00129078
7762.75,0.0045795,-0.00238134
7763,0.005487945,-0.002324895
7763.25,0.00582129,-0.002401575
7763.5,0.00580212,-0.00261138
7763.75,0.00562533,-0.003673185
7764,0.005847915,-0.00445383
7764.25,0.005492205,-0.00382122
7764.5,0.006374025,-0.00210231
7764.75,0.00630054,-0.001607085
7765,0.00518016,-0.002226915
7765.25,0.004542225,-0.002220525
7765.5,0.00566367,-0.001945755
7765.75,0.00721644,-0.001445205
7766,0.006776595,-0.00184245
7766.25,0.005943765,-0.00243672
7766.5,0.006099255,-0.002989455
7766.75,0.006523125,-0.002350455
7767,0.005901165,-0.002731725
7767.25,0.005485815,-0.00329511
7767.5,0.00488622,-0.00285633
7767.75,0.005549715,-0.001879725
7768,0.005445345,-0.001647555
7768.25,0.00660513,-0.00218964
7768.5,0.00586176,-0.002090595
7768.75,0.00550818,-0.002263125
7769,0.006037485,-0.001709325
7769.25,0.00518655,-0.001357875
7769.5,0.00536547,-0.001950015
7769.75,0.004844685,-0.002725335
7770,0.00610458,-0.002378145
7770.25,0.005281335,-0.002831835
7770.5,0.004966095,-0.00295218
7770.75,0.00527601,-0.002706165
7771,0.00614079,-0.00137811
7771.25,0.00560616,-0.001745535
7771.5,0.00752103,-0.00349107
7771.75,0.00811743,-0.00352515
7772,0.00889914,-0.002772195
7772.25,0.00909084,-0.00351024
7772.5,0.008041815,-0.00431751
7772.75,0.007694625,-0.004725405
7773,0.008299545,-0.004088535
7773.25,0.007300575,-0.004567785
7773.5,0.006804285,-0.005460255
7773.75,0.00736767,-0.00538038
7774,0.00839007,-0.003988425
7774.25,0.008229255,-0.003200325
7774.5,0.008048205,-0.00392559
7774.75,0.007888455,-0.003325995
7775,0.008288895,-0.00342291
7775.25,0.00819411,-0.002769
7775.5,0.008094,-0.00344208
7775.75,0.00775746,-0.00388725
7776,0.00713337,-0.004003335
7776.25,0.00748908,-0.003398415
7776.5,0.00759132,-0.00303951
7776.75,0.00772977,-0.003332385
7777,0.00687138,-0.003394155
7777.25,0.00731229,-0.003319605
7777.5,0.009396495,-0.00239412
7777.75,0.007820295,-0.00294366
7778,0.007042845,-0.003415455
7778.25,0.007402815,-0.004491105
7778.5,0.008774535,-0.00455394
7778.75,0.0076254,-0.003828675
7779,0.006751035,-0.004478325
7779.25,0.007568955,-0.005453865
7779.5,0.00791508,-0.004092795
7779.75,0.007801125,-0.002772195
7780,0.00838368,-0.00270723
7780.25,0.00681387,-0.003632715
7780.5,0.006572115,-0.003507045
7780.75,0.007243065,-0.00337605
7781,0.00670311,-0.00457311
7781.25,0.007164255,-0.004929885
7781.5,0.005042775,-0.005032125
7781.75,0.00430899,-0.004629555
7782,0.00552948,-0.003967125
7782.25,0.006075825,-0.00314388
7782.5,0.00628137,-0.003319605
7782.75,0.0067521,-0.00292023
7783,0.00715254,-0.002512335
7783.25,0.006625365,-0.00214917
7783.5,0.005730765,-0.00288402
7783.75,0.00660513,-0.002961765
7784,0.01241364,-0.00484149
7784.25,0.01577904,-0.005204655
7784.5,0.017209335,-0.00523128
7784.75,0.01922538,-0.006391065
7785,0.01650324,-0.00529518
7785.25,0.00858603,-0.002384535
7785.5,0.008672295,-0.002595405
7785.75,0.00744009,-0.002729595
7786,0.007398555,-0.003066135
7786.25,0.00830274,-0.002738115
7786.5,0.024195735,-0.000774255
7786.75,0.021090195,-0.00173595
7787,0.016105995,-0.0035784
7787.25,0.00636018,-0.003901095
7787.5,0.007381515,-0.003328125
7787.75,0.0072846,-0.00418758
7788,0.0100536,-0.004670025
7788.25,0.014985615,-0.00506727
7788.5,0.024523755,-0.004105575
7788.75,0.01845219,-0.00502041
7789,0.011986575,-0.004548615
7789.25,0.012229395,-0.00454542
7789.5,0.014450985,-0.00398736
7789.75,0.01602825,-0.00435372
7790,0.01390038,-0.005975715
7790.25,0.009790545,-0.0053463
7790.5,0.00813447,-0.00261138
7790.75,0.01375128,-0.00482658
7791,0.015554325,-0.00329511
7791.25,0.006584895,-0.00232596
7791.5,0.0059853,-0.00233874
7791.75,0.006056655,-0.001796655
7792,0.00541872,-0.002158755
7792.25,0.00565515,-0.00295005
7792.5,0.00561042,-0.00196812
7792.75,0.00608541,-0.002050125
7793,0.006133335,-0.001357875
7793.25,0.00485427,-0.00294153
7793.5,0.00491391,-0.0034293
7793.75,0.004874505,-0.002872305
7794,0.005076855,-0.003845715
7794.25,0.00562107,-0.00274131
7794.5,0.005358015,-0.002812665
7794.75,0.00504171,-0.002868045
7795,0.005739285,-0.00173169
7795.25,0.00545067,-0.002082075
7795.5,0.006425145,-0.00321843
7795.75,0.007123785,-0.002804145
7796,0.00706734,-0.002273775
7796.25,0.006450705,-0.002672085
7796.5,0.00618552,-0.00290319
7796.75,0.00597465,-0.00430047
7797,0.005879865,-0.00397245
7797.25,0.007070535,-0.002116155
7797.5,0.00707799,-0.00184245
7797.75,0.00702687,-0.00307572
7798,0.00663069,-0.002908515
7798.25,0.007624335,-0.00340587
7798.5,0.0072846,-0.00266037
7798.75,0.00687564,-0.003185415
7799,0.00633249,-0.00581916
7799.25,0.00609606,-0.00595761
7799.5,0.007168515,-0.004135395
7799.75,0.00729525,-0.00337605
7800,0.00585324,-0.00321417
7800.25,0.00647733,-0.002931945
7800.5,0.00657957,-0.00279243
7800.75,0.007027935,-0.00200007
7801,0.00684369,-0.002169405
7801.25,0.006578505,-0.00269445
7801.5,0.00628563,-0.003933045
7801.75,0.00609606,-0.00443892
7802,0.007002375,-0.00393411
7802.25,0.00650928,-0.004816995
7802.5,0.006384675,-0.004712625
7802.75,0.006838365,-0.003408
7803,0.00692889,-0.00248358
7803.25,0.006678615,-0.002876565
7803.5,0.006241965,-0.002936205
7803.75,0.006516735,-0.003577335
7804,0.006201495,-0.003466575
7804.25,0.006141855,-0.00371685
7804.5,0.00546984,-0.00433242
7804.75,0.00495651,-0.00451134
7805,0.005496465,-0.004910715
7805.25,0.006290955,-0.002846745
7805.5,0.005515635,-0.00233874
7805.75,0.00477333,-0.003238665
7806,0.005015085,-0.00356775
7806.25,0.005053425,-0.002407965
7806.5,0.004853205,-0.00254109
7806.75,0.004190775,-0.004275975
7807,0.004352655,-0.00455181
7807.25,0.0042813,-0.00420249
7807.5,0.00519507,-0.003453795
7807.75,0.005413395,-0.002701905
7808,0.003302565,-0.002339805
7808.25,0.003747735,-0.002205615
7808.5,0.003852105,-0.00174234
7808.75,0.004923495,-0.00117363
7809,0.00496929,-0.002058645
7809.25,0.00441123,-0.00335049
7809.5,0.004629555,-0.00402144
7809.75,0.0053889,-0.003794595
7810,0.005470905,-0.00312684
7810.25,0.00505875,-0.003715785
7810.5,0.00373176,-0.002361105
7810.75,0.004107705,-0.002263125
7811,0.004733925,-0.002035215
7811.25,0.004904325,-0.002218395
7811.5,0.005368665,-0.00269019
7811.75,0.005441085,-0.002571975
7812,0.00561468,-0.00216195
7812.25,0.004742445,-0.00386169
7812.5,0.004303665,-0.00371898
7812.75,0.00451134,-0.002795625
7813,0.003705135,-0.002512335
7813.25,0.004056585,-0.0018105
7813.5,0.00420462,-0.00202137
7813.75,0.00436863,-0.002109765
7814,0.005064075,-0.0020022
7814.25,0.005187615,-0.00128652
7814.5,0.005134365,-0.001845645
7814.75,0.00449004,-0.002035215
7815,0.004393125,-0.00173169
7815.25,0.00474138,-0.00225993
7815.5,0.00344634,-0.002546415
7815.75,0.00346977,-0.00250488
7816,0.00395541,-0.002559195
7816.25,0.004503885,-0.00214704
7816.5,0.005044905,-0.00114381
7816.75,0.00453051,-0.00131208
7817,0.00474777,-0.001709325
7817.25,0.004746705,-0.00156129
7817.5,0.00537612,-0.001351485
7817.75,0.00568071,-0.001338705
7818,0.004989525,-0.00236217
7818.25,0.004365435,-0.003296175
7818.5,0.004523055,-0.0026199
7818.75,0.004512405,-0.00259221
7819,0.00446448,-0.00311406
7819.25,0.00520785,-0.00271575
7819.5,0.00736767,-0.00236856
7819.75,0.00792999,-0.00193617
7820,0.00763605,-0.003313215
7820.25,0.007656285,-0.00384039
7820.5,0.007047105,-0.004222725
7820.75,0.007581735,-0.00395328
7821,0.007351695,-0.00502254
7821.25,0.00676914,-0.00530583
7821.5,0.00677553,-0.00476907
7821.75,0.00694593,-0.00361035
7822,0.00785544,-0.00264759
7822.25,0.00782349,-0.002126805
7822.5,0.006529515,-0.00279882
7822.75,0.00692889,-0.00299691
7823,0.007030065,-0.002177925
7823.25,0.007159995,-0.00210231
7823.5,0.00730803,-0.003756255
7823.75,0.006727605,-0.003996945
7824,0.00633888,-0.00388299
7824.25,0.006693525,-0.00348894
7824.5,0.006940605,-0.002655045
7824.75,0.00649224,-0.00263694
7825,0.00661578,-0.00289893
7825.25,0.006653055,-0.0031311
7825.5,0.007688235,-0.003242925
7825.75,0.00744435,-0.003406935
7826,0.00651141,-0.005277075
7826.25,0.00651567,-0.00524193
7826.5,0.006640275,-0.005019345
7826.75,0.006789375,-0.004335615
7827,0.00654762,-0.00476055
7827.25,0.006665835,-0.0034293
7827.5,0.006736125,-0.003570945
7827.75,0.006938475,-0.003255705
7828,0.00686499,-0.00256878
7828.25,0.00643899,-0.003654015
7828.5,0.0038553,-0.004303665
7828.75,0.00546771,-0.004640205
7829,0.005803185,-0.00486066
7829.25,0.005841525,-0.003913875
7829.5,0.005138625,-0.00380418
7829.75,0.005017215,-0.00327381
7830,0.00504384,-0.004018245
7830.25,0.004770135,-0.00421101
7830.5,0.005325,-0.002271645
7830.75,0.005189745,-0.002282295
7831,0.0043239,-0.003366465
7831.25,0.00452412,-0.003956475
7831.5,0.004416555,-0.0038766
7831.75,0.00426213,-0.003340905
7832,0.002797755,-0.003406935
7832.25,0.00307998,-0.00244737
7832.5,0.00324399,-0.0024708
7832.75,0.004652985,-0.00194895
7833,0.004550745,-0.00220242
7833.25,0.004258935,-0.002412225
7833.5,0.004940535,-0.003140685
7833.75,0.005021475,-0.00340587
7834,0.005323935,-0.00284781
7834.25,0.004484715,-0.002914905
7834.5,0.00296283,-0.00267954
7834.75,0.003760515,-0.002571975
7835,0.004900065,-0.00166566
7835.25,0.005340975,-0.001408995
7835.5,0.006058785,-0.00159111
7835.75,0.00537186,-0.002139585
7836,0.004983135,-0.00188718
7836.25,0.007496535,-0.001913805
7836.5,0.018265815,-0.001666725
7836.75,0.018838785,-0.001677375
7837,0.01429656,-0.00215982
7837.25,0.01397919,-0.002252475
7837.5,0.016523475,-0.00162093
7837.75,0.018625785,-0.000987255
7838,0.01775355,-0.00105861
7838.25,0.01789839,-0.00141645
7838.5,0.017311575,-0.001432425
7838.75,0.019102905,-0.00142071
7839,0.01860768,-0.000878625
7839.25,0.015023955,-0.00152934
7839.5,0.00353367,-0.002139585
7839.75,0.00367212,-0.002299335
7840,0.00421314,-0.00165075
7840.25,0.004175865,-0.002405835
7840.5,0.004550745,-0.001662465
7840.75,0.004365435,-0.00149313
7841,0.005364405,-0.001328055
7841.25,0.004827645,-0.001323795
7841.5,0.004657245,-0.001798785
7841.75,0.004676415,-0.00181689
7842,0.005015085,-0.001875465
7842.25,0.005726505,-0.00258156
7842.5,0.005513505,-0.003943695
7842.75,0.00535908,-0.00395754
7843,0.00571905,-0.003800985
7843.25,0.00662643,-0.00191061
7843.5,0.00710568,-0.002126805
7843.75,0.00750186,-0.00322908
7844,0.007228155,-0.0033015
7844.25,0.00681813,-0.002789235
7844.5,0.007328265,-0.003181155
7844.75,0.006782985,-0.004141785
7845,0.006846885,-0.005658345
7845.25,0.006863925,-0.005651955
7845.5,0.006765945,-0.00542085
7845.75,0.00811317,-0.00359544
7846,0.00780432,-0.003671055
7846.25,0.00739323,-0.004761615
7846.5,0.007010895,-0.004684935
7846.75,0.00746352,-0.00402357
7847,0.00745074,-0.00445809
7847.25,0.007070535,-0.005415525
7847.5,0.00762753,-0.006369765
7847.75,0.00697362,-0.00550818
7848,0.006431535,-0.0056871
7848.25,0.007607295,-0.003681705
7848.5,0.007091835,-0.00263694
7848.75,0.0067734,-0.003592245
7849,0.00722496,-0.00359331
7849.25,0.0071355,-0.003764775
7849.5,0.00727821,-0.005006565
7849.75,0.0073911,-0.005245125
7850,0.00678831,-0.00586815
7850.25,0.006633885,-0.00610458
7850.5,0.006936345,-0.006495435
7850.75,0.007166385,-0.00601938
7851,0.007257975,-0.004001205
7851.25,0.00721431,-0.003392025
7851.5,0.006974685,-0.004446375
7851.75,0.006968295,-0.004429335
7852,0.00615783,-0.005769105
7852.25,0.00629628,-0.005824485
7852.5,0.00632184,-0.00452199
7852.75,0.00587028,-0.004966095
7853,0.006139725,-0.006046005
7853.25,0.005649825,-0.004729665
7853.5,0.00513117,-0.00410025
7853.75,0.005200395,-0.00330576
7854,0.00594057,-0.00265185
7854.25,0.00568284,-0.00305442
7854.5,0.00504171,-0.00428982
7854.75,0.00500337,-0.003813765
7855,0.00496929,-0.00443892
7855.25,0.01277574,-0.004542225
7855.5,0.030338655,-0.004463415
7855.75,0.029397195,-0.00352941
7856,0.022025265,-0.002410095
7856.25,0.02669955,-0.00361035
7856.5,0.031503765,-0.003409065
7856.75,0.035648745,-0.00427065
7857,0.04389504,-0.006655185
7857.25,0.04335402,-0.008167485
7857.5,0.047600175,-0.008359185
7857.75,0.05124993,-0.00680109
7858,0.05082819,-0.005711595
7858.25,0.048718425,-0.008199435
7858.5,0.03863607,-0.00667329
7858.75,0.040520055,-0.00578508
7859,0.04595262,-0.006725475
7859.25,0.047338185,-0.0067947
7859.5,0.04727322,-0.00740175
7859.75,0.04845324,-0.00878625
7860,0.045943035,-0.007285665
7860.25,0.04081932,-0.00633462
7860.5,0.044311455,-0.008210085
7860.75,0.05206359,-0.009607365
7861,0.046134735,-0.00782562
7861.25,0.05490501,-0.007677585
7861.5,0.0576591,-0.00469878
7861.75,0.06695442,-0.00385104
7862,0.071317725,-0.00317583
7862.25,0.076757745,-0.003332385
7862.5,0.07924878,-0.002412225
7862.75,0.07430718,-0.00371259
7863,0.07290777,-0.00508218
7863.25,0.06613224,-0.00532074
7863.5,0.065628495,-0.00438567
7863.75,0.064137495,-0.004633815
7864,0.073684155,-0.00431964
7864.25,0.0719301,-0.005375055
7864.5,0.069066315,-0.004022505
7864.75,0.050573655,-0.004333485
7865,0.03213318,-0.003837195
7865.25,0.034528365,-0.00312258
7865.5,0.040072755,-0.00361461
7865.75,0.03697467,-0.004086405
7866,0.035267475,-0.003732825
7866.25,0.0348894,-0.00235365
7866.5,0.02997975,-0.00235578
7866.75,0.031201305,-0.003006495
7867,0.027987135,-0.00212574
7867.25,0.01908906,-0.0012993
7867.5,0.01000248,-0.001856295
7867.75,0.01037736,-0.002723205
7868,0.00989811,-0.003351555
7868.25,0.012318855,-0.002143845
7868.5,0.010161165,-0.002955375
7868.75,0.008540235,-0.005460255
7869,0.011603175,-0.005100285
7869.25,0.00961482,-0.00499272
7869.5,0.010661715,-0.004346265
7869.75,0.01240725,-0.00427491
7870,0.010608465,-0.00329937
7870.25,0.010697925,-0.003722175
7870.5,0.010989735,-0.003901095
7870.75,0.010246365,-0.003130035
7871,0.011289,-0.00163371
7871.25,0.00998331,-0.002923425
7871.5,0.009713865,-0.00390216
7871.75,0.011803395,-0.00417906
7872,0.010150515,-0.00310128
7872.25,0.009268695,-0.003458055
7872.5,0.01091625,-0.003304695
7872.75,0.00876495,-0.003023535
7873,0.00959352,-0.00293727
7873.25,0.010832115,-0.00269445
7873.5,0.00951471,-0.003507045
7873.75,0.011175045,-0.00488196
7874,0.009920475,-0.005468775
7874.25,0.00882246,-0.00579786
7874.5,0.01105257,-0.00482232
7874.75,0.010763955,-0.00490326
7875,0.009066345,-0.004307925
7875.25,0.012297555,-0.00276474
7875.5,0.00867762,-0.00310341
7875.75,0.009083385,-0.00281799
7876,0.01083318,-0.002120415
7876.25,0.009008835,-0.00298626
7876.5,0.008625435,-0.004141785
7876.75,0.009287865,-0.00413859
7877,0.008307,-0.00422805
7877.25,0.008849085,-0.002789235
7877.5,0.007982175,-0.002699775
7877.75,0.00683091,-0.002589015
7878,0.00921012,-0.002595405
7878.25,0.008657385,-0.002376015
7878.5,0.0081792,-0.001860555
7878.75,0.00916539,-0.001372785
7879,0.01474812,-0.00302886
7879.25,0.026822025,-0.003304695
7879.5,0.032813715,-0.0033867
7879.75,0.026971125,-0.00218325
7880,0.028259775,-0.001986225
7880.25,0.03727074,-0.00317157
7880.5,0.047985705,-0.005547585
7880.75,0.04960131,-0.0050055
7881,0.05278992,-0.00390216
7881.25,0.056107395,-0.00413859
7881.5,0.06143559,-0.00288402
7881.75,0.067696725,-0.004557135
7882,0.07003014,-0.004365435
7882.25,0.07518474,-0.00626646
7882.5,0.07461177,-0.00446022
7882.75,0.0731655,-0.00304164
7883,0.073671375,-0.00320991
7883.25,0.077711985,-0.00332493
7883.5,0.0863502,-0.00307785
7883.75,0.090372705,-0.00286698
7884,0.08740455,-0.003002235
7884.25,0.075603285,-0.00437289
7884.5,0.061886085,-0.004934145
7884.75,0.06588729,-0.004555005
7885,0.06087753,-0.004655115
7885.25,0.058365195,-0.00488622
7885.5,0.05894988,-0.00428982
7885.75,0.063905325,-0.003532605
7886,0.061986195,-0.004005465
7886.25,0.056554695,-0.003707265
7886.5,0.062299305,-0.00295218
7886.75,0.073343355,-0.004099185
7887,0.077043165,-0.00355923
7887.25,0.07373421,-0.00463914
7887.5,0.05278353,-0.005136495
7887.75,0.05281548,-0.0049842
7888,0.04324113,-0.00883524
7888.25,0.03960096,-0.008719155
7888.5,0.04121337,-0.00833682
7888.75,0.04437855,-0.007091835
7889,0.04941387,-0.00475203
7889.25,0.04753521,-0.00418332
7889.5,0.050092275,-0.00524193
7889.75,0.04515387,-0.00386382
7890,0.034719,-0.003756255
7890.25,0.01374276,-0.004158825
7890.5,0.009051435,-0.00251127
7890.75,0.01141254,-0.003195
7891,0.01415172,-0.003144945
7891.25,0.01444566,-0.002407965
7891.5,0.01628172,-0.002337675
7891.75,0.014086755,-0.00248571
7892,0.009206925,-0.003291915
7892.25,0.00901842,-0.00440271
7892.5,0.00968085,-0.004710495
7892.75,0.010572255,-0.00386808
7893,0.01092264,-0.003619935
7893.25,0.0094785,-0.004476195
7893.5,0.00974262,-0.00493308
7893.75,0.009064215,-0.005125845
7894,0.009643575,-0.004090665
7894.25,0.00998331,-0.00312258
7894.5,0.010768215,-0.003230145
7894.75,0.009799065,-0.004557135
7895,0.009933255,-0.00435159
7895.25,0.01033689,-0.004001205
7895.5,0.01033476,-0.003449535
7895.75,0.01027938,-0.003147075
7896,0.00936348,-0.00381909
7896.25,0.00830274,-0.00508005
7896.5,0.00892044,-0.005151405
7896.75,0.009349635,-0.005023605
7897,0.00957861,-0.004900065
7897.25,0.009068475,-0.00469239
7897.5,0.009334725,-0.00523128
7897.75,0.010361385,-0.003596505
7898,0.01023039,-0.00305229
7898.25,0.009995025,-0.004569915
7898.5,0.009694695,-0.00506301
7898.75,0.009492345,-0.00437289
7899,0.009402885,-0.00452412
7899.25,0.00860307,-0.005336715
7899.5,0.00886293,-0.0067947
7899.75,0.008863995,-0.00562746
7900,0.008678685,-0.004614645
7900.25,0.00943377,-0.003741345
7900.5,0.00917178,-0.003626325
7900.75,0.008610525,-0.004107705
7901,0.00918669,-0.00480528
7901.25,0.00857964,-0.00514182
7901.5,0.007132305,-0.00523767
7901.75,0.00722283,-0.00480315
7902,0.00664347,-0.005462385
7902.25,0.007649895,-0.004900065
7902.5,0.00778089,-0.00440271
7902.75,0.008919375,-0.00303738
7903,0.021920895,0.00227058
7903.25,0.03782454,0.00072207
7903.5,0.06575097,0.00067947
7903.75,0.064386705,-0.00046434
7904,0.055577025,-0.000963825
7904.25,0.06887568,-0.00378501
7904.5,0.076389255,-0.003992685
7904.75,0.083011425,-0.00340161
7905,0.087175575,-0.004033155
7905.25,0.09220344,-0.00373815
7905.5,0.09193932,-0.003943695
7905.75,0.09992256,-0.00353154
7906,0.09710244,-0.0057723
7906.25,0.09047175,-0.006278175
7906.5,0.08541726,-0.006186585
7906.75,0.079341435,-0.004412295
7907,0.102579735,-0.00353367
7907.25,0.110213655,-0.003707265
7907.5,0.116284155,-0.003668925
7907.75,0.11796366,-0.002882955
7908,0.115598295,-0.003654015
7908.25,0.11686884,-0.004052325
7908.5,0.10893672,-0.003894705
7908.75,0.111723825,-0.005713725
7909,0.102085575,-0.00492456
7909.25,0.096850035,-0.00387234
7909.5,0.08668887,-0.004714755
7909.75,0.09525147,-0.00474777
7910,0.09938793,-0.00420036
7910.25,0.09879366,-0.004165215
7910.5,0.097073685,-0.004207815
7910.75,0.097702035,-0.004463415
7911,0.095056575,-0.00444318
7911.25,0.090647475,-0.004493235
7911.5,0.085096695,-0.003694485
7911.75,0.081173235,-0.004559265
7912,0.080512935,-0.00398097
7912.25,0.085407675,-0.004529445
7912.5,0.07962366,-0.004067235
7912.75,0.06566577,-0.0033654
7913,0.07018137,-0.00287337
7913.25,0.07252224,-0.00131208
7913.5,0.05391882,-0.00166779
7913.75,0.04670664,0.001157655
7914,0.04809966,0.000861585
7914.25,0.04234014,0.001396215
7914.5,0.02219673,-0.0024069
7914.75,0.011002515,-0.003304695
7915,0.00867549,-0.00329298
7915.25,0.01261812,-0.00377223
7915.5,0.017746095,-0.00345912
7915.75,0.012802365,-0.002955375
7916,0.01673328,-0.003832935
7916.25,0.010832115,-0.003758385
7916.5,0.01673115,-0.00446235
7916.75,0.012570195,-0.004520925
7917,0.0127374,-0.004146045
7917.25,0.01535091,-0.003100215
7917.5,0.01232418,-0.00349746
7917.75,0.013984515,-0.003792465
7918,0.013739565,-0.004363305
7918.25,0.01159785,-0.00495438
7918.5,0.014438205,-0.0048777
7918.75,0.012269865,-0.0038127
7919,0.01236891,-0.005281335
7919.25,0.013075005,-0.00461784
7919.5,0.0103518,-0.00446661
7919.75,0.013590465,-0.005047035
7920,0.011803395,-0.003564555
7920.25,0.01123575,-0.002669955
7920.5,0.013790685,-0.003119385
7920.75,0.01042848,-0.004761615
7921,0.012325245,-0.005349495
7921.25,0.013262445,-0.005068335
7921.5,0.010991865,-0.00571905
7921.75,0.012438135,-0.006163155
7922,0.0109269,-0.005892645
7922.25,0.01059249,-0.007130175
7922.5,0.014129355,-0.006857535
7922.75,0.010542435,-0.005532675
7923,0.011909895,-0.004280235
7923.25,0.011447685,-0.003745605
7923.5,0.010766085,-0.00398949
7923.75,0.012380625,-0.00423018
7924,0.00964251,-0.00491178
7924.25,0.009586065,-0.005651955
7924.5,0.01004721,-0.00546558
7924.75,0.009147285,-0.005044905
7925,0.0124605,-0.00348468
7925.25,0.011258115,-0.003296175
7925.5,0.008391135,-0.00450069
7925.75,0.00998544,-0.00407682
7926,0.00770208,-0.0041109
7926.25,0.00908871,-0.00368703
7926.5,0.01036245,-0.004275975
7926.75,0.008736195,-0.00409173
7927,0.01881642,-0.00289254
7927.25,0.05034681,0.00235578
7927.5,0.05510097,0.003153465
7927.75,0.05414886,0.002469735
7928,0.047308365,0.002329155
7928.25,0.05626608,0.000499485
7928.5,0.063460155,-0.00119706
7928.75,0.07166172,-0.00170613
7929,0.07592172,-0.001080975
7929.25,0.073477545,-0.000836025
7929.5,0.07346157,-0.000852
7929.75,0.076074015,-0.000258795
7930,0.077494725,-0.00033867
7930.25,0.07390461,0.0002343
7930.5,0.058799715,-0.00010863
7930.75,0.06200004,-0.000559125
7931,0.070927935,-0.000173595
7931.25,0.08013699,-0.00073485
7931.5,0.080674815,-0.000497355
7931.75,0.087725115,-0.000825375
7932,0.08861865,-0.001564485
7932.25,0.09064002,-0.00143136
7932.5,0.08774748,-0.000919095
7932.75,0.089154345,0.000356775
7933,0.08577297,-0.000755085
7933.25,0.08568351,-0.00214065
7933.5,0.08945148,-0.001164045
7933.75,0.097712685,0.000787035
7934,0.09724302,-0.000503745
7934.25,0.100108935,-0.00024282
7934.5,0.10291734,-0.000518655
7934.75,0.105989865,-0.00320139
7935,0.100890645,-0.003070395
7935.25,0.089799735,-0.00162093
7935.5,0.085203195,-0.0013419
7935.75,0.078610845,-0.002280165
7936,0.080819655,-0.002207745
7936.25,0.08138091,-0.00192126
7936.5,0.07341045,-0.00255813
7936.75,0.07506972,-0.002846745
7937,0.05251089,-0.00768717
7937.25,0.03617805,-0.00676275
7937.5,0.03655932,-0.005615745
7937.75,0.027507885,-0.003513435
7938,0.025126545,-0.004033155
7938.25,0.02527245,-0.00407043
7938.5,0.022530075,-0.0044304
7938.75,0.022076385,-0.00142284
7939,0.02036493,-0.00188079
7939.25,0.020127435,-0.001389825
7939.5,0.02243103,-0.003462315
7939.75,0.022653615,-0.002919165
7940,0.0267954,-0.002789235
7940.25,0.01967481,-0.00201072
7940.5,0.009564765,-0.0026838
7940.75,0.00732081,-0.004548615
7941,0.007264365,-0.004868115
7941.25,0.006944865,-0.004904325
7941.5,0.00820263,-0.003720045
7941.75,0.009396495,-0.00285846
7942,0.00908445,-0.00321843
7942.25,0.008734065,-0.002661435
7942.5,0.00794703,-0.003272745
7942.75,0.008161095,-0.002603925
7943,0.00886719,-0.00260499
7943.25,0.00821541,-0.00245376
7943.5,0.008802225,-0.00339735
7943.75,0.007434765,-0.006075825
7944,0.00731229,-0.00546984
7944.25,0.006761685,-0.005283465
7944.5,0.007234545,-0.00399588
7944.75,0.00777237,-0.00264972
7945,0.007654155,-0.004437855
7945.25,0.00768078,-0.004137525
7945.5,0.007690365,-0.003353685
7945.75,0.00805992,-0.00304377
7946,0.00778302,-0.003015015
7946.25,0.00768717,-0.00403635
7946.5,0.006853275,-0.005775495
7946.75,0.00716745,-0.00589158
7947,0.007971525,-0.0048564
7947.25,0.007287795,-0.00443892
7947.5,0.00761688,-0.004599735
7947.75,0.008207955,-0.00369981
7948,0.007138695,-0.00400653
7948.25,0.007756395,-0.003374985
7948.5,0.00787887,-0.00263268
7948.75,0.007351695,-0.00355923
7949,0.007643505,-0.004226985
7949.25,0.006544425,-0.004699845
7949.5,0.005630655,-0.00526749
7949.75,0.00544428,-0.00438993
7950,0.006768075,-0.004346265
7950.25,0.02038836,-0.00493947
7950.5,0.02103375,-0.00282864
7950.75,0.019976205,-0.002218395
7951,0.02117433,-0.001685895
7951.25,0.02782632,-0.004188645
7951.5,0.03025026,-0.004993785
7951.75,0.0309063,-0.004927755
7952,0.026306565,-0.005206785
7952.25,0.02326173,-0.00399375
7952.5,0.041333715,-0.003507045
7952.75,0.052560945,-0.00433881
7953,0.0528879,-0.004589085
7953.25,0.04940748,-0.004410165
7953.5,0.05066844,-0.004603995
7953.75,0.071809755,0.001730625
7954,0.076810995,0.002182185
7954.25,0.08076534,0.00150378
7954.5,0.06849228,0.000305655
7954.75,0.077432955,-0.00146331
7955,0.083207385,-0.00092016
7955.25,0.08547903,-0.00112677
7955.5,0.08838648,-0.00234087
7955.75,0.09165177,-0.002597535
7956,0.084711165,-0.000836025
7956.25,0.0838794,0.001159785
7956.5,0.084238305,0.00128226
7956.75,0.079986825,0.000652845
7957,0.085512045,-0.00016188
7957.25,0.060995745,-0.00479037
7957.5,0.05898396,-0.002505945
7957.75,0.0680109,-0.00213
7958,0.06712056,-0.00294792
7958.25,0.07163403,-0.00431112
7958.5,0.071641485,-0.003387765
7958.75,0.07154031,-0.003123645
7959,0.07477365,-0.002114025
7959.25,0.077072985,-0.001666725
7959.5,0.072493485,-0.002367495
7959.75,0.05110296,-0.00626646
7960,0.04121763,-0.008363445
7960.25,0.044777925,-0.007211115
7960.5,0.045240135,-0.00643473
7960.75,0.04620183,-0.00712911
7961,0.04464906,-0.00869679
7961.25,0.029248095,-0.00795981
7961.5,0.020924055,-0.007381515
7961.75,0.01911675,-0.00638361
7962,0.00802371,-0.00251766
7962.25,0.007718055,-0.002819055
7962.5,0.00716319,-0.002942595
7962.75,0.00637935,-0.00363378
7963,0.00723987,-0.003460185
7963.25,0.007560435,-0.002520855
7963.5,0.00864567,-0.004062975
7963.75,0.008450775,-0.00420462
7964,0.007852245,-0.005159925
7964.25,0.00818772,-0.00561042
7964.5,0.008808615,-0.00439206
7964.75,0.0097554,-0.002753025
7965,0.009809715,-0.00341013
7965.25,0.009641445,-0.003896835
7965.5,0.00953388,-0.004410165
7965.75,0.008996055,-0.003607155
7966,0.009958815,-0.00320778
7966.25,0.00998757,-0.003396285
7966.5,0.00881607,-0.00398949
7966.75,0.008316585,-0.004910715
7967,0.00940608,-0.00463488
7967.25,0.00818346,-0.006335685
7967.5,0.00882885,-0.00504171
7967.75,0.008597745,-0.00542085
7968,0.00758067,-0.00656892
7968.25,0.008763885,-0.004088535
7968.5,0.00871809,-0.003743475
7968.75,0.009609495,-0.00250488
7969,0.009094035,-0.003117255
7969.25,0.009396495,-0.004299405
7969.5,0.008836305,-0.00410238
7969.75,0.008919375,-0.004721145
7970,0.008009865,-0.00469665
7970.25,0.008395395,-0.0050481
7970.5,0.00853491,-0.005662605
7970.75,0.00836238,-0.00638787
7971,0.007886325,-0.00612162
7971.25,0.008007735,-0.004133265
7971.5,0.00911001,-0.00272853
7971.75,0.008744715,-0.003304695
7972,0.007754265,-0.00407469
7972.25,0.007816035,-0.00384252
7972.5,0.007681845,-0.003502785
7972.75,0.008103585,-0.00333132
7973,0.008457165,-0.003860625
7973.25,0.005869215,-0.0038979
7973.5,0.00582768,-0.00527175
7973.75,0.005556105,-0.00528666
7974,0.00645816,-0.00427065
7974.25,0.00696297,-0.00264333
7974.5,0.007215375,-0.002126805
7974.75,0.007057755,-0.00352728
7975,0.006167415,-0.003696615
7975.25,0.00726543,-0.00352089
7975.5,0.00691185,-0.003639105
7975.75,0.00729099,-0.00324825
7976,0.005918205,-0.004386735
7976.25,0.004949055,-0.006082215
7976.5,0.00552735,-0.005935245
7976.75,0.00559977,-0.005447475
7977,0.00790017,-0.003389895
7977.25,0.007511445,-0.00256665
7977.5,0.007747875,-0.00310128
7977.75,0.006789375,-0.0033867
7978,0.00652845,-0.003415455
7978.25,0.00708651,-0.003064005
7978.5,0.006276045,-0.00241542
7978.75,0.005771235,-0.002595405
7979,0.00617061,-0.00382761
7979.25,0.006591285,-0.003511305
7979.5,0.006682875,-0.00392559
7979.75,0.00752955,-0.00267102
7980,0.007091835,-0.0028542
7980.25,0.006616845,-0.004173735
7980.5,0.00573183,-0.00546771
7980.75,0.00571266,-0.0058149
7981,0.005319675,-0.004403775
7981.25,0.00524406,-0.003639105
7981.5,0.007140825,-0.002152365
7981.75,0.00642195,-0.003121515
7982,0.00672654,-0.00319926
7982.25,0.00631545,-0.003660405
7982.5,0.0064752,-0.00288402
7982.75,0.00747417,-0.002870175
7983,0.007387905,-0.002137455
7983.25,0.01044339,-0.00207249
7983.5,0.019173195,-0.001492065
7983.75,0.020272275,-0.00186162
7984,0.02180481,-0.00157833
7984.25,0.02329155,-0.000989385
7984.5,0.021279765,-0.000733785
7984.75,0.02208171,-0.000789165
7985,0.022945425,-0.00100536
7985.25,0.02310198,-0.0016827
7985.5,0.02406687,-0.00224715
7985.75,0.02486775,-0.00193191
7986,0.01189605,-0.002237565
7986.25,0.007368735,-0.003330255
7986.5,0.006356985,-0.003703005
7986.75,0.00632823,-0.003913875
7987,0.00603003,-0.00435585
7987.25,0.00600234,-0.00364443
7987.5,0.008408175,-0.002729595
7987.75,0.00920373,-0.002706165
7988,0.00942312,-0.002109765
7988.25,0.008540235,-0.002991585
7988.5,0.00826653,-0.002914905
7988.75,0.0081153,-0.00369129
7989,0.00981291,-0.002718945
7989.25,0.00935496,-0.00320565
7989.5,0.009255915,-0.003091695
7989.75,0.008608395,-0.00490539
7990,0.008538105,-0.004442115
7990.25,0.00794064,-0.00578082
7990.5,0.0082005,-0.00498207
7990.75,0.007707405,-0.00485427
7991,0.008420955,-0.00521424
7991.25,0.00778515,-0.00670311
7991.5,0.009762855,-0.00463701
7991.75,0.009551985,-0.00445383
7992,0.009373065,-0.00289893
7992.25,0.0088395,-0.003453795
7992.5,0.00858177,-0.004246155
7992.75,0.008120625,-0.00495438
7993,0.008546625,-0.00506514
7993.25,0.008435865,-0.005724375
7993.5,0.008533845,-0.005338845
7993.75,0.008433735,-0.004744575
7994,0.00815577,-0.00543576
7994.25,0.008282505,-0.006276045
7994.5,0.008685075,-0.00303099
7994.75,0.008440125,-0.00315666
7995,0.008844825,-0.002186445
7995.25,0.008915115,-0.00216195
7995.5,0.008738325,-0.00221733
7995.75,0.008493375,-0.00278178
7996,0.00762966,-0.003992685
7996.25,0.007315485,-0.0045156
7996.5,0.007157865,-0.00381909
7996.75,0.00712059,-0.00345699
7997,0.007392165,-0.00341226
7997.25,0.006998115,-0.003074655
7997.5,0.00622386,-0.003198195
7997.75,0.00628989,-0.00303099
7998,0.00707799,-0.00234513
7998.25,0.007615815,-0.00223011
7998.5,0.0066669,-0.002895735
7998.75,0.005620005,-0.004542225
7999,0.00528027,-0.005590185
7999.25,0.005743545,-0.00542724
7999.5,0.00575526,-0.00490113
7999.75,0.00621534,-0.00454329
8000,0.00469452,-0.00363804
8000.25,0.00444318,-0.003730695
8000.5,0.004418685,-0.002657175
8000.75,0.00514395,-0.00246228
8001,0.005394225,-0.002026695
8001.25,0.00544641,-0.001668855
8001.5,0.005602965,-0.00292662
8001.75,0.00561894,-0.002684865
8002,0.005413395,-0.002676345
8002.25,0.00572544,-0.0032589
8002.5,0.004310055,-0.002608185
8002.75,0.004067235,-0.00297348
8003,0.004231245,-0.003585855
8003.25,0.00529518,-0.0027477
8003.5,0.00589797,-0.00296496
8003.75,0.01181298,-0.001411125
8004,0.020574735,-0.001066065
8004.25,0.020376645,-0.002101245
8004.5,0.020440545,-0.00189783
8004.75,0.020429895,-0.001999005
8005,0.017878155,-0.0006603
8005.25,0.01679931,-0.0009585
8005.5,0.01846497,-0.001345095
8005.75,0.00599382,-0.00271149
8006,0.00615357,-0.002337675
8006.25,0.00625155,-0.00236217
8006.5,0.00624303,-0.002229045
8006.75,0.005890515,-0.002606055
8007,0.006069435,-0.00239838
8007.25,0.004670025,-0.002652915
8007.5,0.004469805,-0.002322765
8007.75,0.004998045,-0.001760445
8008,0.005464515,-0.00145905
8008.25,0.006248355,-0.001334445
8008.5,0.00569136,-0.001489935
8008.75,0.00559977,-0.001585785
8009,0.00617061,-0.002367495
8009.25,0.006205755,-0.002094855
8009.5,0.00682878,-0.001907415
8009.75,0.006817065,-0.00174021
8010,0.00685434,-0.00255813
8010.25,0.01378323,-0.003253575
8010.5,0.020278665,-0.003709395
8010.75,0.020661,-0.0031098
8011,0.022636575,-0.00323547
8011.25,0.02335758,-0.00288402
8011.5,0.030992565,-0.002303595
8011.75,0.010550955,-0.0031311
8012,0.010668105,-0.00271788
8012.25,0.010753305,-0.00320991
8012.5,0.01088643,-0.002358975
8012.75,0.011258115,-0.00208101
8013,0.01096737,-0.00245376
8013.25,0.009062085,-0.00379353
8013.5,0.00847314,-0.004902195
8013.75,0.008697855,-0.00476268
8014,0.00901629,-0.004776525
8014.25,0.009245265,-0.003898965
8014.5,0.00960417,-0.002508075
8014.75,0.00904185,-0.00389364
8015,0.0086691,-0.004410165
8015.25,0.01012389,-0.00440271
8015.5,0.009764985,-0.004303665
8015.75,0.009684045,-0.003381375
8016,0.008717025,-0.00352941
8016.25,0.00815151,-0.00680748
8016.5,0.007713795,-0.00624942
8016.75,0.00737406,-0.00622812
8017,0.007545525,-0.00601938
8017.25,0.00857964,-0.003621
8017.5,0.009081255,-0.00303738
8017.75,0.008738325,-0.00381909
8018,0.008033295,-0.004094925
8018.25,0.008874645,-0.004275975
8018.5,0.00802584,-0.003975645
8018.75,0.009313425,-0.00395328
8019,0.00775107,-0.004045935
8019.25,0.007149345,-0.00508005
8019.5,0.007453935,-0.00490539
8019.75,0.00767865,-0.005473035
8020,0.007999215,-0.00420036
8020.25,0.008506155,-0.003085305
8020.5,0.00794064,-0.002765805
8020.75,0.00774468,-0.003245055
8021,0.007558305,-0.00414498
8021.25,0.0070716,-0.003632715
8021.5,0.005639175,-0.00418545
8021.75,0.005824485,-0.00461784
8022,0.006420885,-0.00468174
8022.25,0.00589371,-0.00463701
8022.5,0.00559977,-0.004923495
8022.75,0.005749935,-0.003619935
8023,0.007044975,-0.002582625
8023.25,0.01493982,-0.004297275
8023.5,0.01073946,-0.003015015
8023.75,0.013667145,-0.00341865
8024,0.02705739,-0.00285633
8024.25,0.01992189,-0.00451773
8024.5,0.02223081,-0.005185485
8024.75,0.03244416,-0.004603995
8025,0.03822072,-0.005441085
8025.25,0.04556922,-0.006544425
8025.5,0.05052999,-0.00700344
8025.75,0.050899545,-0.007330395
8026,0.049227495,-0.006188715
8026.25,0.04429122,-0.0060705
8026.5,0.0412368,-0.00460293
8026.75,0.045957945,-0.004823385
8027,0.052995465,-0.0069012
8027.25,0.059061705,-0.007541265
8027.5,0.061551675,-0.006503955
8027.75,0.06097125,-0.008165355
8028,0.06740598,-0.010442325
8028.25,0.06574032,-0.010729875
8028.5,0.05578044,-0.011147355
8028.75,0.058426965,-0.011967405
8029,0.054780405,-0.010016325
8029.25,0.054961455,-0.009434835
8029.5,0.054959325,-0.00951684
8029.75,0.057430125,-0.008184525
8030,0.05519895,-0.00865632
8030.25,0.05566329,-0.01004508
8030.5,0.057274635,-0.010406115
8030.75,0.05563986,-0.01051581
8031,0.0533991,-0.009023745
8031.25,0.04022292,-0.007473105
8031.5,0.038728725,-0.00817281
8031.75,0.04072347,-0.009221835
8032,0.03078063,-0.010981215
8032.25,0.03232488,-0.011720325
8032.5,0.03220773,-0.01217721
8032.75,0.03376689,-0.008661645
8033,0.036296265,-0.006949125
8033.25,0.03431004,-0.007349565
8033.5,0.03401184,-0.00760836
8033.75,0.02433525,-0.004022505
8034,0.02366643,-0.003159855
8034.25,0.02434377,-0.002497425
8034.5,0.021537495,-0.001898895
8034.75,0.011025945,-0.00248571
8035,0.006435795,-0.00325251
8035.25,0.00576591,-0.003402675
8035.5,0.00594057,-0.00528879
8035.75,0.00658383,-0.004013985
8036,0.00768717,-0.003483615
8036.25,0.00754872,-0.00357414
8036.5,0.008035425,-0.00295431
8036.75,0.008397525,-0.0037914
8037,0.00829209,-0.00379566
8037.25,0.0084561,-0.003240795
8037.5,0.008925765,-0.002638005
8037.75,0.00892683,-0.00235791
8038,0.00855195,-0.003112995
8038.25,0.00829848,-0.00354006
8038.5,0.00789378,-0.004235505
8038.75,0.00797046,-0.004827645
8039,0.00783627,-0.00367425
8039.25,0.00771486,-0.005285595
8039.5,0.00830061,-0.006746775
8039.75,0.008793705,-0.004491105
8040,0.007892715,-0.00398736
8040.25,0.008966235,-0.003737085
8040.5,0.008525325,-0.00292236
8040.75,0.00826014,-0.003019275
8041,0.008129145,-0.00357201
8041.25,0.007664805,-0.004201425
8041.5,0.00704817,-0.005579535
8041.75,0.00765096,-0.006003405
8042,0.008086545,-0.004073625
8042.25,0.00776598,-0.004697715
8042.5,0.007822425,-0.004608255
8042.75,0.00803223,-0.004177995
8043,0.007515705,-0.004158825
8043.25,0.00826866,-0.003628455
8043.5,0.00857751,-0.00287976
8043.75,0.007877805,-0.00438567
8044,0.007419855,-0.004831905
8044.25,0.007349565,-0.005566755
8044.5,0.006452835,-0.005496465
8044.75,0.00713976,-0.0048777
8045,0.00711846,-0.0040044
8045.25,0.00581703,-0.00431325
8045.5,0.005728635,-0.003477225
8045.75,0.00567645,-0.003553905
8046,0.00653484,-0.00312897
8046.25,0.00678405,-0.002550675
8046.5,0.0067095,-0.002265255
8046.75,0.00607476,-0.002812665
8047,0.00427704,-0.00432177
8047.25,0.00466896,-0.00421101
8047.5,0.005538,-0.00352089
8047.75,0.01066491,-0.002934075
8048,0.02482515,-0.00354645
8048.25,0.02338314,-0.003905355
8048.5,0.028540935,-0.002367495
8048.75,0.039591375,-0.004942665
8049,0.039663795,-0.007081185
8049.25,0.04418685,-0.00664986
8049.5,0.042503085,-0.00630693
8049.75,0.04420602,-0.006944865
8050,0.044784315,-0.007628595
8050.25,0.04824663,-0.00720792
8050.5,0.048914385,-0.006192975
8050.75,0.066972525,-0.0063048
8051,0.063779655,-0.00539742
8051.25,0.06438138,-0.004934145
8051.5,0.0545493,-0.005223825
8051.75,0.05581665,-0.006946995
8052,0.05791257,-0.007049235
8052.25,0.05758881,-0.007958745
8052.5,0.057802875,-0.00686499
8052.75,0.05687526,-0.00635166
8053,0.053885805,-0.00738897
8053.25,0.055076475,-0.007496535
8053.5,0.055419405,-0.008766015
8053.75,0.057549405,-0.00852852
8054,0.05779116,-0.009128115
8054.25,0.05814687,-0.008870385
8054.5,0.057423735,-0.009068475
8054.75,0.05152044,-0.007931055
8055,0.05348004,-0.00829848
8055.25,0.04940109,-0.007730835
8055.5,0.04748196,-0.00704604
8055.75,0.04594623,-0.006932085
8056,0.05103693,-0.00677979
8056.25,0.047333925,-0.007575345
8056.5,0.049005975,-0.00839859
8056.75,0.05367174,-0.00868614
8057,0.05362701,-0.00762114
8057.25,0.05200608,-0.008887425
8057.5,0.026968995,-0.00751464
8057.75,0.027548355,-0.00745074
8058,0.020308485,-0.005055555
8058.25,0.01615392,-0.00307572
8058.5,0.01639887,-0.002307855
8058.75,0.01275444,-0.001903155
8059,0.006716955,-0.002842485
8059.25,0.006080085,-0.00268593
8059.5,0.00591288,-0.00372963
8059.75,0.007875675,-0.00335688
8060,0.00850722,-0.003221625
8060.25,0.00847101,-0.00231105
8060.5,0.00822606,-0.00271575
8060.75,0.00765522,-0.003317475
8061,0.00819198,-0.003711525
8061.25,0.0075615,-0.00362739
8061.5,0.008410305,-0.00316944
8061.75,0.008567925,-0.003164115
8062,0.00860733,-0.00258369
8062.25,0.00822606,-0.00286485
8062.5,0.00845823,-0.003581595
8062.75,0.0075615,-0.003515565
8063,0.00758067,-0.004045935
8063.25,0.009145155,-0.00306933
8063.5,0.00861372,-0.002910645
8063.75,0.007909755,-0.00383613
8064,0.007720185,-0.00376797
8064.25,0.00732294,-0.00413646
8064.5,0.00691185,-0.002620965
8064.75,0.00715467,-0.002851005
8065,0.007102485,-0.003436755
8065.25,0.00631758,-0.004203555
8065.5,0.007343175,-0.00318222
8065.75,0.00753594,-0.00368703
8066,0.00733998,-0.00369981
8066.25,0.00835173,-0.002341935
8066.5,0.007643505,-0.00270723
8066.75,0.00779793,-0.00327381
8067,0.007262235,-0.003600765
8067.25,0.007187685,-0.00408321
8067.5,0.007019415,-0.00423231
8067.75,0.007579605,-0.003221625
8068,0.00709077,-0.004009725
8068.25,0.00639639,-0.00517164
8068.5,0.006205755,-0.005605095
8068.75,0.00644112,-0.005042775
8069,0.007066275,-0.004457025
8069.25,0.005833005,-0.003134295
8069.5,0.006310125,-0.00202776
8069.75,0.005775495,-0.002243955
8070,0.005920335,-0.003215235
8070.25,0.006212145,-0.00304164
8070.5,0.006218535,-0.003027795
8070.75,0.005513505,-0.003873405
8071,0.00553374,-0.0031524
8071.25,0.005769105,-0.002278035
8071.5,0.043751265,-0.001532535
8071.75,0.060015945,-0.00293088
8072,0.04886433,-0.00316731
8072.25,0.052965645,-0.00433242
8072.5,0.05630442,-0.005260035
8072.75,0.061051125,-0.00535482
8073,0.062263095,-0.006887355
8073.25,0.063651855,-0.00741027
8073.5,0.07353825,-0.00858177
8073.75,0.08352369,-0.00612801
8074,0.08280588,-0.004714755
8074.25,0.088608,-0.004363305
8074.5,0.07504203,-0.003472965
8074.75,0.0788526,-0.00466683
8075,0.080632215,-0.00454968
8075.25,0.082723875,-0.004141785
8075.5,0.084457695,-0.00511413
8075.75,0.091143765,-0.006148245
8076,0.09652095,-0.004229115
8076.25,0.10395678,-0.005477295
8076.5,0.102513705,-0.006139725
8076.75,0.101834235,-0.006188715
8077,0.079622595,-0.007343175
8077.25,0.074687385,-0.00847101
8077.5,0.079818555,-0.008797965
8077.75,0.061185315,-0.008983275
8078,0.048175275,-0.009556245
8078.25,0.05321805,-0.00812808
8078.5,0.054963585,-0.00891618
8078.75,0.054024255,-0.00801519
8079,0.0551244,-0.0071142
8079.25,0.05984448,-0.007739355
8079.5,0.061129935,-0.00841563
8079.75,0.066604035,-0.00895452
8080,0.06743367,-0.00900777
8080.25,0.068787285,-0.00951684
8080.5,0.06860517,-0.008610525
8080.75,0.071177145,-0.007669065
8081,0.06643896,-0.00698214
8081.25,0.06282222,-0.006976815
8081.5,0.051018825,-0.010572255
8081.75,0.0417693,-0.00974475
8082,0.03634845,-0.00846036
8082.25,0.038598795,-0.00795555
8082.5,0.03786501,-0.00564876
8082.75,0.03481059,-0.00695658
8083,0.03146862,-0.00556569
8083.25,0.026502525,-0.003285525
8083.5,0.023141385,-0.004395255
8083.75,0.022236135,-0.004591215
8084,0.023925225,-0.004699845
8084.25,0.024587655,-0.00491391
8084.5,0.019607715,-0.00435372
8084.75,0.01079484,-0.004493235
8085,0.01149561,-0.00348042
8085.25,0.01185345,-0.003547515
8085.5,0.015801405,-0.003470835
8085.75,0.010957785,-0.00355497
8086,0.008397525,-0.003877665
8086.25,0.00833682,-0.003824415
8086.5,0.007969395,-0.00397884
8086.75,0.00791082,-0.00434094
8087,0.00805566,-0.00477972
8087.25,0.00727821,-0.005581665
8087.5,0.009385845,-0.004022505
8087.75,0.00884802,-0.00325677
8088,0.008423085,-0.003387765
8088.25,0.009106815,-0.0027903
8088.5,0.0085839,-0.0023856
8088.75,0.008369835,-0.004137525
8089,0.007396425,-0.00416202
8089.25,0.007528485,-0.00468813
8089.5,0.00740814,-0.00575739
8089.75,0.00778941,-0.00459015
8090,0.008403915,-0.003494265
8090.25,0.00846888,-0.003119385
8090.5,0.00774681,-0.003734955
8090.75,0.007709535,-0.00383187
8091,0.00782349,-0.00356775
8091.25,0.00789165,-0.003185415
8091.5,0.00917178,-0.00303312
8091.75,0.007466715,-0.004625295
8092,0.00666477,-0.005015085
8092.25,0.00708225,-0.005264295
8092.5,0.006929955,-0.00499698
8092.75,0.007277145,-0.00400866
8093,0.00793425,-0.002753025
8093.25,0.006655185,-0.00256452
8093.5,0.00702048,-0.00307572
8093.75,0.00559764,-0.00308637
8094,0.006175935,-0.00325038
8094.25,0.006327165,-0.00371472
8094.5,0.006241965,-0.00292449
8094.75,0.00555291,-0.003221625
8095,0.005234475,-0.00390216
8095.25,0.005353755,-0.004256805
8095.5,0.00565089,-0.002371755
8095.75,0.00588945,-0.00267528
8096,0.017049585,-0.00198516
8096.25,0.02428839,-0.004339875
8096.5,0.02664417,-0.00495651
8096.75,0.036558255,-0.005556105
8097,0.034436775,-0.004778655
8097.25,0.0408534,-0.006650925
8097.5,0.04605486,-0.00748695
8097.75,0.04588233,-0.00625368
8098,0.04488549,-0.00640491
8098.25,0.04313889,-0.00546345
8098.5,0.04024848,-0.005432565
8098.75,0.0410025,-0.005801055
8099,0.05041284,-0.006218535
8099.25,0.0452838,-0.0060066
8099.5,0.051951765,-0.00629415
8099.75,0.06173592,-0.005671125
8100,0.078493695,-0.006497565
8100.25,0.080570445,-0.005969325
8100.5,0.081565155,-0.00585324
8100.75,0.083686635,-0.00620256
8101,0.07689513,-0.005613615
8101.25,0.081243525,-0.00718236
8101.5,0.08275476,-0.00726969
8101.75,0.08409879,-0.007911885
8102,0.068297385,-0.008742585
8102.25,0.070382655,-0.00698214
8102.5,0.06554649,-0.006857535
8102.75,0.071089815,-0.006591285
8103,0.06904395,-0.008029035
8103.25,0.07332099,-0.00725478
8103.5,0.063242895,-0.00685434
8103.75,0.06615567,-0.00721005
8104,0.066474105,-0.00620469
8104.25,0.066041715,-0.006152505
8104.5,0.06591072,-0.0064752
8104.75,0.065162025,-0.00718449
8105,0.06082215,-0.00765735
8105.25,0.04164363,-0.0060279
8105.5,0.02249919,-0.00616848
8105.75,0.006966165,-0.003786075
8106,0.0074337,-0.003515565
8106.25,0.00696297,-0.005221695
8106.5,0.006917175,-0.002601795
8106.75,0.00681174,-0.00277965
8107,0.00672015,-0.00244098
8107.25,0.007381515,-0.001468635
8107.5,0.007049235,-0.00211083
8107.75,0.00890766,-0.0023856
8108,0.008606265,-0.00316092
8108.25,0.00895239,-0.002902125
8108.5,0.00867549,-0.00299052
8108.75,0.00839859,-0.00350598
8109,0.009390105,-0.00318222
8109.25,0.008883165,-0.003298305
8109.5,0.00778941,-0.00381909
8109.75,0.009315555,-0.003117255
8110,0.00849657,-0.003034185
8110.25,0.008725545,-0.002891475
8110.5,0.00916113,-0.00186162
8110.75,0.00780006,-0.00228123
8111,0.00793212,-0.00315453
8111.25,0.007852245,-0.00306507
8111.5,0.00965316,-0.004759485
8111.75,0.008467815,-0.00609606
8112,0.008254815,-0.003811635
8112.25,0.007781955,-0.00423231
8112.5,0.00690546,-0.00444318
8112.75,0.00814725,-0.003328125
8113,0.00814299,-0.003911745
8113.25,0.00802584,-0.004154565
8113.5,0.00906741,-0.002578365
8113.75,0.00861159,-0.002842485
8114,0.00790656,-0.00351663
8114.25,0.007551915,-0.00553374
8114.5,0.007417725,-0.005850045
8114.75,0.0071781,-0.00627072
8115,0.00778302,-0.005223825
8115.25,0.00780858,-0.00259008
8115.5,0.008484855,-0.00278391
8115.75,0.00765948,-0.003647625
8116,0.007769175,-0.003538995
8116.25,0.007502925,-0.00342717
8116.5,0.007149345,-0.003820155
8116.75,0.00679896,-0.00483297
8117,0.007732965,-0.003892575
8117.25,0.006058785,-0.00385956
8117.5,0.005656215,-0.00498846
8117.75,0.00543363,-0.00411942
8118,0.00663921,-0.002908515
8118.25,0.00708864,-0.00312258
8118.5,0.007304835,-0.00236217
8118.75,0.00689055,-0.001843515
8119,0.0063048,-0.00171252
8119.25,0.017170995,-0.000623025
8119.5,0.030668805,-0.00183393
8119.75,0.0307146,-0.00078597
8120,0.03847206,-0.00285207
8120.25,0.04251906,-0.00329511
8120.5,0.063308925,-0.00248145
8120.75,0.06835809,-0.00277539
8121,0.06418116,-0.00342504
8121.25,0.066188685,-0.003396285
8121.5,0.07310799,-0.002836095
8121.75,0.080649255,-0.003598635
8122,0.086704845,-0.004629555
8122.25,0.08546199,-0.00450708
8122.5,0.081260565,-0.004007595
8122.75,0.080429865,-0.00376158
8123,0.08767506,-0.00368064
8123.25,0.091263045,-0.003507045
8123.5,0.07437534,-0.00343356
8123.75,0.066216375,-0.00153999
8124,0.069049275,-0.0007242
8124.25,0.072570165,-0.001019205
8124.5,0.062740215,-0.00243459
8124.75,0.07369374,-0.001428165
8125,0.075390285,-0.001607085
8125.25,0.075590505,-0.00263694
8125.5,0.084971025,-0.004808475
8125.75,0.074979195,-0.00391281
8126,0.076825905,-0.003675315
8126.25,0.079143345,-0.00456885
8126.5,0.083249985,-0.00378714
8126.75,0.087708075,-0.00332919
8127,0.07853736,-0.00285846
8127.25,0.068648835,-0.00246015
8127.5,0.07230498,-0.002872305
8127.75,0.07773009,-0.003343035
8128,0.084276645,-0.003916005
8128.25,0.07768323,-0.00298413
8128.5,0.07998576,-0.001743405
8128.75,0.083158395,-0.00284994
8129,0.052386285,-0.003219495
8129.25,0.028726245,-0.005922465
8129.5,0.015737505,-0.003920265
8129.75,0.014994135,-0.002269515
8130,0.014314665,-0.001200255
8130.25,0.01564059,-0.00159111
8130.5,0.01571514,-0.002987325
8130.75,0.0139089,-0.002983065
8131,0.01334445,-0.00276048
8131.25,0.01221342,-0.00237495
8131.5,0.014159175,-0.00216834
8131.75,0.01552983,-0.001592175
8132,0.01454577,-0.002309985
8132.25,0.01492704,-0.003230145
8132.5,0.009743685,-0.004972485
8132.75,0.00908019,-0.0055167
8133,0.00908445,-0.005400615
8133.25,0.008533845,-0.00447513
8133.5,0.008397525,-0.003528345
8133.75,0.008542365,-0.004648725
8134,0.00859881,-0.003607155
8134.25,0.00901203,-0.00316305
8134.5,0.00873939,-0.00375306
8134.75,0.009023745,-0.00277326
8135,0.00957222,-0.002358975
8135.25,0.00890127,-0.00299904
8135.5,0.00825588,-0.00315453
8135.75,0.00839646,-0.00429408
8136,0.007470975,-0.00513117
8136.25,0.00733998,-0.00471369
8136.5,0.007828815,-0.00390003
8136.75,0.007769175,-0.00345273
8137,0.008791575,-0.00237921
8137.25,0.008016255,-0.00386169
8137.5,0.008116365,-0.003890445
8137.75,0.008184525,-0.003698745
8138,0.008307,-0.00328659
8138.25,0.009298515,-0.00238986
8138.5,0.00900777,-0.002241825
8138.75,0.00710568,-0.00482019
8139,0.006991725,-0.00568497
8139.25,0.00720153,-0.004927755
8139.5,0.007194075,-0.004463415
8139.75,0.0077319,-0.003600765
8140,0.00793425,-0.002050125
8140.25,0.007750005,-0.00217686
8140.5,0.007036455,-0.002857395
8140.75,0.00724839,-0.002723205
8141,0.007803255,-0.00283503
8141.25,0.006101385,-0.003611415
8141.5,0.00550605,-0.004101315
8141.75,0.00582981,-0.002955375
8142,0.00537612,-0.003343035
8142.25,0.00586389,-0.004184385
8142.5,0.0065604,-0.002661435
8142.75,0.00634314,-0.00261138
8143,0.006177,-0.002948985
8143.25,0.00644325,-0.00264972
8143.5,0.00623664,-0.001702935
8143.75,0.00670311,-0.001775355
8144,0.004569915,-0.001881855
8144.25,0.00415776,-0.003072525
8144.5,0.004222725,-0.003792465
8144.75,0.00481167,-0.003888315
8145,0.0060918,-0.00382335
8145.25,0.00690972,-0.002476125
8145.5,0.00757641,-0.001807305
8145.75,0.007387905,-0.001466505
8146,0.006900135,-0.00179559
8146.25,0.00622173,-0.002597535
8146.5,0.00505023,-0.00186375
8146.75,0.004738185,-0.00228123
8147,0.005639175,-0.00237282
8147.25,0.006906525,-0.001198125
8147.5,0.006361245,-0.00182967
8147.75,0.00623451,-0.00285207
8148,0.00591714,-0.00319287
8148.25,0.00524193,-0.003498525
8148.5,0.00553587,-0.002761545
8148.75,0.00703113,-0.001645425
8149,0.006071565,-0.001004295
8149.25,0.00603216,-0.001296105
8149.5,0.00631758,-0.001730625
8149.75,0.005775495,-0.00223863
8150,0.006169545,-0.001954275
8150.25,0.006849015,-0.00161667
8150.5,0.00703752,-0.00141219
8150.75,0.007128045,-0.00189357
8151,0.007029,-0.002770065
8151.25,0.012016395,-0.00169122
8151.5,0.01519755,-0.001004295
8151.75,0.016374375,-0.000450495
8152,0.01739784,-0.000388725
8152.25,0.0173595,-0.000484575
8152.5,0.01601334,-0.001215165
8152.75,0.01574709,-0.001641165
8153,0.01793673,-0.00177003
8153.25,0.01753416,-0.002309985
8153.5,0.01878021,-0.00164223
8153.75,0.01822002,-0.001709325
8154,0.017844075,-0.0021087
8154.25,0.01164897,-0.00169335
8154.5,0.00671376,-0.00249423
8154.75,0.00721005,-0.00181476
8155,0.007068405,-0.0018318
8155.25,0.00725265,-0.001313145
8155.5,0.00830913,-0.00230466
8155.75,0.008661645,-0.002478255
8156,0.008827785,-0.0022791
8156.25,0.009466785,-0.00241329
8156.5,0.00929958,-0.001592175
8156.75,0.008868255,-0.0017892
8157,0.009185625,-0.001883985
8157.25,0.0081579,-0.00345486
8157.5,0.00829848,-0.003918135
8157.75,0.00840498,-0.00473499
8158,0.008416695,-0.003690225
8158.25,0.008849085,-0.00322908
8158.5,0.00868188,-0.002043735
8158.75,0.007628595,-0.00348255
8159,0.008403915,-0.003170505
8159.25,0.0078384,-0.003639105
8159.5,0.009434835,-0.002727465
8159.75,0.00920799,-0.00236217
8160,0.00863076,-0.00177642
8160.25,0.00877773,-0.0026625
8160.5,0.00775746,-0.003034185
8160.75,0.007620075,-0.00359331
8161,0.007862895,-0.003860625
8161.25,0.007362345,-0.004774395
8161.5,0.00846249,-0.00370407
8161.75,0.00800667,-0.00396393
8162,0.008459295,-0.003971385
8162.25,0.008082285,-0.002983065
8162.5,0.007911885,-0.00339522
8162.75,0.00821967,-0.002959635
8163,0.00725265,-0.00323334
8163.25,0.008570055,-0.00202989
8163.5,0.008391135,-0.002077815
8163.75,0.008144055,-0.00273492
8164,0.007434765,-0.002889345
8164.25,0.006851145,-0.00429621
8164.5,0.006388935,-0.00406617
8164.75,0.006601935,-0.00349959
8165,0.007537005,-0.00373389
8165.25,0.006949125,-0.003142815
8165.5,0.006461355,-0.00300117
8165.75,0.00608967,-0.002399445
8166,0.006408105,-0.00332919
8166.25,0.006222795,-0.00278178
8166.5,0.006457095,-0.001664595
8166.75,0.006007665,-0.00169335
8167,0.005752065,-0.001649685
8167.25,0.00561894,-0.00315453
8167.5,0.00596826,-0.00437928
8167.75,0.00644538,-0.004233375
8168,0.0040257,-0.00366999
8168.25,0.004529445,-0.002339805
8168.5,0.005206785,-0.001694415
8168.75,0.005690295,-0.001647555
8169,0.005971455,-0.00263481
8169.25,0.00608967,-0.00263694
8169.5,0.006446445,-0.00248571
8169.75,0.006834105,-0.002467605
8170,0.0072846,-0.00139941
8170.25,0.006729735,-0.00188718
8170.5,0.005338845,-0.00211083
8170.75,0.0053463,-0.00261777
8171,0.00564663,-0.0022152
8171.25,0.00655401,-0.0021513
8171.5,0.007641375,-0.001389825
8171.75,0.007140825,-0.002043735
8172,0.00737193,-0.00158472
8172.25,0.006405975,-0.002938335
8172.5,0.00643047,-0.003272745
8172.75,0.006177,-0.00329724
8173,0.00519933,-0.003236535
8173.25,0.00612375,-0.001771095
8173.5,0.00675423,-0.001530405
8173.75,0.00756789,-0.001155525
8174,0.00719088,-0.001828605
8174.25,0.00687777,-0.002510205
8174.5,0.00728034,-0.00194469
8174.75,0.00755085,-0.001739145
8175,0.00724626,-0.00144201
8175.25,0.007030065,-0.001074585
8175.5,0.006393195,-0.001034115
8175.75,0.005850045,-0.00212361
8176,0.006303735,-0.001892505
8176.25,-0.0001704,0.00055167
8176.5,-0.000152295,-0.000124605
8176.75,-0.000145905,-0.00019596
8177,0.00033228,-3.9405e-05
8177.25,0.000324825,-0.00021087
8177.5,0.00037062,-0.0016188
8177.75,-0.001089495,-0.000661365
8178,0.00613227,-0.00074124
8178.25,0.0077745,-0.00097341
8178.5,0.0068799,-0.00076893
8178.75,0.006748905,-0.000968085
8179,0.006667965,-0.001155525
8179.25,0.006970425,-0.001668855
8179.5,0.006951255,-0.002695515
8179.75,0.008748975,-0.00277113
8180,0.008734065,-0.0023856
8180.25,0.00933792,-0.001585785
8180.5,0.00903759,-0.001406865
8180.75,0.008687205,-0.001417515
8181,0.009174975,-0.00196173
8181.25,0.0085626,-0.002946855
8181.5,0.00823884,-0.00276687
8181.75,0.007975785,-0.002425005
8182,0.008540235,-0.001830735
8182.25,0.008246295,-0.001775355
8182.5,0.008565795,-0.0013632
8182.75,0.00899712,-0.001809435
8183,0.007132305,-0.003127905
8183.25,0.00859668,-0.00260073
8183.5,0.00834534,-0.00279882
8183.75,0.008011995,-0.00328659
8184,0.008297415,-0.001705065
8184.25,0.008708505,-0.001666725
8184.5,0.007034325,-0.00392133
8184.75,0.006663705,-0.004405905
8185,0.006650925,-0.00517164
8185.25,0.006584895,-0.00480741
8185.5,0.008348535,-0.002552805
8185.75,0.00805353,-0.002156625
8186,0.007062015,-0.00175299
8186.25,0.006606195,-0.002595405
8186.5,0.007862895,-0.002659305
8186.75,0.00713337,-0.003206715
8187,0.007000245,-0.002876565
8187.25,0.007309095,-0.00250275
8187.5,0.007788345,-0.001741275
8187.75,0.007630725,-0.001956405
8188,0.006721215,-0.00344421
8188.25,0.006259005,-0.00309489
8188.5,0.005749935,-0.00307785
8188.75,0.00595974,-0.00302247
8189,0.00688842,-0.00242607
8189.25,0.00724413,-0.001462245
8189.5,0.006239835,-0.001172565
8189.75,0.00547836,-0.001875465
8190,0.00542511,-0.001943625
8190.25,0.0059214,-0.001917
8190.5,0.005536935,-0.001613475
8190.75,0.005532675,-0.00136533
8191,0.00880329,-0.00154851
8191.25,0.02299548,-0.00088608
8191.5,0.025028565,-0.00133125
8191.75,0.038485905,-0.00200007
8192,0.031335495,-0.001871205
8192.25,0.05933754,-0.001977705
8192.5,0.07448397,-0.00297987
8192.75,0.081279735,-0.00339735
8193,0.093090585,-0.00274557
8193.25,0.08957289,-0.00231105
8193.5,0.09299793,-0.0029607
8193.75,0.100679775,-0.003151335
8194,0.095631675,-0.00446022
8194.25,0.100134495,-0.005611485
8194.5,0.092547435,-0.005792535
8194.75,0.09336003,-0.00471795
8195,0.10386093,-0.00456246
8195.25,0.10729023,-0.00387021
8195.5,0.113248905,-0.00395328
8195.75,0.10620393,-0.00295431
8196,0.104769375,-0.00359757
8196.25,0.10144338,-0.003528345
8196.5,0.09752418,-0.00435159
8196.75,0.096242985,-0.00450069
8197,0.088059525,-0.004216335
8197.25,0.08323401,-0.00405552
8197.5,0.091927605,-0.00582555
8197.75,0.08577936,-0.00496503
8198,0.078008055,-0.004687065
8198.25,0.076617165,-0.00496716
8198.5,0.073818345,-0.003221625
8198.75,0.068518905,-0.003417585
8199,0.060258765,-0.003374985
8199.25,0.06493944,-0.00395115
8199.5,0.05827041,-0.004120485
8199.75,0.06500334,-0.003592245
8200,0.007760655,-0.0064965
8200.25,0.000716745,-0.001151265
8200.5,0.000546345,-0.001394085
8200.75,-0.000799815,-0.000793425
8201,0.03741558,-0.002280165
8201.25,0.04053816,-0.006331425
8201.5,0.03228441,-0.00633462
8201.75,0.028971195,-0.00621534
8202,0.03649116,-0.00582768
8202.25,0.017298795,-0.00225354
8202.5,0.01671198,-0.00274344
8202.75,0.017912235,-0.003570945
8203,0.014061195,-0.00269232
8203.25,0.017147565,-0.003901095
8203.5,0.01759806,-0.004084275
8203.75,0.01677588,-0.00343995
8204,0.01923603,-0.004480455
8204.25,0.018389355,-0.003773295
8204.5,0.017771655,-0.00331854
8204.75,0.01862898,-0.003634845
8205,0.01640739,-0.003351555
8205.25,0.018519285,-0.004048065
8205.5,0.01836486,-0.00397458
8205.75,0.020881455,-0.00338457
8206,0.016191195,-0.00297561
8206.25,0.01975149,-0.00341226
8206.5,0.015982455,-0.004371825
8206.75,0.016757775,-0.004612515
8207,0.01580034,-0.00657318
8207.25,0.019854795,-0.00583407
8207.5,0.01688877,-0.005091765
8207.75,0.01888245,-0.00468813
8208,0.018250905,-0.00276261
8208.25,0.017518185,-0.00284568
8208.5,0.014086755,-0.002893605
8208.75,0.01966629,-0.00269232
8209,0.01396854,-0.003898965
8209.25,0.01715076,-0.005728635
8209.5,0.01452873,-0.00556569
8209.75,0.017324355,-0.00593418
8210,0.01255422,-0.0057297
8210.25,0.016808895,-0.003306825
8210.5,0.01435407,-0.003315345
8210.75,0.019614105,-0.00378714
8211,0.01526145,-0.00309915
8211.25,0.01881003,-0.004218465
8211.5,0.014223075,-0.00446661
8211.75,0.0197451,-0.00441762
8212,0.013281615,-0.005340975
8212.25,0.01636053,-0.005916075
8212.5,0.01361922,-0.004770135
8212.75,0.016553295,-0.003183285
8213,0.01507614,-0.00299904
8213.25,0.016938825,-0.00212574
8213.5,0.015931335,-0.003206715
8213.75,0.014223075,-0.0030672
8214,0.01556178,-0.003104475
8214.25,0.01478007,-0.00277752
8214.5,0.013249665,-0.00275622
8214.75,0.0111186,-0.00237282
8215,0.014634165,-0.002855265
8215.25,0.011997225,-0.002699775
8215.5,0.013598985,-0.002961765
8215.75,0.01308033,-0.0027051
8216,0.027397125,-0.00284994
8216.25,0.035782935,-0.002750895
8216.5,0.05686887,-0.006020445
8216.75,0.05466432,-0.00656466
8217,0.051777105,-0.00621534
8217.25,0.04997832,-0.006158895
8217.5,0.06793422,-0.009307035
8217.75,0.067372965,-0.009298515
8218,0.065734995,-0.00828144
8218.25,0.072482835,-0.010131345
8218.5,0.06587877,-0.00838155
8218.75,0.063061845,-0.007513575
8219,0.065854275,-0.00770421
8219.25,0.067102455,-0.007882065
8219.5,0.06078168,-0.00793851
8219.75,0.05890728,-0.00736767
8220,0.051093375,-0.00480102
8220.25,0.060486675,-0.006088605
8220.5,0.053236155,-0.003221625
8220.75,0.04513896,-0.00254109
8221,0.04793565,-0.002254605
8221.25,0.046077225,-0.003174765
8221.5,0.052620585,-0.00287124
8221.75,0.03859986,-0.00433242
8222,0.0495651,-0.005973585
8222.25,0.046138995,-0.00628989
8222.5,0.05743758,-0.008361315
8222.75,0.057180915,-0.01001952
8223,0.060980835,-0.00866697
8223.25,0.06169545,-0.00945081
8223.5,0.05317119,-0.008233515
8223.75,0.056509965,-0.01014093
8224,0.05991903,-0.008927895
8224.25,0.053472585,-0.006678615
8224.5,0.052230795,-0.00644538
8224.75,0.05606586,-0.006836235
8225,0.055178715,-0.00760623
8225.25,0.058267215,-0.0075615
8225.5,0.05538213,-0.007894845
8225.75,0.044251815,-0.006540165
8226,0.028960545,-0.004897935
8226.25,0.02044374,-0.004163085
8226.5,0.014391345,-0.004897935
8226.75,0.007528485,-0.002910645
8227,0.00506088,-0.002229045
8227.25,0.00550179,-0.00260712
8227.5,0.006290955,-0.00228975
8227.75,0.007666935,-0.00189144
8228,0.00816642,-0.002559195
8228.25,0.007543395,-0.00401079
8228.5,0.00746991,-0.004819125
8228.75,0.00660513,-0.0050694
8229,0.00702474,-0.004616775
8229.25,0.007338915,-0.003515565
8229.5,0.00791082,-0.003913875
8229.75,0.00872448,-0.00329085
8230,0.00933366,-0.00213
8230.25,0.00935922,-0.00199581
8230.5,0.00827718,-0.00226845
8230.75,0.0077319,-0.003183285
8231,0.007973655,-0.00312045
8231.25,0.00655614,-0.00329298
8231.5,0.00703965,-0.003596505
8231.75,0.00734424,-0.00301182
8232,0.006995985,-0.00242607
8232.25,0.0065604,-0.00309489
8232.5,0.00566793,-0.00348042
8232.75,0.006744645,-0.003594375
8233,0.006998115,-0.003021405
8233.25,0.007013025,-0.00345699
8233.5,0.00704817,-0.002778585
8233.75,0.007882065,-0.00180837
8234,0.00805779,-0.00183819
8234.25,0.007816035,-0.002384535
8234.5,0.007262235,-0.003025665
8234.75,0.007275015,-0.0028329
8235,0.006638145,-0.00375732
8235.25,0.006399585,-0.00433242
8235.5,0.007615815,-0.004275975
8235.75,0.009341115,-0.003072525
8236,0.008789445,-0.002024565
8236.25,0.00905676,-0.002309985
8236.5,0.00879477,-0.002522985
8236.75,0.00780006,-0.002948985
8237,0.00762966,-0.00326529
8237.25,0.006661575,-0.00306081
8237.5,0.00674145,-0.003115125
8237.75,0.006050265,-0.003685965
8238,0.00585324,-0.003681705
8238.25,0.006350595,-0.003095955
8238.5,0.0074763,-0.00256665
8238.75,0.006817065,-0.00154425
8239,0.005159925,-0.00188931
8239.25,0.0128439,-0.00092655
8239.5,0.0284994,-5.325e-05
8239.75,0.040200555,-0.001125705
8240,0.03265716,-0.00123753
8240.25,0.034656165,-0.00147822
8240.5,0.03662748,-0.002009655
8240.75,0.049732305,-0.003392025
8241,0.062427105,-0.003960735
8241.25,0.054181875,-0.003449535
8241.5,0.057634605,-0.00343782
8241.75,0.05514996,-0.00485214
8242,0.04544142,-0.00866484
8242.25,0.040055715,-0.007924665
8242.5,0.03722388,-0.007029
8242.75,0.03511731,-0.00671163
8243,0.04113669,-0.0076041
8243.25,0.049572555,-0.006454965
8243.5,0.048328635,-0.00782775
8243.75,0.049463925,-0.009637185
8244,0.037889505,-0.00831765
8244.25,0.033094875,-0.00769995
8244.5,0.033286575,-0.008891685
8244.75,0.03232701,-0.00852852
8245,0.02839716,-0.00894174
8245.25,0.027774135,-0.00898221
8245.5,0.02761332,-0.007562565
8245.75,0.03525576,-0.00750399
8246,0.036585945,-0.006904395
8246.25,0.03463167,-0.0060705
8246.5,0.033623115,-0.004897935
8246.75,0.045231615,-0.005884125
8247,0.03791613,-0.00727821
8247.25,0.03697467,-0.00953814
8247.5,0.03167949,-0.00946998
8247.75,0.031045815,-0.009138765
8248,0.034754145,-0.0100749
8248.25,0.034585875,-0.00852
8248.5,0.0245163,-0.00655188
8248.75,0.02433525,-0.00620043
8249,0.02114877,-0.00591288
8249.25,0.025111635,-0.008429475
8249.5,0.017409555,-0.005358015
8249.75,0.01591962,-0.00774894
8250,0.01056054,-0.00681813
8250.25,0.00786396,-0.00541233
8250.5,0.00687138,-0.003406935
8250.75,0.00686712,-0.002256735
8251,0.00669033,-0.001817955
8251.25,0.00612588,-0.002522985
8251.5,0.006985335,-0.00316731
8251.75,0.008785185,-0.00327168
8252,0.00906741,-0.003000105
8252.25,0.00700344,-0.00271575
8252.5,0.00704817,-0.002825445
8252.75,0.00728886,-0.00338883
8253,0.007571085,-0.00370194
8253.25,0.007238805,-0.003587985
8253.5,0.007264365,-0.00301608
8253.75,0.008154705,-0.003155595
8254,0.00757215,-0.003181155
8254.25,0.00748908,-0.002603925
8254.5,0.007492275,-0.002299335
8254.75,0.007187685,-0.00345912
8255,0.006844755,-0.00382974
8255.25,0.00667116,-0.004782915
8255.5,0.00716319,-0.00506301
8255.75,0.007189815,-0.00448791
8256,0.007025805,-0.00355923
8256.25,0.00749121,-0.002501685
8256.5,0.007330395,-0.001905285
8256.75,0.00709716,-0.001958535
8257,0.006906525,-0.00304803
8257.25,0.00605985,-0.00457524
8257.5,0.006782985,-0.004814865
8257.75,0.007093965,-0.00477333
8258,0.00658596,-0.004874505
8258.25,0.007023675,-0.004116225
8258.5,0.00783627,-0.002420745
8258.75,0.008212215,-0.002554935
8259,0.007341045,-0.00342291
8259.25,0.006925695,-0.003619935
8259.5,0.00630267,-0.003658275
8259.75,0.00646668,-0.004934145
8260,0.006199365,-0.0049629
8260.25,0.006776595,-0.00316518
8260.5,0.0069225,-0.00307572
8260.75,0.00611523,-0.002742375
8261,0.00686073,-0.002797755
8261.25,0.005818095,-0.00242607
8261.5,0.00508644,-0.00230466
8261.75,0.00487344,-0.00239199
8262,0.005176965,-0.002393055
8262.25,0.004912845,-0.003428235
8262.5,0.005775495,-0.002642265
8262.75,0.0048777,-0.002346195
8263,0.00531648,-0.00243885
8263.25,0.00618552,-0.003302565
8263.5,0.007796865,-0.00298413
8263.75,0.008593485,-0.00249636
8264,0.005760585,-0.0023217
8264.25,0.011620215,-0.003441015
8264.5,0.02809896,-0.004369695
8264.75,0.029514345,-0.0045369
8265,0.040245285,-0.005979975
8265.25,0.03408,-0.005645565
8265.5,0.047706675,-0.00800454
8265.75,0.05906916,-0.00874365
8266,0.05696472,-0.00734211
8266.25,0.06768501,-0.00655188
8266.5,0.063021375,-0.006486915
8266.75,0.061700775,-0.00530796
8267,0.065605065,-0.005106675
8267.25,0.067892685,-0.00555717
8267.5,0.066276015,-0.005592315
8267.75,0.070531755,-0.00761049
8268,0.067157835,-0.007777695
8268.25,0.06185307,-0.007988565
8268.5,0.065008665,-0.007098225
8268.75,0.06581487,-0.005924595
8269,0.06663492,-0.00578082
8269.25,0.083976315,-0.00740601
8269.5,0.090964845,-0.010220805
8269.75,0.08510628,-0.00855408
8270,0.08660367,-0.008968365
8270.25,0.08780499,-0.008203695
8270.5,0.079322265,-0.00746565
8270.75,0.08710848,-0.010653195
8271,0.07485885,-0.010088745
8271.25,0.069121695,-0.011863035
8271.5,0.063617775,-0.01314849
8271.75,0.064893645,-0.010823595
8272,0.065628495,-0.009637185
8272.25,0.06045792,-0.01056267
8272.5,0.05353968,-0.00955944
8272.75,0.04106001,-0.008797965
8273,0.042692655,-0.013066485
8273.25,0.0251553,-0.00739536
8273.5,0.03141963,-0.008399655
8273.75,0.0189996,-0.00572757
8274,0.017083665,-0.00794916
8274.25,0.007306965,-0.00356562
8274.5,0.00644964,-0.003157725
8274.75,0.006785115,-0.00375945
8275,0.006736125,-0.003964995
8275.25,0.007049235,-0.002997975
8275.5,0.008981145,-0.00347616
8275.75,0.009826755,-0.00380205
8276,0.00998331,-0.003042705
8276.25,0.009764985,-0.002258865
8276.5,0.008940675,-0.002610315
8276.75,0.00858816,-0.003451665
8277,0.00955092,-0.00452412
8277.25,0.00944655,-0.00468387
8277.5,0.008631825,-0.00507792
8277.75,0.010744785,-0.005223825
8278,0.00901416,-0.003179025
8278.25,0.011087715,-0.002278035
8278.5,0.009505125,-0.002337675
8278.75,0.01060527,-0.002586885
8279,0.0094359,-0.003215235
8279.25,0.010035495,-0.003605025
8279.5,0.011978055,-0.005383575
8279.75,0.010936485,-0.005845785
8280,0.01186836,-0.004910715
8280.25,0.011339055,-0.004439985
8280.5,0.01016862,-0.004527315
8280.75,0.01085235,-0.00266889
8281,0.010738395,-0.00397245
8281.25,0.010536045,-0.00345273
8281.5,0.01034754,-0.003483615
8281.75,0.00934218,-0.003992685
8282,0.009236745,-0.003877665
8282.25,0.009160065,-0.0041535
8282.5,0.00876495,-0.00419184
8282.75,0.00959352,-0.005351625
8283,0.007277145,-0.005573145
8283.25,0.008993925,-0.00489261
8283.5,0.008810745,-0.003720045
8283.75,0.00882885,-0.003089565
8284,0.00922077,-0.00289893
8284.25,0.008657385,-0.002827575
8284.5,0.009168585,-0.002780715
8284.75,0.00758919,-0.004542225
8285,0.00838581,-0.00628137
8285.25,0.007030065,-0.00549114
8285.5,0.006469875,-0.00481806
8285.75,0.006218535,-0.004356915
8286,0.007801125,-0.00257943
8286.25,0.007025805,-0.00203202
8286.5,0.00743796,-0.00190422
8286.75,0.00746991,-0.00234726
8287,0.00485001,-0.00210657
8287.25,0.005752065,-0.00201285
8287.5,0.00532926,-0.001805175
8287.75,0.007189815,-0.00252405
8288,0.005385705,-0.00221307
8288.25,0.013613895,-0.003854235
8288.5,0.028956285,-0.0024921
8288.75,0.04242108,-0.005381445
8289,0.048673695,-0.00561681
8289.25,0.043623465,-0.00518655
8289.5,0.04456599,-0.006263265
8289.75,0.049359555,-0.008369835
8290,0.055617495,-0.00817494
8290.25,0.05118603,-0.006384675
8290.5,0.047681115,-0.00656679
8290.75,0.04288116,-0.007786215
8291,0.042317775,-0.00731868
8291.25,0.047086845,-0.00792999
8291.5,0.05404662,-0.009862965
8291.75,0.050243505,-0.007583865
8292,0.04995915,-0.009901305
8292.25,0.03967977,-0.00756576
8292.5,0.040138785,-0.00718023
8292.75,0.03585855,-0.006525255
8293,0.03832509,-0.00869466
8293.25,0.035944815,-0.00961908
8293.5,0.037695675,-0.009728775
8293.75,0.040752225,-0.007877805
8294,0.03289785,-0.00500337
8294.25,0.029427015,-0.002224785
8294.5,0.026425845,-0.002774325
8294.75,0.03138342,-0.003628455
8295,0.02679753,-0.00321417
8295.25,0.025989195,-0.00297135
8295.5,0.02435442,-0.00325038
8295.75,0.02398806,-0.0033441
8296,0.027311925,-0.003315345
8296.25,0.02439702,-0.003458055
8296.5,0.020127435,-0.004137525
8296.75,0.018860085,-0.004018245
8297,0.01952784,-0.00485214
8297.25,0.01932549,-0.004448505
8297.5,0.018176355,-0.004282365
8297.75,0.0165075,-0.00525684
8298,0.011954625,-0.00492243
8298.25,0.01581312,-0.006638145
8298.5,0.0109695,-0.006825585
8298.75,0.01758741,-0.005743545
8299,0.013598985,-0.00510987
8299.25,0.01381305,-0.004985265
8299.5,0.017848335,-0.00469665
8299.75,0.01842876,-0.004949055
8300,0.01744257,-0.00558912
8300.25,0.01788135,-0.004578435
8300.5,0.01394085,-0.004120485
8300.75,0.009571155,-0.00314814
8301,0.010161165,-0.002623095
8301.25,0.009946035,-0.002525115
8301.5,0.01034115,-0.002861655
8301.75,0.00901842,-0.00334197
8302,0.009715995,-0.004312185
8302.25,0.00902694,-0.004812735
8302.5,0.009111075,-0.00470091
8302.75,0.01036458,-0.0040896
8303,0.01217295,-0.00488196
8303.25,0.012540375,-0.00447513
8303.5,0.012668175,-0.004725405
8303.75,0.009782025,-0.002942595
8304,0.01036245,-0.00286059
8304.25,0.00918669,-0.003737085
8304.5,0.00836877,-0.004011855
8304.75,0.008806485,-0.005232345
8305,0.00895665,-0.006516735
8305.25,0.00876069,-0.00473925
8305.5,0.009473175,-0.00417906
8305.75,0.009747945,-0.00346977
8306,0.010235715,-0.003257835
8306.25,0.009458265,-0.00344421
8306.5,0.0090525,-0.00359331
8306.75,0.009051435,-0.00357201
8307,0.008936415,-0.00362526
8307.25,0.009615885,-0.00365295
8307.5,0.008810745,-0.00435585
8307.75,0.008514675,-0.00405339
8308,0.008738325,-0.00348894
8308.25,0.008265465,-0.00354432
8308.5,0.008974755,-0.002214135
8308.75,0.007882065,-0.003134295
8309,0.00789804,-0.003792465
8309.25,0.00772977,-0.003221625
8309.5,0.00837516,-0.003206715
8309.75,0.00747204,-0.00328233
8310,0.007134435,-0.004623165
8310.25,0.00751038,-0.00298413
8310.5,0.006959775,-0.002961765
8310.75,0.007494405,-0.003313215
8311,0.00716106,-0.00216621
8311.25,0.006957645,-0.002454825
8311.5,0.00789378,-0.00256878
8311.75,0.007617945,-0.002669955
8312,0.005524155,-0.002597535
8312.25,0.0059001,-0.00243672
8312.5,0.007568955,-0.001783875
8312.75,0.008866125,-0.00201498
8313,0.009330465,-0.00330576
8313.25,0.0110334,-0.004033155
8313.5,0.02006247,-0.006020445
8313.75,0.025863525,-0.005837265
8314,0.01839255,-0.00371259
8314.25,0.024887985,-0.005198265
8314.5,0.014842905,-0.0035358
8314.75,0.014678895,-0.003611415
8315,0.016531995,-0.003025665
8315.25,0.01826262,-0.0028116
8315.5,0.019622625,-0.003353685
8315.75,0.01727643,-0.00328659
8316,0.01816038,-0.00353367
8316.25,0.01739571,-0.003794595
8316.5,0.01695054,-0.00278817
8316.75,0.01503141,-0.00335688
8317,0.013164465,-0.003651885
8317.25,0.01338492,-0.00314601
8317.5,0.014333835,-0.00482232
8317.75,0.01666725,-0.00421953
8318,0.016348815,-0.00335262
8318.25,0.018238125,-0.003660405
8318.5,0.01913379,-0.00331215
8318.75,0.02159394,-0.003328125
8319,0.019731255,-0.003334515
8319.25,0.021390525,-0.003204585
8319.5,0.017320095,-0.003281265
8319.75,0.017458545,-0.003477225
8320,0.015976065,-0.00350811
8320.25,0.019752555,-0.003913875
8320.5,0.01883985,-0.0031737
8320.75,0.01771308,-0.00287763
8321,0.019205145,-0.002533635
8321.25,0.019158285,-0.002710425
8321.5,0.017499015,-0.00284568
8321.75,0.020855895,-0.00353154
8322,0.021094455,-0.0042387
8322.25,0.01830522,-0.00451773
8322.5,0.016783335,-0.00479463
8322.75,0.016634235,-0.004446375
8323,0.018636435,-0.00499272
8323.25,0.01935318,-0.00389364
8323.5,0.01853739,-0.003347295
8323.75,0.0135255,-0.00220242
8324,0.01114629,-0.002478255
8324.25,0.010919445,-0.002629485
8324.5,0.010218675,-0.0031311
8324.75,0.00952962,-0.00351237
8325,0.0096063,-0.003119385
8325.25,0.01176399,-0.00400653
8325.5,0.00987681,-0.00278391
8325.75,0.011477505,-0.003313215
8326,0.01056054,-0.00349533
8326.25,0.01086087,-0.00476481
8326.5,0.009098295,-0.00665625
8326.75,0.009460395,-0.006126945
8327,0.00982782,-0.006026835
8327.25,0.01037523,-0.00511413
8327.5,0.01115055,-0.00400227
8327.75,0.011490285,-0.003781815
8328,0.010350735,-0.003215235
8328.25,0.011187825,-0.00312897
8328.5,0.009903435,-0.00324186
8328.75,0.010061055,-0.003713655
8329,0.00970641,-0.00348681
8329.25,0.00844758,-0.004802085
8329.5,0.009332595,-0.004834035
8329.75,0.00891618,-0.005179095
8330,0.009157935,-0.004527315
8330.25,0.01065,-0.00292236
8330.5,0.0103305,-0.003340905
8330.75,0.010712835,-0.00351663
8331,0.009709605,-0.003939435
8331.25,0.008763885,-0.00464553
8331.5,0.009094035,-0.00496716
8331.75,0.009462525,-0.0045156
8332,0.008944935,-0.00413433
8332.25,0.00893748,-0.004897935
8332.5,0.00873513,-0.00450282
8332.75,0.00842202,-0.00551457
8333,0.0078384,-0.005598705
8333.25,0.007899105,-0.00342291
8333.5,0.007453935,-0.003336645
8333.75,0.00707799,-0.003538995
8334,0.007539135,-0.00318648
8334.25,0.008382615,-0.00230466
8334.5,0.00780432,-0.00282864
8334.75,0.00791508,-0.002855265
8335,0.00733572,-0.005096025
8335.25,0.00712272,-0.0054102
8335.5,0.006782985,-0.004686
8335.75,0.007019415,-0.00420462
8336,0.00610245,-0.003532605
8336.25,0.00639852,-0.002205615
8336.5,0.00649011,-0.00185523
8336.75,0.007079055,-0.0023856
8337,0.007754265,-0.00238347
8337.25,0.009667005,-0.003125775
8337.5,0.02272284,-0.004804215
8337.75,0.02176647,-0.00499272
8338,0.020777085,-0.00469239
8338.25,0.020932575,-0.00361035
8338.5,0.015686385,-0.003592245
8338.75,0.01660548,-0.003996945
8339,0.018466035,-0.00433242
8339.25,0.0198303,-0.00480102
8339.5,0.022566285,-0.0050694
8339.75,0.02233944,-0.005571015
8340,0.021929415,-0.00449004
8340.25,0.02143419,-0.00469026
8340.5,0.023103045,-0.003815895
8340.75,0.019558725,-0.003004365
8341,0.017656635,-0.00292236
8341.25,0.015692775,-0.00244311
8341.5,0.019426665,-0.003402675
8341.75,0.02015406,-0.003726435
8342,0.02065887,-0.00379353
8342.25,0.02165997,-0.004143915
8342.5,0.023627025,-0.00350811
8342.75,0.023352255,-0.00398736
8343,0.02371542,-0.00381696
8343.25,0.020751525,-0.003538995
8343.5,0.01938513,-0.003343035
8343.75,0.01825623,-0.003671055
8344,0.021727065,-0.003219495
8344.25,0.0221307,-0.003479355
8344.5,0.01858851,-0.0043239
8344.75,0.019897395,-0.00374667
8345,0.021861255,-0.004137525
8345.25,0.023113695,-0.004295145
8345.5,0.02146188,-0.00415137
8345.75,0.02293797,-0.00392985
8346,0.02193261,-0.004209945
8346.25,0.022210575,-0.00405765
8346.5,0.017846205,-0.002974545
8346.75,0.01915083,-0.003528345
8347,0.023017845,-0.00380418
8347.25,0.02189427,-0.00464127
8347.5,0.019307385,-0.00452838
8347.75,0.01283751,-0.00421314
8348,0.022708995,-0.00576804
8348.25,0.02039049,-0.00627285
8348.5,0.00971919,-0.00341226
8348.75,0.01039653,-0.003839325
8349,0.011091975,-0.00303951
8349.25,0.01047108,-0.002914905
8349.5,0.01024956,-0.00389577
8349.75,0.009204795,-0.00459867
8350,0.010457235,-0.00427278
8350.25,0.0094572,-0.00476268
8350.5,0.0100962,-0.00360609
8350.75,0.00925911,-0.00400014
8351,0.010073835,-0.00354006
8351.25,0.00976818,-0.004146045
8351.5,0.01183002,-0.002667825
8351.75,0.01000248,-0.00303312
8352,0.010150515,-0.0024282
8352.25,0.010097265,-0.002848875
8352.5,0.009087645,-0.00317157
8352.75,0.00884163,-0.00387873
8353,0.009087645,-0.0037914
8353.25,0.008060985,-0.004399515
8353.5,0.008797965,-0.005364405
8353.75,0.00978735,-0.00451347
8354,0.009799065,-0.004878765
8354.25,0.010101525,-0.00280947
8354.5,0.010274055,-0.002454825
8354.75,0.00988533,-0.002461215
8355,0.008923635,-0.002544285
8355.25,0.00922077,-0.002603925
8355.5,0.009358155,-0.002393055
8355.75,0.008729805,-0.00269232
8356,0.009270825,-0.00262842
8356.25,0.008548755,-0.001917
8356.5,0.00816216,-0.00327168
8356.75,0.008614785,-0.00302034
8357,0.007896975,-0.003161985
8357.25,0.005771235,-0.00353367
8357.5,0.00741879,-0.003460185
8357.75,0.007750005,-0.00367851
8358,0.007149345,-0.00312684
8358.25,0.00713763,-0.00264546
8358.5,0.007982175,-0.00192552
8358.75,0.006512475,-0.001903155
8359,0.005225955,-0.001977705
8359.25,0.01201746,-0.00308211
8359.5,0.0144627,-0.003994815
8359.75,0.018804705,-0.005877735
8360,0.01537647,-0.005132235
8360.25,0.024704805,-0.003826545
8360.5,0.03980118,-0.002714685
8360.75,0.04134117,-0.002514465
8361,0.045140025,-0.003700875
8361.25,0.062603895,-0.004427205
8361.5,0.05889024,-0.004218465
8361.75,0.060801915,-0.004508145
8362,0.07558305,-0.002101245
8362.25,0.080088,-0.00219816
8362.5,0.06923139,-0.00241968
8362.75,0.073443465,-0.00222798
8363,0.06310338,-0.003176895
8363.25,0.069085485,-0.00443679
8363.5,0.06172953,-0.004284495
8363.75,0.062667795,-0.00305655
8364,0.062927655,-0.003115125
8364.25,0.049576815,-0.004725405
8364.5,0.04842768,-0.00542085
8364.75,0.047866425,-0.00638148
8365,0.041646825,-0.00573396
8365.25,0.04343283,-0.00610458
8365.5,0.047725845,-0.006831975
8365.75,0.044924895,-0.005822355
8366,0.051491685,-0.00543363
8366.25,0.052066785,-0.006885225
8366.5,0.04601226,-0.00698427
8366.75,0.05284104,-0.00728034
8367,0.04668108,-0.007360215
8367.25,0.043572345,-0.006116295
8367.5,0.040262325,-0.007091835
8367.75,0.042145245,-0.00628776
8368,0.040189905,-0.006405975
8368.25,0.038586015,-0.005536935
8368.5,0.04395468,-0.00564237
8368.75,0.04363092,-0.00528453
8369,0.051097635,-0.00542298
8369.25,0.03837834,-0.00542937
8369.5,0.02488053,-0.00589371
8369.75,0.013339125,-0.00582129
8370,0.013006845,-0.00594057
8370.25,0.01132521,-0.00395541
8370.5,0.013541475,-0.003641235
8370.75,0.012174015,-0.00307998
8371,0.012122895,-0.003142815
8371.25,0.008007735,-0.003296175
8371.5,0.007115265,-0.003108735
8371.75,0.00762327,-0.00362952
8372,0.00666903,-0.004576305
8372.25,0.006516735,-0.00479676
8372.5,0.0073272,-0.00378288
8372.75,0.007517835,-0.003841455
8373,0.008303805,-0.00294579
8373.25,0.00919734,-0.002431395
8373.5,0.008674425,-0.00394263
8373.75,0.008876775,-0.004180125
8374,0.00922929,-0.0040257
8374.25,0.0079449,-0.003579465
8374.5,0.00768504,-0.004746705
8374.75,0.00764457,-0.00441123
8375,0.00821328,-0.003867015
8375.25,0.007436895,-0.00414072
8375.5,0.008178135,-0.002897865
8375.75,0.008979015,-0.001905285
8376,0.007475235,-0.002678475
8376.25,0.007140825,-0.003015015
8376.5,0.00705669,-0.00260925
8376.75,0.00703539,-0.00224928
8377,0.00650076,-0.003775425
8377.25,0.00656892,-0.00377436
8377.5,0.007858635,-0.003494265
8377.75,0.00744648,-0.00305442
8378,0.00781284,-0.00272853
8378.25,0.00844758,-0.002041605
8378.5,0.00810891,-0.002931945
8378.75,0.0075615,-0.002778585
8379,0.00715041,-0.002746635
8379.25,0.00692037,-0.002968155
8379.5,0.0067308,-0.003475095
8379.75,0.00672867,-0.00343143
8380,0.006838365,-0.00297774
8380.25,0.00726756,-0.00317583
8380.5,0.00703752,-0.001860555
8380.75,0.00739749,-0.00146118
8381,0.007074795,-0.00226632
8381.25,0.00611949,-0.002620965
8381.5,0.005530545,-0.002371755
8381.75,0.00518655,-0.0030033
8382,0.005061945,-0.003502785
8382.25,0.00493308,-0.00342717
8382.5,0.005583795,-0.00257943
8382.75,0.006041745,-0.00220242
8383,0.00535056,-0.001773225
8383.25,0.00493947,-0.001664595
8383.5,0.00557421,-0.00235365
8383.75,0.00563598,-0.00232596
8384,0.011581875,-0.00231318
8384.25,0.0155916,-0.00346551
8384.5,0.019283955,-0.00445809
8384.75,0.02365791,-0.006171675
8385,0.034766925,-0.007185555
8385.25,0.03156234,-0.00627285
8385.5,0.033819075,-0.006589155
8385.75,0.033736005,-0.00668181
8386,0.02923638,-0.00604068
8386.25,0.02851005,-0.00613653
8386.5,0.025331025,-0.005858565
8386.75,0.02694663,-0.006192975
8387,0.032144895,-0.00661791
8387.25,0.037612605,-0.005822355
8387.5,0.037231335,-0.00614292
8387.75,0.03994176,-0.00720153
8388,0.037710585,-0.007916145
8388.25,0.03610563,-0.00746778
8388.5,0.036232365,-0.006310125
8388.75,0.039512565,-0.006874575
8389,0.033738135,-0.00682665
8389.25,0.0332706,-0.00556569
8389.5,0.03769461,-0.00569562
8389.75,0.03754125,-0.00561255
8390,0.0454968,-0.005933115
8390.25,0.03923247,-0.00645177
8390.5,0.041014215,-0.006454965
8390.75,0.046068705,-0.00784479
8391,0.04755012,-0.00776172
8391.25,0.051008175,-0.008190915
8391.5,0.03782028,-0.00651354
8391.75,0.043086705,-0.006028965
8392,0.037308015,-0.00522702
8392.25,0.034319625,-0.007091835
8392.5,0.033169425,-0.00655614
8392.75,0.034570965,-0.006721215
8393,0.022251045,-0.00685434
8393.25,0.02225637,-0.006552945
8393.5,0.02049273,-0.006678615
8393.75,0.010220805,-0.003553905
8394,0.007709535,-0.003396285
8394.25,0.00771486,-0.00349533
8394.5,0.007628595,-0.00273279
8394.75,0.006327165,-0.00206823
8395,0.005709465,-0.00174234
8395.25,0.005964,-0.00152508
8395.5,0.006393195,-0.00150804
8395.75,0.007017285,-0.001751925
8396,0.00842202,-0.002444175
8396.25,0.008301675,-0.003068265
8396.5,0.007223895,-0.00368064
8396.75,0.00769143,-0.003941565
8397,0.008039685,-0.00401079
8397.25,0.008625435,-0.00266676
8397.5,0.00836664,-0.00327807
8397.75,0.00856047,-0.003230145
8398,0.00831552,-0.002280165
8398.25,0.009002445,-0.0020874
8398.5,0.007545525,-0.003053355
8398.75,0.007364475,-0.00464127
8399,0.006878835,-0.004418685
8399.25,0.00744222,-0.004435725
8399.5,0.007639245,-0.005232345
8399.75,0.008322975,-0.003907485
8400,0.007560435,-0.00297135
8400.25,0.00786609,-0.00259434
8400.5,0.00759984,-0.001975575
8400.75,0.00777237,-0.001962795
8401,0.00727608,-0.00375519
8401.25,0.00705882,-0.00496503
8401.5,0.00733572,-0.00468387
8401.75,0.00735915,-0.00482658
8402,0.007255845,-0.00412794
8402.25,0.007750005,-0.00344847
8402.5,0.007724445,-0.003460185
8402.75,0.007896975,-0.003040575
8403,0.00820476,-0.00226206
8403.25,0.007798995,-0.00245589
8403.5,0.007242,-0.00397245
8403.75,0.0068799,-0.004708365
8404,0.006821325,-0.00497568
8404.25,0.006889485,-0.00536334
8404.5,0.006450705,-0.003871275
8404.75,0.007272885,-0.00278178
8405,0.00739536,-0.003038445
8405.25,0.00639213,-0.00283929
8405.5,0.00641556,-0.00215343
8405.75,0.00575526,-0.0020874
8406,0.00556569,-0.00271575
8406.25,0.005809575,-0.00300756
8406.5,0.00521211,-0.00307359
8406.75,0.00484575,-0.00276474
8407,0.004742445,-0.00269658
8407.25,0.00553161,-0.002105505
8407.5,0.01032624,-0.003017145
8407.75,0.011496675,-0.003006495
8408,0.014536185,-0.002365365
8408.25,0.01431999,-0.0011502
8408.5,0.01677588,-0.001764705
8408.75,0.02420745,-0.002657175
8409,0.02545563,-0.003681705
8409.25,0.03032055,-0.005656215
8409.5,0.033667845,-0.00574887
8409.75,0.035942685,-0.00595974
8410,0.037998135,-0.005611485
8410.25,0.038688255,-0.005311155
8410.5,0.031141665,-0.005027865
8410.75,0.030935055,-0.005285595
8411,0.03498951,-0.005739285
8411.25,0.03453156,-0.0052398
8411.5,0.036696705,-0.00674571
8411.75,0.03620148,-0.0070929
8412,0.02911284,-0.00676062
8412.25,0.03809931,-0.005194005
8412.5,0.03836769,-0.005332455
8412.75,0.04167132,-0.00501189
8413,0.032981985,-0.00465831
8413.25,0.039403935,-0.004354785
8413.5,0.036511395,-0.00565302
8413.75,0.04637436,-0.005803185
8414,0.046628895,-0.00627072
8414.25,0.05083671,-0.00751038
8414.5,0.05146506,-0.00748269
8414.75,0.04789092,-0.00583194
8415,0.046449975,-0.006629625
8415.25,0.049751475,-0.00620469
8415.5,0.044232645,-0.00571266
8415.75,0.035241915,-0.006310125
8416,0.038015175,-0.0059001
8416.25,0.037710585,-0.006197235
8416.5,0.03488514,-0.00513756
8416.75,0.030423855,-0.00471369
8417,0.024368265,-0.004701975
8417.25,0.02517021,-0.006452835
8417.5,0.01796868,-0.004808475
8417.75,0.006955515,-0.001871205
8418,0.00652632,-0.002344065
8418.25,0.006478395,-0.001824345
8418.5,0.00665412,-0.00140154
8418.75,0.00612162,-0.00182541
8419,0.00626007,-0.00181689
8419.25,0.00712911,-0.00122049
8419.5,0.00748908,-0.001643295
8419.75,0.007920405,-0.001743405
8420,0.00867123,-0.00221946
8420.25,0.00847101,-0.00360609
8420.5,0.00772125,-0.00435159
8420.75,0.00758493,-0.00485427
8421,0.00816003,-0.004131135
8421.25,0.0086478,-0.002948985
8421.5,0.00902268,-0.002959635
8421.75,0.009513645,-0.00247719
8422,0.009187755,-0.00227697
8422.25,0.009123855,-0.00256239
8422.5,0.00841563,-0.004932015
8422.75,0.007583865,-0.00524619
8423,0.00796833,-0.004623165
8423.25,0.00751464,-0.00479676
8423.5,0.008559405,-0.00479463
8423.75,0.00951897,-0.002942595
8424,0.00882033,-0.002201355
8424.25,0.00931662,-0.002011785
8424.5,0.00800454,-0.00243459
8424.75,0.00784266,-0.003059745
8425,0.007754265,-0.00416415
8425.25,0.007462455,-0.004652985
8425.5,0.00785544,-0.005179095
8425.75,0.007939575,-0.00541872
8426,0.00830274,-0.00458376
8426.25,0.008838435,-0.00259221
8426.5,0.00940821,-0.002652915
8426.75,0.00869892,-0.0031524
8427,0.007879935,-0.00365295
8427.25,0.00850083,-0.00386169
8427.5,0.007534875,-0.004972485
8427.75,0.007511445,-0.00477972
8428,0.0070929,-0.004684935
8428.25,0.00755511,-0.003826545
8428.5,0.007281405,-0.00344421
8428.75,0.00803862,-0.00235791
8429,0.00874578,-0.002721075
8429.25,0.007385775,-0.00292875
8429.5,0.006563595,-0.002603925
8429.75,0.005543325,-0.00216621
8430,0.00573822,-0.00353793
8430.25,0.0061557,-0.00351237
8430.5,0.00597465,-0.00258156
8430.75,0.005954415,-0.0027477
8431,0.00697362,-0.003017145
8431.25,0.016367985,-0.00230892
8431.5,0.022136025,-0.0025347
8431.75,0.019974075,-0.00271575
8432,0.016578855,-0.0025134
8432.25,0.02305938,-0.00300756
8432.5,0.023673885,-0.00385104
8432.75,0.0348681,-0.0032802
8433,0.0417693,-0.0041322
8433.25,0.03788631,-0.0053889
8433.5,0.04255101,-0.00590436
8433.75,0.044924895,-0.006748905
8434,0.04676841,-0.00605772
8434.25,0.05409348,-0.007668
8434.5,0.046405245,-0.008039685
8434.75,0.05163333,-0.008003475
8435,0.05296032,-0.006970425
8435.25,0.05750148,-0.00836664
8435.5,0.055909305,-0.007847985
8435.75,0.05782098,-0.009807585
8436,0.057994575,-0.010263405
8436.25,0.05014872,-0.009824625
8436.5,0.0482658,-0.00923568
8436.75,0.042535035,-0.00858177
8437,0.029940345,-0.007865025
8437.25,0.034498545,-0.007545525
8437.5,0.03522381,-0.00698853
8437.75,0.033672105,-0.00748056
8438,0.02551101,-0.008587095
8438.25,0.02822037,-0.00973197
8438.5,0.02866341,-0.00900138
8438.75,0.023776125,-0.010542435
8439,0.01842876,-0.00824949
8439.25,0.016231665,-0.007884195
8439.5,0.015903645,-0.0072207
8439.75,0.01673754,-0.006663705
8440,0.019878225,-0.00684795
8440.25,0.020393685,-0.00670311
8440.5,0.019499085,-0.00657957
8440.75,0.02047569,-0.006961905
8441,0.019322295,-0.007159995
8441.25,0.01912314,-0.007111005
8441.5,0.018270075,-0.0065178
8441.75,0.017645985,-0.00587454
8442,0.01816251,-0.005926725
8442.25,0.0158898,-0.005873475
8442.5,0.0118215,-0.00520785
8442.75,0.010970565,-0.004880895
8443,0.00998544,-0.0053463
8443.25,0.011021685,-0.00498633
8443.5,0.00933792,-0.003928785
8443.75,0.00679896,-0.002676345
8444,0.00774255,-0.00322482
8444.25,0.0075615,-0.002503815
8444.5,0.008951325,-0.001704
8444.75,0.008135535,-0.00243459
8445,0.00863289,-0.002503815
8445.25,0.00836451,-0.0026625
8445.5,0.00698001,-0.004320705
8445.75,0.007300575,-0.00476694
8446,0.00710142,-0.00405978
8446.25,0.008112105,-0.00482445
8446.5,0.008587095,-0.00302673
8446.75,0.00931023,-0.001849905
8447,0.009338985,-0.00200859
8447.25,0.0097341,-0.002433525
8447.5,0.009466785,-0.00284142
8447.75,0.00945933,-0.00356349
8448,0.00806844,-0.004218465
8448.25,0.007581735,-0.00506088
8448.5,0.00732933,-0.005145015
8448.75,0.007417725,-0.005232345
8449,0.00833682,-0.004580565
8449.25,0.008670165,-0.0025347
8449.5,0.00944229,-0.002437785
8449.75,0.008938545,-0.00352515
8450,0.008642475,-0.00333984
8450.25,0.008510415,-0.003634845
8450.5,0.008401785,-0.0030459
8450.75,0.007988565,-0.002791365
8451,0.007652025,-0.002665695
8451.25,0.00800454,-0.0024069
8451.5,0.007937445,-0.00199155
8451.75,0.00893535,-0.00152508
8452,0.008659515,-0.001668855
8452.25,0.00820902,-0.002352585
8452.5,0.00740388,-0.00192126
8452.75,0.00758067,-0.0017892
8453,0.00765735,-0.002169405
8453.25,0.00644325,-0.00285846
8453.5,0.006139725,-0.0032163
8453.75,0.005796795,-0.0027477
8454,0.006561465,-0.002678475
8454.25,0.00738258,-0.00142923
8454.5,0.007115265,-0.001342965
8454.75,0.00733998,-0.001690155
8455,0.00630693,-0.00248571
8455.25,0.013038795,-0.003300435
8455.5,0.021522585,-0.0027903
8455.75,0.018159315,-0.002784975
8456,0.01351698,-0.00242394
8456.25,0.014691675,-0.00201072
8456.5,0.01589406,-0.002239695
8456.75,0.017948445,-0.002567715
8457,0.018259425,-0.00317796
8457.25,0.019665225,-0.003179025
8457.5,0.019269045,-0.002640135
8457.75,0.021075285,-0.001800915
8458,0.03056976,-0.002284425
8458.25,0.01502928,-0.001302495
8458.5,0.011605305,-0.00218964
8458.75,0.00442401,-0.00250914
8459,0.004917105,-0.002205615
8459.25,0.007140825,-0.00217473
8459.5,0.010139865,-0.003172635
8459.75,0.00985338,-0.00366573
8460,0.00934857,-0.00454542
8460.25,0.009387975,-0.00525045
8460.5,0.009247395,-0.00527388
8460.75,0.008427345,-0.00491391
8461,0.00897156,-0.00385956
8461.25,0.00865419,-0.003530475
8461.5,0.010591425,-0.003443145
8461.75,0.013119735,-0.004043805
8462,0.01658631,-0.006503955
8462.25,0.01497816,-0.006026835
8462.5,0.011675595,-0.00512265
8462.75,0.01023678,-0.004851075
8463,0.01012815,-0.00403422
8463.25,0.01683126,-0.004793565
8463.5,0.01569384,-0.00427278
8463.75,0.010457235,-0.0035571
8464,0.01119102,-0.00356349
8464.25,0.01071816,-0.003579465
8464.5,0.010291095,-0.00434094
8464.75,0.010876845,-0.00486918
8465,0.010009935,-0.0061344
8465.25,0.01099719,-0.005801055
8465.5,0.01068621,-0.005068335
8465.75,0.011916285,-0.004171605
8466,0.01355532,-0.00399801
8466.25,0.00814299,-0.002461215
8466.5,0.004216335,-0.00128013
8466.75,0.004020375,-0.002672085
8467,0.00386808,-0.002131065
8467.25,0.00381696,-0.00258156
8467.5,0.00435159,-0.00214065
8467.75,0.00430686,-0.002540025
8468,0.006282435,-0.001594305
8468.25,0.00607689,-0.001771095
8468.5,0.00653484,-0.001790265
8468.75,0.00520572,-0.002593275
8469,0.00442401,-0.004772265
8469.25,0.005055555,-0.003553905
8469.5,0.005145015,-0.004244025
8469.75,0.00667542,-0.003496395
8470,0.006518865,-0.00174447
8470.25,0.00654336,-0.001660335
8470.5,0.00615996,-0.00123114
8470.75,0.00599169,-0.00172317
8471,0.006192975,-0.002488905
8471.25,0.00557421,-0.002514465
8471.5,0.005862825,-0.00276687
8471.75,0.00595761,-0.002505945
8472,0.00513117,-0.003783945
8472.25,0.00513543,-0.00358266
8472.5,0.00504597,-0.002802015
8472.75,0.00499698,-0.00303525
8473,0.005741415,-0.00268593
8473.25,0.006305865,-0.001813695
8473.5,0.005747805,-0.00205971
8473.75,0.00566793,-0.00200646
8474,0.006356985,-0.002561325
8474.25,0.005438955,-0.00269658
8474.5,0.006086475,-0.00230253
8474.75,0.00584259,-0.00261564
8475,0.005818095,-0.003164115
8475.25,0.00580851,-0.002921295
8475.5,0.005485815,-0.002682735
8475.75,0.00527814,-0.002557065
8476,0.00524619,-0.002927685
8476.25,0.005155665,-0.002393055
8476.5,0.00473286,-0.00224289
8476.75,0.00514821,-0.002118285
8477,0.00549114,-0.001888245
8477.25,0.004981005,-0.001347225
8477.5,0.004844685,-0.001000035
8477.75,0.00397032,-0.001781745
8478,0.003626325,-0.00349746
8478.25,0.00348894,-0.00349959
8478.5,0.00330363,-0.003483615
8478.75,0.00329298,-0.003662535
8479,0.00431538,-0.001984095
8479.25,0.004048065,-0.00201072
8479.5,0.00461145,-0.00164223
8479.75,0.004782915,-0.00120132
8480,0.00385317,-0.00088182
8480.25,0.003583725,-0.001285455
8480.5,0.00352728,-0.001602825
8480.75,0.00383613,-0.00162945
8481,0.003619935,-0.003264225
8481.25,0.003185415,-0.003268485
8481.5,0.003803115,-0.003004365
8481.75,0.003798855,-0.00270723
8482,0.00448365,-0.00152508
8482.25,0.004978875,-0.000814725
8482.5,0.003068265,-0.00099258
8482.75,0.00279882,-0.001142745
8483,0.002282295,-0.001798785
8483.25,0.003677445,-0.00274131
8483.5,0.004158825,-0.002079945
8483.75,0.00385743,-0.002799885
8484,0.003973515,-0.001749795
8484.25,0.004361175,-0.001244985
8484.5,0.00414924,-0.00157407
8484.75,0.004354785,-0.00101388
8485,0.00335049,-0.001521885
8485.25,0.003161985,-0.001956405
8485.5,0.003340905,-0.00231318
8485.75,0.00372324,-0.001894635
8486,0.00341439,-0.00233235
8486.25,0.00423657,-0.001300365
8486.5,0.003515565,-0.0024495
8486.75,0.0037275,-0.002116155
8487,0.00354006,-0.002343
8487.25,0.003728565,-0.002039475
8487.5,0.00333132,-0.002222655
8487.75,0.00376371,-0.001602825
8488,0.003715785,-0.00202776
8488.25,0.00415776,-0.002020305
8488.5,0.00445383,-0.00143562
8488.75,0.004772265,-0.00149313
8489,0.005264295,-0.000985125
8489.25,0.00520146,-0.001558095
8489.5,0.005443215,-0.001176825
8489.75,0.00483723,-0.001917
8490,0.004559265,-0.00241329
8490.25,0.00457524,-0.002033085
8490.5,0.00431964,-0.002550675
8490.75,0.004352655,-0.002275905
8491,0.00467535,-0.002007525
8491.25,0.00532926,-0.00122475
8491.5,0.006970425,-0.00192552
8491.75,0.00762114,-0.002016045
8492,0.00634527,-0.00273918
8492.25,0.0057297,-0.004976745
8492.5,0.00571905,-0.0052824
8492.75,0.00644112,-0.006584895
8493,0.00625581,-0.002842485
8493.25,0.006369765,-0.002957505
8493.5,0.00680961,-0.001704
8493.75,0.006665835,-0.001645425
8494,0.006642405,-0.00140793
8494.25,0.006925695,-0.00158259
8494.5,0.00648372,-0.001704
8494.75,0.00646029,-0.00181476
8495,0.005918205,-0.00237708
8495.25,0.006427275,-0.001826475
8495.5,0.006327165,-0.002522985
8495.75,0.006559335,-0.002640135
8496,0.006171675,-0.002473995
8496.25,0.00601725,-0.0026625
8496.5,0.00557421,-0.00248145
8496.75,0.00543789,-0.002589015
8497,0.006129075,-0.002936205
8497.25,0.00551031,-0.00284142
8497.5,0.00627711,-0.00287763
8497.75,0.006054525,-0.002989455
8498,0.006687135,-0.0022152
8498.25,0.00654336,-0.00205332
8498.5,0.0069651,-0.001945755
8498.75,0.006704175,-0.00211935
8499,0.006207885,-0.002344065
8499.25,0.00580425,-0.003064005
8499.5,0.006024705,-0.002742375
8499.75,0.00584046,-0.003398415
8500,0.00539529,-0.003984165
8500.25,0.00544428,-0.004972485
8500.5,0.00615783,-0.00341652
8500.75,0.00513543,-0.003487875
8501,0.00659235,-0.001928715
8501.25,0.0061131,-0.001958535
8501.5,0.0059853,-0.00227271
8501.75,0.00472647,-0.002312115
8502,0.004461285,-0.00270084
8502.25,0.004861725,-0.002333415
8502.5,0.00412155,-0.00284142
8502.75,0.005196135,-0.001426035
8503,0.00509709,-0.00156342
8503.25,0.005081115,-0.00109695
8503.5,0.00495225,-0.001464375
8503.75,0.00444531,-0.00273918
8504,0.002846745,-0.003666795
8504.25,0.003108735,-0.003681705
8504.5,0.003294045,-0.003343035
8504.75,0.00385956,-0.00237069
8505,0.004697715,-0.00215556
8505.25,0.005032125,-0.0021087
8505.5,0.006035355,-0.00109908
8505.75,0.0058788,-0.00163584
8506,0.00638148,-0.000987255
8506.25,0.005394225,-0.001423905
8506.5,0.003977775,-0.001596435
8506.75,0.003466575,-0.0018531
8507,0.00356136,-0.002797755
8507.25,0.00424722,-0.00273705
8507.5,0.00424296,-0.003428235
8507.75,0.004090665,-0.00262203
8508,0.006431535,-0.001822215
8508.25,0.00603429,-0.001185345
8508.5,0.006239835,-0.001000035
8508.75,0.005598705,-0.00134829
8509,0.004719015,-0.00077106
8509.25,0.00472221,-0.001858425
8509.5,0.00508431,-0.00224928
8509.75,0.005438955,-0.0023004
8510,0.00490326,-0.002680605
8510.25,0.004612515,-0.00309915
8510.5,0.00403635,-0.00352302
8510.75,0.00508005,-0.00270297
8511,0.00465831,-0.00251766
8511.25,0.003960735,-0.001890375
8511.5,0.003583725,-0.000889275
8511.75,0.003700875,-0.0011928
8512,0.004244025,-0.000997905
8512.25,0.003826545,-0.002045865
8512.5,0.00402783,-0.00170826
8512.75,0.00386595,-0.00183393
8513,0.004158825,-0.002224785
8513.25,0.004201425,-0.001524015
8513.5,0.004414425,-0.001954275
8513.75,0.00507792,-0.00155064
8514,0.004271715,-0.0022791
8514.25,0.00467322,-0.002309985
8514.5,0.004591215,-0.00189144
8514.75,0.004246155,-0.001811565
8515,0.00460932,-0.00135468
8515.25,0.004167345,-0.001621995
8515.5,0.00432603,-0.00166566
8515.75,0.00529731,-0.00183393
8516,0.00574461,-0.002024565
8516.25,0.006782985,-0.00093081
8516.5,0.00615357,-0.00133764
8516.75,0.006540165,-0.00137172
8517,0.00617913,-0.00234513
8517.25,0.00596826,-0.002972415
8517.5,0.006161025,-0.003144945
8517.75,0.00587241,-0.003187545
8518,0.00626433,-0.00203841
8518.25,0.006318645,-0.001973445
8518.5,0.005515635,-0.00201711
8518.75,0.00665625,-0.00114381
8519,0.006474135,-0.00176364
8519.25,0.00641343,-0.001641165
8519.5,0.00685434,-0.00159324
8519.75,0.00589371,-0.003064005
8520,0.004819125,-0.003200325
8520.25,0.004985265,-0.00353367
8520.5,0.00442401,-0.003820155
8520.75,0.005089635,-0.002810535
8521,0.00582768,-0.001534665
8521.25,0.00582555,-0.001481415
8521.5,0.006491175,-0.00118854
8521.75,0.00660939,-0.001728495
8522,0.006173805,-0.00179772
8522.25,0.00617061,-0.002143845
8522.5,0.005530545,-0.002682735
8522.75,0.00521211,-0.003790335
8523,0.004893675,-0.003483615
8523.25,0.004657245,-0.004169475
8523.5,0.004621035,-0.00432816
8523.75,0.005494335,-0.00258582
8524,0.006201495,-0.00177003
8524.25,0.005596575,-0.001754055
8524.5,0.00559338,-0.001328055
8524.75,0.005304765,-0.00166779
8525,0.005264295,-0.00277965
8525.25,0.00473073,-0.001975575
8525.5,0.00369768,-0.002556
8525.75,0.00325251,-0.0038127
8526,0.00375519,-0.003668925
8526.25,0.00378288,-0.00338244
8526.5,0.012035565,-0.00408321
8526.75,0.01596435,-0.00349107
8527,0.01381092,-0.00305655
8527.25,0.01114842,-0.00304803
8527.5,0.01089921,-0.00273705
8527.75,0.011777835,-0.00333345
8528,0.008970495,-0.00274344
8528.25,0.009219705,-0.003066135
8528.5,0.01037523,-0.002676345
8528.75,0.009816105,-0.003534735
8529,0.01031133,-0.00377649
8529.25,0.01177038,-0.003575205
8529.5,0.01877595,-0.00416628
8529.75,0.01998792,-0.002929815
8530,0.019827105,-0.00224928
8530.25,0.0187014,-0.002780715
8530.5,0.01790904,-0.003494265
8530.75,0.01757676,-0.00315453
8531,0.020095485,-0.00376158
8531.25,0.021842085,-0.004212075
8531.5,0.02386239,-0.00433668
8531.75,0.023899665,-0.003994815
8532,0.022547115,-0.00333771
8532.25,0.023865585,-0.003006495
8532.5,0.02226276,-0.00281373
8532.75,0.01998366,-0.002851005
8533,0.01163406,-0.00306933
8533.25,0.01217082,-0.003658275
8533.5,0.01242429,-0.00507792
8533.75,0.01729347,-0.004346265
8534,0.017554395,-0.00443892
8534.25,0.018747195,-0.00371685
8534.5,0.019053915,-0.003649755
8534.75,0.016267875,-0.00338031
8535,0.0180837,-0.00449004
8535.25,0.01904646,-0.00497994
8535.5,0.018455385,-0.005110935
8535.75,0.01892079,-0.0052611
8536,0.016169895,-0.005551845
8536.25,0.01958748,-0.006949125
8536.5,0.021207345,-0.00819411
8536.75,0.01563633,-0.007262235
8537,0.016627845,-0.006491175
8537.25,0.010310265,-0.005828745
8537.5,0.004932015,-0.002919165
8537.75,0.004435725,-0.00344208
8538,0.004376085,-0.00267102
8538.25,0.00472008,-0.00312897
8538.5,0.003969255,-0.003681705
8538.75,0.004186515,-0.00269019
8539,0.00436011,-0.00256452
8539.25,0.0041322,-0.0025773
8539.5,0.00552309,-0.003272745
8539.75,0.00560829,-0.00566793
8540,0.00533352,-0.00552948
8540.25,0.00512052,-0.0053676
8540.5,0.005198265,-0.0053676
8540.75,0.00577656,-0.00393837
8541,0.00633462,-0.00365508
8541.25,0.00612162,-0.00435159
8541.5,0.005937375,-0.003794595
8541.75,0.00660087,-0.00434946
8542,0.00654762,-0.00392559
8542.25,0.00684156,-0.002953245
8542.5,0.005483685,-0.003639105
8542.75,0.00559125,-0.00456033
8543,0.005558235,-0.005183355
8543.25,0.005242995,-0.0047499
8543.5,0.00584685,-0.004056585
8543.75,0.005470905,-0.004111965
8544,0.00567432,-0.003040575
8544.25,0.005717985,-0.00301182
8544.5,0.005232345,-0.003741345
8544.75,0.005786145,-0.00362952
8545,0.00550818,-0.00297561
8545.25,0.00540381,-0.00311619
8545.5,0.006146115,-0.00266676
8545.75,0.00502893,-0.004629555
8546,0.00499059,-0.00476268
8546.25,0.005325,-0.004303665
8546.5,0.00510561,-0.004848945
8546.75,0.0057723,-0.00374667
8547,0.00564024,-0.002614575
8547.25,0.005451735,-0.003110865
8547.5,0.00550818,-0.003081045
8547.75,0.00564663,-0.00283929
8548,0.00518442,-0.002925555
8548.25,0.00542298,-0.00265185
8548.5,0.00486705,-0.00354858
8548.75,0.004535835,-0.004173735
8549,0.004733925,-0.004293015
8549.25,0.00478398,-0.00418332
8549.5,0.005332455,-0.00435159
8549.75,0.004791435,-0.002465475
8550,0.004412295,-0.0028968
8550.25,0.004182255,-0.002723205
8550.5,0.004373955,-0.00215769
8550.75,0.00512265,-0.00240477
8551,0.003922395,-0.00216408
8551.25,0.003943695,-0.00189783
8551.5,0.003317475,-0.00278391
8551.75,0.003074655,-0.002546415
8552,0.01577691,-0.002156625
8552.25,0.01975575,-0.00243672
8552.5,0.01607937,-0.001279065
8552.75,0.018642825,-0.001323795
8553,0.019809,-0.00192978
8553.25,0.02086548,-0.00178494
8553.5,0.021450165,-0.001615605
8553.75,0.02333415,-0.00236856
8554,0.023011455,-0.00185523
8554.25,0.021884685,-0.00219816
8554.5,0.019991115,-0.002516595
8554.75,0.022366065,-0.00280734
8555,0.02348964,-0.002635875
8555.25,0.02146188,-0.002177925
8555.5,0.004173735,-0.00206397
8555.75,0.003613545,-0.00206397
8556,0.00317157,-0.002237565
8556.25,0.00358479,-0.002065035
8556.5,0.00295005,-0.001732755
8556.75,0.003357945,-0.00209805
8557,0.003089565,-0.001630515
8557.25,0.00300756,-0.00192552
8557.5,0.003445275,-0.0020874
8557.75,0.00442827,-0.00197664
8558,0.00379566,-0.00163158
8558.25,0.004018245,-0.00146118
8558.5,0.004077885,-0.001087365
8558.75,0.005466645,-0.00130143
8559,0.00550392,-0.001321665
8559.25,0.005117325,-0.00159111
8559.5,0.004910715,-0.00109695
8559.75,0.004825515,-0.00162945
8560,0.004893675,-0.001396215
8560.25,0.0054741,-0.00110334
8560.5,0.00505449,-0.00157833
8560.75,0.004885155,-0.001875465
8561,0.004699845,-0.002367495
8561.25,0.004457025,-0.001688025
8561.5,0.004586955,-0.00150591
8561.75,0.00487131,-0.001268415
8562,0.00522702,-0.0011928
8562.25,0.004906455,-0.00193617
8562.5,0.004143915,-0.001869075
8562.75,0.00491391,-0.00108417
8563,0.00471582,-0.00129078
8563.25,0.00482871,-0.00106926
8563.5,0.00408534,-0.00214278
8563.75,0.00556356,-0.001930845
8564,0.00647733,-0.001764705
8564.25,0.005773365,-0.00217047
8564.5,0.00613014,-0.00205758
8564.75,0.005289855,-0.002761545
8565,0.006305865,-0.00250275
8565.25,0.006929955,-0.00119919
8565.5,0.00601938,-0.002429265
8565.75,0.006593415,-0.002165145
8566,0.00670098,-0.00171891
8566.25,0.00680748,-0.001930845
8566.5,0.006497565,-0.001739145
8566.75,0.00551457,-0.00328233
8567,0.006350595,-0.002742375
8567.25,0.00647307,-0.00348894
8567.5,0.006103515,-0.00464553
8567.75,0.006031095,-0.00430473
8568,0.00516738,-0.004075755
8568.25,0.006184455,-0.00288828
8568.5,0.006591285,-0.00169335
8568.75,0.005979975,-0.002410095
8569,0.005407005,-0.003172635
8569.25,0.006348465,-0.002075685
8569.5,0.0073059,-0.002137455
8569.75,0.00690333,-0.00241755
8570,0.006386805,-0.00246867
8570.25,0.005179095,-0.004214205
8570.5,0.00651354,-0.00347829
8570.75,0.00614505,-0.003573075
8571,0.005262165,-0.00424296
8571.25,0.00575739,-0.00371898
8571.5,0.00633036,-0.002331285
8571.75,0.0061557,-0.002344065
8572,0.005679645,-0.002748765
8572.25,0.005481555,-0.002667825
8572.5,0.00558912,-0.001964925
8572.75,0.00595122,-0.00176577
8573,0.005426175,-0.003072525
8573.25,0.00524406,-0.0044304
8573.5,0.00552309,-0.00329511
8573.75,0.00387021,-0.0042174
8574,0.003577335,-0.00378501
8574.25,0.00491391,-0.00179133
8574.5,0.00463914,-0.00122688
8574.75,0.00569775,-0.001504845
8575,0.00609819,-0.001820085
8575.25,0.00358266,-0.001117185
8575.5,0.003417585,-0.00082857
8575.75,0.00342504,-0.001195995
8576,0.00231318,-0.001251375
8576.25,0.00245802,-0.00211722
8576.5,0.004380345,-0.00227271
8576.75,0.00404913,-0.002980935
8577,0.00475842,-0.00336327
8577.25,0.005200395,-0.00209805
8577.5,0.00553587,-0.002407965
8577.75,0.007074795,-0.002616705
8578,0.007513575,-0.00282225
8578.25,0.00662217,-0.00232383
8578.5,0.005617875,-0.00175086
8578.75,0.00349533,-0.00214491
8579,0.003117255,-0.001662465
8579.25,0.003581595,-0.0010437
8579.5,0.003490005,-0.001423905
8579.75,0.00340374,-0.002265255
8580,0.003181155,-0.002978805
8580.25,0.00397458,-0.002631615
8580.5,0.00354858,-0.00271362
8580.75,0.00374241,-0.002904255
8581,0.003524085,-0.001368525
8581.25,0.0039192,-0.001144875
8581.5,0.005012955,-0.00087543
8581.75,0.005145015,-0.00222585
8582,0.005999145,-0.001702935
8582.25,0.006233445,-0.001545315
8582.5,0.00595761,-0.0012567
8582.75,0.00528879,-0.002145975
8583,0.004791435,-0.002341935
8583.25,0.00520146,-0.001558095
8583.5,0.0038979,-0.00129504
8583.75,0.00385743,-0.001543185
8584,0.003766905,-0.001604955
8584.25,0.00354858,-0.00218751
8584.5,0.003941565,-0.002182185
8584.75,0.00457311,-0.00093933
8585,0.005096025,-0.000942525
8585.25,0.004676415,-0.00102453
8585.5,0.004748835,-0.001658205
8585.75,0.00433029,-0.001462245
8586,0.004785045,-0.00084774
8586.25,0.005534805,-0.00109269
8586.5,0.004721145,-0.00139089
8586.75,0.00413646,-0.00192126
8587,0.00522276,-0.00090312
8587.25,0.004812735,-0.001174695
8587.5,0.00463488,-0.00265398
8587.75,0.00440697,-0.00410664
8588,0.00613227,-0.002748765
8588.25,0.00647946,-0.00318435
8588.5,0.00647307,-0.00337392
8588.75,0.00609393,-0.003340905
8589,0.007637115,-0.002414355
8589.25,0.007196205,-0.002546415
8589.5,0.007528485,-0.002540025
8589.75,0.00733572,-0.00323121
8590,0.0066456,-0.00405978
8590.25,0.008114235,-0.00198942
8590.5,0.007068405,-0.002378145
8590.75,0.006940605,-0.00183606
8591,0.00761475,-0.003596505
8591.25,0.006273915,-0.00537825
8591.5,0.00710355,-0.004512405
8591.75,0.006678615,-0.00473712
8592,0.00613227,-0.004623165
8592.25,0.006178065,-0.003986295
8592.5,0.006478395,-0.00228762
8592.75,0.006614715,-0.002139585
8593,0.00724626,-0.00194895
8593.25,0.006710565,-0.001866945
8593.5,0.00699279,-0.00279882
8593.75,0.00648585,-0.002327025
8594,0.00628776,-0.00265398
8594.25,0.00721857,-0.00207036
8594.5,0.00698001,-0.00286698
8594.75,0.00608328,-0.00348042
8595,0.006252615,-0.00322269
8595.25,0.00552735,-0.00299478
8595.5,0.007368735,-0.001244985
8595.75,0.008082285,-0.00192765
8596,0.0077106,-0.00253896
8596.25,0.00796407,-0.00197025
8596.5,0.00775959,-0.001498455
8596.75,0.007347435,-0.000823245
8597,0.006782985,-0.001210905
8597.25,0.006525255,-0.00234513
8597.5,0.00558486,-0.002540025
8597.75,0.005191875,-0.001879725
8598,0.0057084,-0.00214917
8598.25,0.00557421,-0.001543185
8598.5,0.00433455,-0.00188931
8598.75,0.00470304,-0.001511235
8599,0.004838295,-0.00101601
8599.25,0.006912915,-0.00160176
8599.5,0.007786215,-0.00186588
8599.75,0.006423015,-0.00204054
8600,0.00470517,-0.001496325
8600.25,0.00477333,-0.00180624
8600.5,0.004107705,-0.00256239
8600.75,0.00394902,-0.00341865
8601,0.005443215,-0.002508075
8601.25,0.005994885,-0.00152295
8601.5,0.0066882,-0.00152295
8601.75,0.00603003,-0.00211509
8602,0.006067305,-0.00229188
8602.25,0.00480315,-0.001466505
8602.5,0.004672155,-0.0011289
8602.75,0.004955445,-0.00154425
8603,0.005168445,-0.002887215
8603.25,0.0043878,-0.003507045
8603.5,0.006112035,-0.00294366
8603.75,0.00570414,-0.00254109
8604,0.004857465,-0.00315027
8604.25,0.00559338,-0.00269658
8604.5,0.005911815,-0.00163584
8604.75,0.004674285,-0.001421775
8605,0.00323547,-0.00155277
8605.25,0.003002235,-0.00168696
8605.5,0.00444105,-0.00175725
8605.75,0.004821255,-0.00128439
8606,0.004363305,-0.001994745
8606.25,0.00405339,-0.00311193
8606.5,0.00301821,-0.002537895
8606.75,0.00328659,-0.001911675
8607,0.00473499,-0.00129504
8607.25,0.003507045,-0.001285455
8607.5,0.002473995,-0.001670985
8607.75,0.002542155,-0.001379175
8608,0.00306933,-0.000801945
8608.25,0.003006495,-0.0013206
8608.5,0.00274983,-0.00142923
8608.75,0.00312258,-0.001078845
8609,0.00270084,-0.00141432
8609.25,0.002708295,-0.00157833
8609.5,0.00285207,-0.0016614
8609.75,0.002812665,-0.00213852
8610,0.003730695,-0.00125244
8610.25,0.00473499,-0.0008946
8610.5,0.00388512,-0.00162306
8610.75,0.00338457,-0.001462245
8611,0.00433455,-0.00089247
8611.25,0.00435372,-0.00099684
8611.5,0.00506088,-0.00142497
8611.75,0.00502467,-0.00190209
8612,0.005432565,-0.00218538
8612.25,0.00589584,-0.002165145
8612.5,0.005728635,-0.00209379
8612.75,0.006286695,-0.0019383
8613,0.006329295,-0.002235435
8613.25,0.006235575,-0.00146544
8613.5,0.006685005,-0.001319535
8613.75,0.007017285,-0.00142497
8614,0.00619191,-0.001694415
8614.25,0.005551845,-0.002250345
8614.5,0.004853205,-0.00272001
8614.75,0.00572544,-0.00239625
8615,0.00576165,-0.002275905
8615.25,0.005741415,-0.00253257
8615.5,0.00659661,-0.00250062
8615.75,0.00588945,-0.00196812
8616,0.00516738,-0.000965955
8616.25,0.005132235,-0.00090738
8616.5,0.004865985,-0.001108665
8616.75,0.005189745,-0.001715715
8617,0.00537399,-0.00201498
8617.25,0.00544641,-0.00173808
8617.5,0.00467961,-0.001677375
8617.75,0.0049842,-0.00263268
8618,0.00536121,-0.002708295
8618.25,0.0065604,-0.001754055
8618.5,0.005140755,-0.001381305
8618.75,0.00633888,-0.00167631
8619,0.005172705,-0.001590045
8619.25,0.004993785,-0.001773225
8619.5,0.00532713,-0.002062905
8619.75,0.004733925,-0.00222798
8620,0.00468174,-0.00210018
8620.25,0.004367565,-0.00276474
8620.5,0.003681705,-0.002667825
8620.75,0.00578508,-0.001604955
8621,0.005191875,-0.001195995
8621.25,0.00564237,-0.00157407
8621.5,0.004929885,-0.002158755
8621.75,0.00463062,-0.00172317
8622,0.00431325,-0.00129291
8622.25,0.00404913,-0.00150591
8622.5,0.00318861,-0.002401575
8622.75,0.003449535,-0.003042705
8623,0.00437502,-0.002335545
8623.25,0.004495365,-0.00164862
8623.5,0.0050481,-0.000953175
8623.75,0.004727535,-0.00177642
8624,0.003611415,-0.00202137
8624.25,0.00312471,-0.0017892
8624.5,0.00377436,-0.001404735
8624.75,0.003969255,-0.001249245
8625,0.004533705,-0.00126522
8625.25,0.00424722,-0.003215235
8625.5,0.004129005,-0.004280235
8625.75,0.004371825,-0.003815895
8626,0.004408035,-0.002333415
8626.25,0.00657531,-0.00203415
8626.5,0.003594375,-0.002488905
8626.75,0.003941565,-0.002461215
8627,0.00440271,-0.00248145
8627.25,0.0049842,-0.001803045
8627.5,0.0054102,-0.00160815
8627.75,0.00542937,-0.003198195
8628,0.005051295,-0.003262095
8628.25,0.00563598,-0.00280308
8628.5,0.004865985,-0.00270723
8628.75,0.004710495,-0.002667825
8629,0.003916005,-0.00220881
8629.25,0.003720045,-0.00284781
8629.5,0.00562746,-0.001969185
8629.75,0.005686035,-0.00213213
8630,0.00591927,-0.0015336
8630.25,0.00593631,-0.00104796
8630.5,0.006188715,-0.001406865
8630.75,0.00547836,-0.00169761
8631,0.005798925,-0.001334445
8631.25,0.00592353,-0.001029855
8631.5,0.004297275,-0.001566615
8631.75,0.004267455,-0.002565585
8632,0.004137525,-0.002580495
8632.25,0.00465618,-0.002184315
8632.5,0.00475842,-0.001183215
8632.75,0.00564663,-0.001110795
8633,0.00421527,-0.001091625
8633.25,0.004427205,-0.001713585
8633.5,0.005443215,-0.001040505
8633.75,0.0049629,-0.000880755
8634,0.005204655,-0.00127161
8634.25,0.004842555,-0.001541055
8634.5,0.004371825,-0.00203628
8634.75,0.004576305,-0.002442045
8635,0.004772265,-0.00225993
8635.25,0.004412295,-0.002638005
8635.5,0.0043665,-0.003419715
8635.75,0.005377185,-0.00386595
8636,0.007047105,-0.001986225
8636.25,0.0078384,-0.00169548
8636.5,0.00720579,-0.002160885
8636.75,0.00676701,-0.003334515
8637,0.007632855,-0.002584755
8637.25,0.007662675,-0.00205545
8637.5,0.0073059,-0.002222655
8637.75,0.00753594,-0.001796655
8638,0.00652206,-0.004052325
8638.25,0.00613014,-0.00500337
8638.5,0.00569988,-0.004135395
8638.75,0.006197235,-0.00389577
8639,0.006546555,-0.00355284
8639.25,0.007415595,-0.002088465
8639.5,0.006900135,-0.00388512
8639.75,0.007064145,-0.003036315
8640,0.006687135,-0.001952145
8640.25,0.006972555,-0.00205545
8640.5,0.005937375,-0.002914905
8640.75,0.00591075,-0.00312684
8641,0.00633675,-0.004101315
8641.25,0.00611097,-0.00380631
8641.5,0.0057723,-0.00440484
8641.75,0.00558699,-0.00454755
8642,0.00633675,-0.00358692
8642.25,0.006880965,-0.00191061
8642.5,0.00737406,-0.00227271
8642.75,0.006759555,-0.002301465
8643,0.00588732,-0.001662465
8643.25,0.00637935,-0.00212574
8643.5,0.007181295,-0.00153786
8643.75,0.006800025,-0.0014484
8644,0.00604494,-0.00233448
8644.25,0.004759485,-0.00306294
8644.5,0.00535056,-0.002966025
8644.75,0.005560365,-0.002942595
8645,0.006282435,-0.002427135
8645.25,0.006469875,-0.002052255
8645.5,0.005658345,-0.002550675
8645.75,0.004610385,-0.00209592
8646,0.00585324,-0.001221555
8646.25,0.00517164,-0.00168057
8646.5,0.005285595,-0.001824345
8646.75,0.0049842,-0.002197095
8647,0.00412368,-0.003091695
8647.25,0.00470943,-0.00256452
8647.5,0.00541659,-0.00235365
8647.75,0.00466044,-0.003093825
8648,0.003083175,-0.002812665
8648.25,0.0040683,-0.001613475
8648.5,0.003950085,-0.00173169
8648.75,0.00424722,-0.001183215
8649,0.00552735,-0.00093933
8649.25,0.005106675,-0.001653945
8649.5,0.00586389,-0.00225141
8649.75,0.0056019,-0.0021726
8650,0.00614931,-0.0014271
8650.25,0.005649825,-0.001183215
8650.5,0.003281265,-0.00237282
8650.75,0.003300435,-0.00301182
8651,0.00374241,-0.00197025
8651.25,0.005381445,-0.001485675
8651.5,0.006092865,-0.000874365
8651.75,0.006118425,-0.00128226
8652,0.00444531,-0.00158259
8652.25,0.005694555,-0.00113955
8652.5,0.00560829,-0.00092655
8652.75,0.005766975,-0.000895665
8653,0.004721145,-0.001683765
8653.25,0.004397385,-0.001479285
8653.5,0.0057936,-0.00167418
8653.75,0.006384675,-0.001685895
8654,0.00607689,-0.0023856
8654.25,0.0050055,-0.003136425
8654.5,0.004710495,-0.00388086
8654.75,0.005304765,-0.003106605
8655,0.005722245,-0.0012993
8655.25,0.006478395,-0.00094146
8655.5,0.00500124,-0.001685895
8655.75,0.004746705,-0.002152365
8656,0.004821255,-0.002056515
8656.25,0.005500725,-0.001545315
8656.5,0.005208915,-0.001153395
8656.75,0.005349495,-0.00227484
8657,0.00498633,-0.00288189
8657.25,0.00501615,-0.00330363
8657.5,0.005524155,-0.002537895
8657.75,0.00640491,-0.00226206
8658,0.004953315,-0.00288189
8658.25,0.004563525,-0.001969185
8658.5,0.00437076,-0.001115055
8658.75,0.004559265,-0.00104796
8659,0.005274945,-0.001093755
8659.25,0.0046434,-0.00151656
8659.5,0.005830875,-0.00182328
8659.75,0.0074976,-0.001274805
8660,0.00719514,-0.001604955
8660.25,0.006263265,-0.003138555
8660.5,0.005805315,-0.002680605
8660.75,0.006580635,-0.0025347
8661,0.00691398,-0.002814795
8661.25,0.007737225,-0.002173665
8661.5,0.007321875,-0.0020448
8661.75,0.00670737,-0.002853135
8662,0.006819195,-0.002635875
8662.25,0.00718236,-0.00267741
8662.5,0.00772338,-0.00197025
8662.75,0.00743583,-0.002075685
8663,0.006374025,-0.00294366
8663.25,0.00601299,-0.00456246
8663.5,0.00597678,-0.00520998
8663.75,0.006540165,-0.004397385
8664,0.00623664,-0.003685965
8664.25,0.006099255,-0.003843585
8664.5,0.005717985,-0.003694485
8664.75,0.006088605,-0.00269445
8665,0.00661578,-0.001594305
8665.25,0.00629628,-0.00189783
8665.5,0.006932085,-0.00204906
8665.75,0.006508215,-0.002942595
8666,0.00605133,-0.003605025
8666.25,0.006388935,-0.00395328
8666.5,0.006489045,-0.0035784
8666.75,0.00652206,-0.003762645
8667,0.005909685,-0.00329085
8667.25,0.006578505,-0.003098085
8667.5,0.005928855,-0.003500655
8667.75,0.006376155,-0.0031098
8668,0.00636444,-0.002041605
8668.25,0.006039615,-0.00276687
8668.5,0.005609355,-0.00338031
8668.75,0.00543363,-0.003161985
8669,0.00647307,-0.003941565
8669.25,0.00641982,-0.0043026
8669.5,0.004697715,-0.00258582
8669.75,0.003852105,-0.004018245
8670,0.00421101,-0.00383613
8670.25,0.005532675,-0.00256452
8670.5,0.005530545,-0.002280165
8670.75,0.00546558,-0.001964925
8671,0.005447475,-0.001573005
8671.25,0.004333485,-0.003159855
8671.5,0.00480315,-0.003112995
8671.75,0.00503745,-0.002367495
8672,0.002821185,-0.001781745
8672.25,0.003151335,-0.00197877
8672.5,0.00395754,-0.002388795
8672.75,0.003492135,-0.00325038
8673,0.00446661,-0.002282295
8673.25,0.00666051,-0.001487805
8673.5,0.00567858,-0.001664595
8673.75,0.006065175,-0.00110973
8674,0.005458125,-0.001647555
8674.25,0.005607225,-0.00165288
8674.5,0.00363165,-0.00159324
8674.75,0.004878765,-0.00081579
8675,0.00526749,-0.00142071
8675.25,0.004327095,-0.00230679
8675.5,0.004497495,-0.0027477
8675.75,0.00583833,-0.00340587
8676,0.00586389,-0.00239412
8676.25,0.00590436,-0.001521885
8676.5,0.004361175,-0.002145975
8676.75,0.004667895,-0.001815825
8677,0.003700875,-0.001291845
8677.25,0.004293015,-0.00095424
8677.5,0.004627425,-0.00160602
8677.75,0.00542298,-0.001198125
8678,0.005083245,-0.001370655
8678.25,0.00438354,-0.001715715
8678.5,0.004388865,-0.001419645
8678.75,0.004934145,-0.00127587
8679,0.004312185,-0.001636905
8679.25,0.004031025,-0.002297205
8679.5,0.00309702,-0.0031098
8679.75,0.003234405,-0.003159855
8680,0.00424509,-0.0013632
8680.25,0.00470304,-0.001025595
8680.5,0.004416555,-0.00157833
8680.75,0.00439419,-0.001464375
8681,0.00538251,-0.00166566
8681.25,0.00627072,-0.000965955
8681.5,0.006171675,-0.00130782
8681.75,0.00452838,-0.00202776
8682,0.004674285,-0.00174447
8682.25,0.00451134,-0.00283716
8682.5,0.006143985,-0.003112995
8682.75,0.00793212,-0.003941565
8683,0.007419855,-0.004446375
8683.25,0.00692037,-0.005127975
8683.5,0.0085413,-0.003734955
8683.75,0.00902481,-0.002280165
8684,0.00882885,-0.002676345
8684.25,0.007573215,-0.003364335
8684.5,0.007622205,-0.003441015
8684.75,0.00756363,-0.00365295
8685,0.0085626,-0.002516595
8685.25,0.00742518,-0.002846745
8685.5,0.00590436,-0.00454329
8685.75,0.005907555,-0.004686
8686,0.005545455,-0.004642335
8686.25,0.00641556,-0.00366999
8686.5,0.0071355,-0.001809435
8686.75,0.006408105,-0.00239838
8687,0.006054525,-0.00343995
8687.25,0.006529515,-0.0028116
8687.5,0.006685005,-0.003462315
8687.75,0.00713976,-0.002648655
8688,0.006582765,-0.002060775
8688.25,0.00528879,-0.00411942
8688.5,0.00486279,-0.004248285
8688.75,0.00504597,-0.00403848
8689,0.005920335,-0.00407682
8689.25,0.006256875,-0.002450565
8689.5,0.00635805,-0.002393055
8689.75,0.00602577,-0.003707265
8690,0.00595761,-0.00369768
8690.25,0.00689481,-0.002893605
8690.5,0.00651141,-0.002571975
8690.75,0.006497565,-0.00322056
8691,0.005096025,-0.004791435
8691.25,0.00490965,-0.00533139
8691.5,0.00556356,-0.004261065
8691.75,0.0054954,-0.00374241
8692,0.005630655,-0.003841455
8692.25,0.005566755,-0.00377649
8692.5,0.005779755,-0.003509175
8692.75,0.00583407,-0.00223224
8693,0.00620256,-0.00198303
8693.25,0.00672228,-0.00210231
8693.5,0.0064539,-0.0030246
8693.75,0.003930915,-0.003737085
8694,0.00356775,-0.00408534
8694.25,0.00421527,-0.00277539
8694.5,0.004237635,-0.00284994
8694.75,0.004173735,-0.001764705
8695,0.003553905,-0.00173595
8695.25,0.003277005,-0.001479285
8695.5,0.002948985,-0.001532535
8695.75,0.004003335,-0.00139302
8696,0.00325677,-0.000804075
8696.25,0.002904255,-0.001264155
8696.5,0.002584755,-0.001532535
8696.75,0.002356845,-0.001534665
8697,0.002880825,-0.00207036
8697.25,0.003242925,-0.001651815
8697.5,0.003688095,-0.001321665
8697.75,0.003313215,-0.001547445
8698,0.003059745,-0.001852035
8698.25,0.00326316,-0.00231957
8698.5,0.00316092,-0.00105435
8698.75,0.003091695,-0.001357875
8699,0.003232275,-0.00189144
8699.25,0.00286911,-0.00258582
8699.5,0.002897865,-0.003445275
8699.75,0.003161985,-0.00333984
8700,0.00373602,-0.00282012
8700.25,0.00399801,-0.00164223
8700.5,0.003340905,-0.002062905
8700.75,0.00337818,-0.002250345
8701,0.00280734,-0.00228336
8701.25,0.003283395,-0.00231957
8701.5,0.00459015,-0.001408995
8701.75,0.00667116,-0.002503815
8702,0.00767226,-0.00362739
8702.25,0.005585925,-0.00327381
8702.5,0.004765875,-0.004058715
8702.75,0.005907555,-0.00315879
8703,0.005741415,-0.00297774
8703.25,0.005541195,-0.00291597
8703.5,0.005253645,-0.00227271
8703.75,0.005027865,-0.00245589
8704,0.00489687,-0.00262203
8704.25,0.006175935,-0.001368525
8704.5,0.00620256,-0.00153147
8704.75,0.006171675,-0.00144201
8705,0.006205755,-0.001670985
8705.25,0.005251515,-0.001969185
8705.5,0.00504384,-0.001624125
8705.75,0.005125845,-0.001756185
8706,0.00501615,-0.002399445
8706.25,0.005421915,-0.00216195
8706.5,0.004831905,-0.002180055
8706.75,0.0050694,-0.002133195
8707,0.005492205,-0.0018744
8707.25,0.005528415,-0.001696545
8707.5,0.006276045,-0.001170435
8707.75,0.006682875,-0.00152721
8708,0.007568955,-0.002399445
8708.25,0.007886325,-0.00237708
8708.5,0.008099325,-0.002263125
8708.75,0.00757215,-0.00205545
8709,0.00752103,-0.002929815
8709.25,0.006932085,-0.003215235
8709.5,0.006927825,-0.003428235
8709.75,0.00751677,-0.00333984
8710,0.008182395,-0.002047995
8710.25,0.007977915,-0.001660335
8710.5,0.006748905,-0.002691255
8710.75,0.007115265,-0.00287976
8711,0.007960875,-0.0026412
8711.25,0.007652025,-0.00227697
8711.5,0.008423085,-0.002733855
8711.75,0.00765096,-0.0047499
8712,0.006540165,-0.00502254
8712.25,0.00609393,-0.003903225
8712.5,0.00677979,-0.002642265
8712.75,0.006529515,-0.002951115
8713,0.00748482,-0.00196812
8713.25,0.007140825,-0.002723205
8713.5,0.00693102,-0.00320139
8713.75,0.007771305,-0.00285633
8714,0.00771912,-0.002082075
8714.25,0.007903365,-0.00269232
8714.5,0.0078384,-0.00329937
8714.75,0.006983205,-0.00475629
8715,0.006290955,-0.00494799
8715.25,0.00679044,-0.003534735
8715.5,0.006953385,-0.00305655
8715.75,0.00658809,-0.00346977
8716,0.00696723,-0.00380418
8716.25,0.0071994,-0.00365295
8716.5,0.006736125,-0.0029394
8716.75,0.006804285,-0.002718945
8717,0.007451805,-0.002819055
8717.25,0.006789375,-0.00377223
8717.5,0.005492205,-0.00481167
8717.75,0.004670025,-0.004665765
8718,0.005419785,-0.003952215
8718.25,0.00571053,-0.00435585
8718.5,0.00555291,-0.003238665
8718.75,0.00540381,-0.002508075
8719,0.004904325,-0.002135325
8719.25,0.00413007,-0.001792395
8719.5,0.004529445,-0.001296105
8719.75,0.00482232,-0.00190635
8720,0.003436755,-0.002003265
8720.25,0.003051225,-0.00278817
8720.5,0.002993715,-0.002531505
8720.75,0.003064005,-0.00239199
8721,0.003191805,-0.00286911
8721.25,0.00290532,-0.003421845
8721.5,0.00343143,-0.00254109
8721.75,0.003879795,-0.00181689
8722,0.00387873,-0.001941495
8722.25,0.003907485,-0.00215343
8722.5,0.002902125,-0.00204906
8722.75,0.002942595,-0.00234726
8723,0.003485745,-0.00187866
8723.25,0.003696615,-0.00130569
8723.5,0.004097055,-0.002395185
8723.75,0.003671055,-0.00347403
8724,0.003400545,-0.003304695
8724.25,0.004169475,-0.002923425
8724.5,0.004082145,-0.002450565
8724.75,0.004278105,-0.002114025
8725,0.00355497,-0.001928715
8725.25,0.003496395,-0.002444175
8725.5,0.004946925,-0.00193617
8725.75,0.00577869,-0.001609215
8726,0.005455995,-0.001898895
8726.25,0.005417655,-0.00201711
8726.5,0.005251515,-0.00304377
8726.75,0.00571692,-0.00197664
8727,0.00503958,-0.001636905
8727.25,0.005127975,-0.00113955
8727.5,0.004452765,-0.00168696
8727.75,0.00411303,-0.00270936
8728,0.004457025,-0.00276687
8728.25,0.00524193,-0.00167844
8728.5,0.005566755,-0.001342965
8728.75,0.005187615,-0.00151443
8729,0.00394476,-0.002527245
8729.25,0.00406617,-0.002544285
8729.5,0.004171605,-0.002096985
8729.75,0.004373955,-0.00203841
8730,0.004778655,-0.001820085
8730.25,0.00458802,-0.001730625
8730.5,0.004429335,-0.002043735
8730.75,0.00485001,-0.001464375
8731,0.00476268,-0.001259895
8731.25,0.00491604,-0.00089673
8731.5,0.004697715,-0.00134829
8731.75,0.00497568,-0.001749795
8732,0.0060492,-0.002124675
8732.25,0.00703752,-0.00137598
8732.5,0.00712485,-0.001692285
8732.75,0.006861795,-0.0013845
8733,0.00587241,-0.003023535
8733.25,0.00576165,-0.00271149
8733.5,0.00652206,-0.002505945
8733.75,0.006331425,-0.002395185
8734,0.006124815,-0.002420745
8734.25,0.0062196,-0.0023217
8734.5,0.006082215,-0.00189357
8734.75,0.00657105,-0.001630515
8735,0.0070077,-0.001472895
8735.25,0.006431535,-0.00209379
8735.5,0.00671589,-0.00232809
8735.75,0.006024705,-0.003181155
8736,0.006073695,-0.00261564
8736.25,0.006171675,-0.00272853
8736.5,0.005447475,-0.003242925
8736.75,0.005741415,-0.003460185
8737,0.00496929,-0.00538038
8737.25,0.005613615,-0.003907485
8737.5,0.00640917,-0.003681705
8737.75,0.00689481,-0.00209592
8738,0.00698001,-0.002495295
8738.25,0.00643899,-0.002488905
8738.5,0.006450705,-0.002919165
8738.75,0.006527385,-0.00342291
8739,0.006870315,-0.002016045
8739.25,0.00614718,-0.00233661
8739.5,0.0059001,-0.00448365
8739.75,0.00514608,-0.004239765
8740,0.00512052,-0.00417906
8740.25,0.005911815,-0.00313962
8740.5,0.00612162,-0.00183819
8740.75,0.00544215,-0.00306081
8741,0.006248355,-0.002789235
8741.25,0.005607225,-0.003010755
8741.5,0.00627711,-0.002011785
8741.75,0.00549327,-0.001268415
8742,0.004968225,-0.00257304
8742.25,0.00444318,-0.00265611
8742.5,0.003419715,-0.003428235
8742.75,0.004022505,-0.002870175
8743,0.00348255,-0.002020305
8743.25,0.003617805,-0.002548545
8743.5,0.003615675,-0.00208101
8743.75,0.003564555,-0.001864815
8744,0.002597535,-0.001391955
8744.25,0.002793495,-0.000940395
8744.5,0.0027903,-0.00154212
8744.75,0.00289041,-0.002482515
8745,0.002912775,-0.00243672
8745.25,0.00301608,-0.002182185
8745.5,0.003372855,-0.00217047
8745.75,0.00295857,-0.003313215
8746,0.00261138,-0.00430047
8746.25,0.002691255,-0.00364656
8746.5,0.00231318,-0.00294153
8746.75,0.00246867,-0.00103731
8747,0.002740245,-0.001734885
8747.25,0.00271788,-0.00215343
8747.5,0.003025665,-0.002114025
8747.75,0.00385317,-0.00143775
8748,0.003679575,-0.001419645
8748.25,0.003901095,-0.00161454
8748.5,0.003775425,-0.00164862
8748.75,0.003832935,-0.00250062
8749,0.003711525,-0.00126096
8749.25,0.003556035,-0.001479285
8749.5,0.004893675,-0.001123575
8749.75,0.004893675,-0.001715715
8750,0.0045156,-0.002461215
8750.25,0.004141785,-0.00395328
8750.5,0.004092795,-0.00306507
8750.75,0.004175865,-0.00231531
8751,0.00484575,-0.002133195
8751.25,0.00483936,-0.00170826
8751.5,0.00403635,-0.001293975
8751.75,0.00344208,-0.002188575
8752,0.003813765,-0.001909545
8752.25,0.00415776,-0.00228549
8752.5,0.00501828,-0.001176825
8752.75,0.004904325,-0.00160389
8753,0.005426175,-0.001345095
8753.25,0.00456459,-0.00237495
8753.5,0.005247255,-0.00207888
8753.75,0.005017215,-0.00221307
8754,0.005387835,-0.001447335
8754.25,0.00500763,-0.00182115
8754.5,0.003809505,-0.002961765
8754.75,0.003749865,-0.002791365
8755,0.003728565,-0.00272427
8755.25,0.00469878,-0.00148461
8755.5,0.00510348,-0.00108417
8755.75,0.00520146,-0.00110547
8756,0.007215375,-0.00141432
8756.25,0.00648159,-0.00252618
8756.5,0.00658383,-0.002552805
8756.75,0.00658383,-0.002880825
8757,0.00796407,-0.0019809
8757.25,0.007415595,-0.002254605
8757.5,0.007375125,-0.002844615
8757.75,0.00649011,-0.00371259
8758,0.006112035,-0.0045156
8758.25,0.0065817,-0.004354785
8758.5,0.00660513,-0.002897865
8758.75,0.005830875,-0.003321735
8759,0.007234545,-0.00211083
8759.25,0.00676062,-0.00358479
8759.5,0.00682452,-0.00360822
8759.75,0.00750612,-0.00318861
